0.042264966612182014 0.06833963322898616
0.04180105524213334 0.06859175180611403
0.04203628489702213 0.0681927281877269
0.041613841308205106 0.06809148581131645
0.04080143935857265 0.06755798682570457
0.040607801010090164 0.0678944586087828
0.0403045960285557 0.06796879029792288
0.039888733134763994 0.06759192405835442
0.040287892947473175 0.06793711480239163
0.039934795576988195 0.06796011992770692
0.03937793009710021 0.06731583145649536
0.039033630363098 0.06773366325575372
0.03926628234425211 0.06716033330430156
0.038574934702336305 0.06764118405787842
0.038712252855179756 0.06741412259314371
0.038283697079594545 0.06740536346383717
0.037993083215825924 0.06719777554921481
0.03763295919066522 0.06753680190962294
0.03762515735759483 0.06720972271717113
0.03753028816081644 0.06706724898970645
0.03712670233978973 0.06761121474530386
0.03683195116255826 0.06702476723686508
0.03650015048924985 0.06725486286956331
0.035978640830977175 0.0668403253607128
0.03588618746981388 0.06740930741247923
0.035690152063602355 0.06700251413428265
0.03559676501748523 0.06749925697627275
0.03525267362715752 0.06805279089704803
0.034694486547534056 0.06704923267597737
0.03450944314036912 0.06734835324080093
0.034072873674757115 0.0675591376164685
0.03442937337104383 0.06756596915099931
0.034149400193274504 0.06786931873015735
0.033426770228680555 0.06740908373309218
0.03342031009071242 0.0674032544636208
0.03295110514372345 0.06695542840853981
0.033075821623811875 0.06731813336196153
0.032458454097916443 0.06771694528667824
0.03220862928565925 0.06745007941904275
0.0321247743488085 0.06708837478705075
0.03206326623212516 0.06735605033843414
0.03181575688465339 0.06778053307662839
0.03172620634237925 0.06743844096427379
0.031113947779545938 0.0675840910686099
0.030888244782279178 0.0673455604068611
0.03114457077127162 0.06761407333871593
0.030612826529072552 0.06779838450576949
0.03061919548828912 0.06831835145535677
0.030228971874689668 0.06848035979530086
0.03004029017638385 0.06753325251781422
0.0300467544182287 0.06849464174845944
0.029201217071433378 0.06745647962974466
0.02893234433500263 0.06808489220945732
0.029115502957284937 0.06848711941553198
0.029111632274660636 0.06773016277862631
0.028716943764347372 0.06809004801123039
0.028163587992511143 0.06758336593275485
