pottedplant 260 442 308 498
pottedplant 303 442 346 494
pottedplant 341 414 375 478
pottedplant 319 300 375 419
pottedplant 304 196 368 260
bottle 229 174 243 226
bottle 214 172 229 227
bottle 187 173 201 226
bottle 174 177 190 227
bottle 157 177 172 228
bottle 137 184 154 229
bottle 152 245 167 297
bottle 138 245 154 297
bottle 122 245 135 297
bottle 111 252 129 298
bottle 96 245 110 297
bottle 85 248 100 299
bottle 65 250 81 299
bottle 35 251 51 299
bottle 23 251 37 296
bottle 106 244 118 295
