bottle 0.8279834985733032 6.284453392028809 9.552480697631836 122.02017211914062 105.59395599365234
bottle 0.7907392382621765 404.8310546875 4.722049236297607 473.0 62.40627670288086
bottle 0.6856446266174316 386.2604675292969 47.42141342163086 468.2593994140625 105.13507843017578
bottle 0.631622850894928 338.1600341796875 13.710616111755371 402.6983642578125 74.32221984863281
bottle 0.6189776659011841 49.715980529785156 253.6900634765625 106.32499694824219 364.7257385253906
bottle 0.5111590027809143 26.07285499572754 264.27069091796875 87.51359558105469 376.91802978515625
bottle 0.297475129365921 289.7108154296875 42.001949310302734 367.6745300292969 106.63182830810547
bottle 0.29615941643714905 12.473358154296875 440.5849304199219 115.56573486328125 499.9485778808594
bottle 0.2866266965866089 202.4304962158203 24.042190551757812 287.4841003417969 109.396728515625
bottle 0.2777450382709503 6.91106653213501 277.8755798339844 66.36356353759766 385.8279113769531
bottle 0.264582097530365 111.53479766845703 263.1941833496094 309.3801574707031 495.5121154785156
diningtable 0.24259094893932343 1.3953232765197754 0.0 473.0 500.0
bottle 0.21063794195652008 113.4463119506836 21.83786964416504 196.22286987304688 103.71027374267578
bottle 0.19649668037891388 371.95892333984375 4.101788520812988 471.3512878417969 111.88256072998047
bottle 0.1282375007867813 385.786376953125 414.652099609375 448.05340576171875 499.4927062988281
diningtable 0.11465540528297424 4.4590044021606445 349.8197937011719 473.0 495.99285888671875
bottle 0.09560694545507431 11.206323623657227 21.300962448120117 452.3750305175781 500.0
bottle 0.08194022625684738 399.14599609375 10.24565601348877 427.8777160644531 50.6901969909668
bottle 0.0752309262752533 284.1781311035156 13.467813491821289 422.6436462402344 112.4676513671875
