person 0.981777548789978 35.686737060546875 222.77743530273438 98.22058868408203 374.5920715332031
pottedplant 0.9640195369720459 126.2275619506836 158.4519500732422 178.564208984375 365.2095031738281
pottedplant 0.9102127552032471 332.16339111328125 141.34701538085938 403.6392822265625 375.0
pottedplant 0.9075260162353516 10.686806678771973 164.39703369140625 53.22650909423828 337.1564636230469
pottedplant 0.44795307517051697 207.5637969970703 313.7646789550781 266.26458740234375 375.0
pottedplant 0.42123493552207947 377.6910095214844 110.16062927246094 422.5646667480469 286.92767333984375
person 0.1995089054107666 312.0335388183594 178.1836395263672 329.11767578125 202.83180236816406
person 0.16910584270954132 382.12835693359375 244.44705200195312 394.4361572265625 279.7802429199219
person 0.15881161391735077 20.412368774414062 196.75718688964844 79.5091323852539 360.3711853027344
pottedplant 0.12895096838474274 0.8673176169395447 0.0 72.76072692871094 234.78228759765625
pottedplant 0.11930543184280396 125.5739974975586 266.36566162109375 182.2947540283203 360.50604248046875
person 0.08226131647825241 78.46240234375 267.84295654296875 105.79391479492188 357.90911865234375
tvmonitor 0.07941858470439911 419.7037658691406 223.0095672607422 484.71002197265625 355.6844482421875
pottedplant 0.05717112123966217 278.4658508300781 85.03561401367188 403.5419006347656 372.99951171875
pottedplant 0.054122623056173325 162.2320556640625 175.1664276123047 332.18927001953125 372.2896423339844
tvmonitor 0.05404524877667427 65.5660171508789 166.20654296875 117.9483642578125 205.79296875
