cow 0.9942504167556763 194.7389373779297 142.3299560546875 380.0657958984375 301.5947570800781
cow 0.9851285219192505 1.004329800605774 154.50311279296875 81.70829772949219 275.3529052734375
person 0.9825142025947571 384.651123046875 104.42340087890625 432.50006103515625 284.8602294921875
cow 0.9822065830230713 70.57581329345703 145.95404052734375 174.0029754638672 273.30267333984375
cow 0.9601954221725464 114.21282958984375 142.18519592285156 189.33470153808594 265.3656921386719
cow 0.7974758744239807 344.76593017578125 151.6658477783203 482.6697692871094 259.09716796875
cow 0.7376076579093933 44.49051284790039 153.82899475097656 139.13473510742188 269.83642578125
cow 0.6432558298110962 309.38250732421875 146.3795623779297 383.96405029296875 281.6996154785156
person 0.6217023134231567 485.66705322265625 125.56324768066406 499.5575866699219 215.25453186035156
cow 0.5983126759529114 345.0489501953125 148.06838989257812 396.9435119628906 199.6229705810547
person 0.5504297018051147 457.4463195800781 147.30889892578125 473.1051025390625 167.76744079589844
chair 0.5279194712638855 84.25181579589844 96.31925201416016 146.40660095214844 160.64395141601562
cow 0.4340125322341919 53.07863235473633 157.77256774902344 85.9170150756836 254.3322296142578
horse 0.19652916491031647 332.12774658203125 146.1008758544922 482.8537902832031 264.9062805175781
cow 0.17763368785381317 344.775390625 149.11474609375 433.7801208496094 216.099365234375
cow 0.17554143071174622 67.30620574951172 158.59339904785156 122.20579528808594 258.3800354003906
person 0.16911903023719788 375.0875244140625 108.97762298583984 467.98760986328125 278.5811462402344
cow 0.1641809344291687 164.02066040039062 143.9901123046875 195.68565368652344 253.67477416992188
cow 0.15814030170440674 0.8554450869560242 167.94140625 39.97966003417969 255.1941680908203
cow 0.15255846083164215 199.95584106445312 152.4009552001953 225.79928588867188 169.59637451171875
bus 0.14644919335842133 169.60186767578125 61.96961212158203 499.7457275390625 170.46267700195312
bus 0.13694609701633453 188.81295776367188 80.87244415283203 483.31036376953125 135.0714111328125
cow 0.1299598217010498 54.192222595214844 157.97470092773438 88.0959701538086 192.8607177734375
cow 0.12274288386106491 244.8340606689453 133.31283569335938 475.20037841796875 278.72467041015625
cow 0.11578651517629623 95.6758041381836 149.8572235107422 141.7693634033203 262.3155517578125
pottedplant 0.10715261101722717 62.29916000366211 68.00496673583984 105.48121643066406 116.4949722290039
pottedplant 0.10560929775238037 40.95065689086914 21.39733123779297 138.56817626953125 117.30620574951172
train 0.09854236990213394 189.91844177246094 72.74473571777344 491.827392578125 119.74470520019531
cow 0.0819493755698204 195.81561279296875 147.1318359375 322.4169616699219 260.3158264160156
horse 0.08144833147525787 311.9594421386719 145.5907440185547 413.1448059082031 282.3031005859375
cow 0.07606498152017593 421.9513244628906 149.88792419433594 482.12744140625 265.3304748535156
train 0.07425520569086075 173.9643096923828 63.80806350708008 500.0 186.5594482421875
cow 0.07132397592067719 308.4248352050781 141.9624786376953 349.2709045410156 273.3648376464844
