pottedplant 0.898137629032135 323.7175598144531 164.4788360595703 435.9425048828125 307.8066101074219
pottedplant 0.7544301748275757 3.658144235610962 0.0 185.2917938232422 283.66632080078125
tvmonitor 0.7239125370979309 2.0320322513580322 239.49835205078125 128.72386169433594 336.0709228515625
pottedplant 0.6365765929222107 198.6251983642578 50.64115524291992 380.8881530761719 302.2225341796875
pottedplant 0.5460211634635925 137.8318634033203 29.722505569458008 249.54409790039062 304.36004638671875
car 0.4359200894832611 0.0 235.69393920898438 134.55487060546875 336.7774353027344
bottle 0.3250674605369568 119.57772064208984 248.98838806152344 154.00088500976562 290.4205017089844
pottedplant 0.1110282838344574 27.85855484008789 156.7456512451172 103.79435729980469 243.7377471923828
pottedplant 0.06220961734652519 336.00653076171875 163.7576141357422 423.8074951171875 247.67007446289062
pottedplant 0.050147444009780884 2.4502670764923096 93.13394165039062 121.47505950927734 249.70578002929688
