person 0.9702231884002686 364.61541748046875 88.96725463867188 426.157470703125 182.09600830078125
person 0.9456484317779541 382.96044921875 161.30580139160156 429.1260070800781 281.0
person 0.8898943066596985 416.646728515625 134.9944610595703 454.5443115234375 273.0732421875
tvmonitor 0.8681970834732056 256.2451171875 154.51028442382812 301.4617004394531 192.83706665039062
person 0.8399247527122498 444.0814208984375 111.39138793945312 469.5541076660156 239.8917236328125
tvmonitor 0.7656199932098389 215.67625427246094 81.15089416503906 239.89181518554688 98.7178726196289
tvmonitor 0.35500869154930115 247.57940673828125 87.42456817626953 266.2554931640625 105.73020935058594
person 0.2422671616077423 439.9344177246094 111.76335906982422 469.6080322265625 181.37376403808594
tvmonitor 0.17638736963272095 0.0 176.43858337402344 28.71712875366211 204.8892364501953
tvmonitor 0.1500396877527237 194.1890869140625 81.05928802490234 215.61778259277344 105.34112548828125
chair 0.14622704684734344 443.2623291015625 178.6226348876953 470.49462890625 235.40304565429688
chair 0.12529663741588593 106.72638702392578 233.7665557861328 134.8108673095703 279.9386901855469
chair 0.11096405982971191 0.0 176.91015625 30.55312156677246 204.81849670410156
tvmonitor 0.07888747751712799 132.83180236816406 100.60955047607422 154.91050720214844 116.58597564697266
person 0.07750310003757477 382.900146484375 132.55880737304688 456.7332763671875 270.27020263671875
