person 0.995893120765686 130.5168914794922 180.6209259033203 190.55726623535156 322.8286437988281
person 0.9751836657524109 16.861257553100586 178.80990600585938 70.35826110839844 353.9330749511719
person 0.9130131602287292 57.57142639160156 198.257568359375 88.81593322753906 317.9784851074219
person 0.9001414179801941 97.41008758544922 227.4651336669922 108.2388916015625 252.9990234375
bicycle 0.8071385622024536 119.07792663574219 238.32044982910156 172.4373321533203 336.4098815917969
boat 0.32187288999557495 244.37088012695312 235.91127014160156 253.5729217529297 246.86557006835938
aeroplane 0.1450205296278 274.6927185058594 202.61997985839844 329.2269592285156 234.2793426513672
person 0.14077790081501007 244.98365783691406 236.47010803222656 252.76229858398438 245.80853271484375
aeroplane 0.06582556664943695 306.6747131347656 201.11256408691406 329.939208984375 234.40150451660156
person 0.06343546509742737 38.950782775878906 197.8079376220703 88.92920684814453 352.9968566894531
