person 0.98583984375 54.5148811340332 117.3196792602539 291.62664794921875 498.3634033203125
diningtable 0.4744453728199005 0.0 271.3609924316406 220.08465576171875 490.0213317871094
sofa 0.3069838881492615 24.78215217590332 188.82347106933594 100.87613677978516 247.8426513671875
bottle 0.2887113392353058 208.46788024902344 191.7526397705078 227.8285675048828 239.80059814453125
bottle 0.2489878535270691 227.42327880859375 340.0659484863281 308.32965087890625 369.78302001953125
chair 0.1784278154373169 18.87765884399414 187.4696044921875 105.13645935058594 297.0058288574219
chair 0.12177994847297668 25.230144500732422 189.33851623535156 101.509521484375 246.1475830078125
person 0.10737309604883194 60.208641052246094 111.99977111816406 208.60243225097656 333.97955322265625
sofa 0.08499366790056229 4.458346366882324 234.11598205566406 307.02752685546875 496.9506530761719
chair 0.08493498712778091 41.137691497802734 231.90774536132812 275.68536376953125 494.6492004394531
car 0.05458167940378189 225.57901000976562 340.9239807128906 307.847900390625 369.95330810546875
