bottle 0.7303563356399536 64.23470306396484 227.90469360351562 163.23838806152344 274.9007263183594
aeroplane 0.6908305287361145 9.388932228088379 22.882570266723633 354.8465576171875 460.4066467285156
bottle 0.257893830537796 60.966670989990234 228.3138427734375 114.87041473388672 275.26129150390625
chair 0.20724105834960938 41.31573486328125 104.6686782836914 346.43304443359375 476.0679626464844
bird 0.20286795496940613 39.31304931640625 119.84220886230469 335.1102294921875 481.1052551269531
person 0.18371085822582245 53.11281967163086 115.58241271972656 346.47235107421875 484.2611083984375
bottle 0.17259201407432556 57.029388427734375 182.8382110595703 197.4720916748047 244.18508911132812
motorbike 0.1382821798324585 15.309820175170898 25.179149627685547 343.1763610839844 433.22906494140625
bottle 0.11176802217960358 45.164371490478516 107.63484191894531 345.5177917480469 488.2888488769531
bottle 0.11123926937580109 55.19194030761719 184.873046875 127.43834686279297 231.65261840820312
boat 0.07228858023881912 24.604124069213867 23.551780700683594 334.6915283203125 447.8025207519531
car 0.054692331701517105 15.241226196289062 13.023550987243652 343.2434387207031 488.59246826171875
