dog 0.9927724003791809 111.1839370727539 165.85653686523438 218.74725341796875 291.5200500488281
person 0.9836223721504211 54.2921028137207 23.900405883789062 126.55728912353516 260.7780456542969
dog 0.939287543296814 254.86526489257812 194.04307556152344 359.2187805175781 272.16064453125
dog 0.913175106048584 323.0085754394531 197.2401580810547 414.8737487792969 283.06939697265625
horse 0.6668475270271301 0.5642263293266296 9.4593505859375 57.987144470214844 149.05520629882812
car 0.583758533000946 476.49334716796875 87.2005386352539 499.0477294921875 118.75247192382812
sheep 0.5384083390235901 326.11968994140625 195.86666870117188 411.16229248046875 281.52923583984375
person 0.4621772766113281 1.2610491514205933 68.92294311523438 30.742259979248047 193.3028564453125
chair 0.2983073592185974 128.4761505126953 32.430912017822266 159.5165557861328 69.26850891113281
bottle 0.2060997635126114 73.52360534667969 82.37867736816406 87.43737030029297 112.63130950927734
sheep 0.12285523116588593 257.5007019042969 194.34246826171875 354.5945129394531 271.884521484375
horse 0.11251822859048843 0.7943158745765686 2.9251956939697266 65.41073608398438 254.5858612060547
car 0.11233958601951599 477.15167236328125 88.01053619384766 499.64788818359375 102.77826690673828
horse 0.09404757618904114 0.468916118144989 61.911720275878906 40.21753692626953 186.23715209960938
boat 0.08425894379615784 477.9204406738281 87.37408447265625 499.3540344238281 117.95510864257812
dog 0.06880954653024673 148.50460815429688 168.5560760498047 215.0301513671875 260.47052001953125
bicycle 0.06566201150417328 281.1795654296875 42.46537780761719 301.9411926269531 61.152626037597656
bicycle 0.05504663661122322 224.7318115234375 195.15185546875 291.0887756347656 251.69920349121094
aeroplane 0.05378258228302002 140.370849609375 1.703016757965088 491.9826965332031 103.75446319580078
person 0.05260887369513512 2.6877834796905518 45.13407516479492 51.35190963745117 190.0724334716797
aeroplane 0.052519384771585464 250.7707061767578 24.041397094726562 494.1615905761719 96.46377563476562
