person 0.9895499348640442 197.09402465820312 103.58699798583984 306.87176513671875 333.0
bus 0.9604132771492004 54.21017074584961 0.0 495.0833435058594 333.0
person 0.7799418568611145 163.30799865722656 76.30567169189453 204.84632873535156 155.5686492919922
bus 0.7029638290405273 298.181640625 3.608931064605713 489.822509765625 332.9673156738281
train 0.43659764528274536 7.451015472412109 0.0 490.8454284667969 332.65655517578125
person 0.3931666612625122 162.3518829345703 78.3725357055664 182.89688110351562 141.24676513671875
chair 0.3799133002758026 13.030316352844238 70.99519348144531 60.511390686035156 120.95407104492188
bus 0.25343382358551025 157.25657653808594 8.244742393493652 322.81658935546875 203.1118621826172
bus 0.25037825107574463 5.187200546264648 13.761198043823242 279.54498291015625 323.5594177246094
bus 0.18957021832466125 113.60691833496094 0.0 474.46234130859375 195.652587890625
person 0.14937035739421844 77.05641174316406 1.437744379043579 109.98418426513672 32.48005294799805
person 0.1087392270565033 160.5146484375 51.57904815673828 209.9038543701172 199.51324462890625
person 0.07075393199920654 169.17413330078125 106.5003433227539 176.86070251464844 145.9773712158203
person 0.055355776101350784 197.64939880371094 76.68680572509766 219.47288513183594 101.34510040283203
pottedplant 0.05484636500477791 207.6216583251953 116.5801773071289 225.91163635253906 142.514404296875
tvmonitor 0.05297553911805153 259.3092041015625 75.75492858886719 320.4832458496094 146.7273406982422
person 0.05207141488790512 416.2115173339844 85.60885620117188 463.1084899902344 116.2684097290039
