bicycle 0.9605699181556702 0.7398239374160767 132.7259979248047 241.96783447265625 331.0
bicycle 0.7067983746528625 0.4132504463195801 134.47470092773438 127.8448715209961 310.4850769042969
bicycle 0.2654969096183777 0.0 132.1246337890625 76.32444763183594 257.29974365234375
aeroplane 0.21677450835704803 243.15318298339844 96.27535247802734 282.5711669921875 109.67032623291016
train 0.19209833443164825 166.4779815673828 75.18368530273438 500.0 193.90879821777344
car 0.1296415776014328 158.041015625 81.82645416259766 496.33050537109375 201.21456909179688
motorbike 0.11698807775974274 0.2949695885181427 129.8639678955078 76.35254669189453 309.7240905761719
bicycle 0.11356374621391296 0.0 166.197021484375 64.23766326904297 331.0
bicycle 0.10630671679973602 33.20951843261719 138.50222778320312 134.6859588623047 254.82275390625
tvmonitor 0.1061774417757988 173.74693298339844 65.81078338623047 500.0 204.24032592773438
bus 0.0923052579164505 328.92437744140625 38.72305679321289 379.3612976074219 66.60381317138672
bicycle 0.07984847575426102 50.781028747558594 140.7152557373047 222.25189208984375 247.8131103515625
chair 0.07876096665859222 1.6815836429595947 134.0514373779297 72.20536041259766 253.79180908203125
bus 0.058755457401275635 172.756103515625 74.5409164428711 500.0 188.7167205810547
car 0.05553324893116951 327.1769714355469 38.60100173950195 381.6872253417969 67.24557495117188
