dog 0.9965692758560181 55.13684844970703 23.287668228149414 395.1285705566406 247.9720916748047
cat 0.9962297081947327 82.99862670898438 175.11807250976562 429.7438659667969 371.17144775390625
cat 0.6064172387123108 91.21533966064453 40.266136169433594 382.9054260253906 248.16444396972656
dog 0.4260692894458771 66.57025909423828 91.46199798583984 419.8952941894531 352.6459655761719
cat 0.1021009236574173 81.81501770019531 168.1273193359375 285.5009460449219 289.98321533203125
dog 0.09205392748117447 411.7684631347656 1.918555498123169 500.0 102.89384460449219
dog 0.09096293151378632 47.94465637207031 17.250831604003906 284.64752197265625 193.41326904296875
sofa 0.083826944231987 0.0 0.0 500.0 363.7195739746094
cat 0.06519168615341187 231.51222229003906 187.72891235351562 416.32720947265625 370.71221923828125
person 0.05834399163722992 60.30362319946289 12.384681701660156 479.92474365234375 308.92474365234375
