person 0.978879988193512 395.683837890625 61.228485107421875 499.0218505859375 276.1148681640625
person 0.9599946737289429 94.0386734008789 242.18429565429688 193.75466918945312 333.0
person 0.9506635069847107 203.10546875 215.1269073486328 359.0353698730469 332.2001037597656
person 0.9494625329971313 190.87747192382812 99.63449096679688 232.97657775878906 223.16946411132812
tvmonitor 0.9403917789459229 55.62687301635742 87.22557067871094 151.65618896484375 169.1943817138672
person 0.8968925476074219 117.12007141113281 189.6950225830078 197.62353515625 274.67681884765625
sofa 0.8735589385032654 199.56771850585938 111.17347717285156 351.0087585449219 236.64822387695312
chair 0.8371103405952454 348.0195007324219 196.65794372558594 433.369873046875 284.682373046875
person 0.7963464260101318 108.36341857910156 213.7467041015625 197.90386962890625 310.65521240234375
sofa 0.7029162645339966 0.2561151385307312 201.31692504882812 82.87845611572266 311.45751953125
tvmonitor 0.3808116316795349 371.9637451171875 50.556304931640625 416.9983215332031 96.85413360595703
chair 0.3454809784889221 1.031092643737793 159.70445251464844 34.144371032714844 215.03587341308594
diningtable 0.2860049903392792 334.9045104980469 268.7546081542969 497.1922302246094 333.0
tvmonitor 0.2739799916744232 64.99358367919922 164.5984649658203 107.19989013671875 200.73719787597656
pottedplant 0.2622397243976593 0.8543206453323364 6.924449920654297 31.69891357421875 199.26124572753906
chair 0.20369470119476318 251.99362182617188 280.366943359375 317.2939147949219 333.0
chair 0.1853463351726532 241.7204132080078 237.79324340820312 340.3003234863281 332.9168395996094
person 0.17469610273838043 472.9441833496094 258.2320556640625 498.7276611328125 331.1544189453125
person 0.16677287220954895 74.3474349975586 127.00628662109375 88.21161651611328 152.89920043945312
sofa 0.13518692553043365 83.45675659179688 114.4710464477539 340.6950378417969 261.04595947265625
person 0.12152660638093948 195.4444122314453 102.43898010253906 272.5315856933594 224.84640502929688
chair 0.12136451154947281 1.5856022834777832 191.682861328125 91.72309875488281 304.0143737792969
chair 0.115564726293087 196.799072265625 116.77526092529297 352.6145935058594 232.875
sofa 0.1152891144156456 186.3717041015625 169.381103515625 359.46539306640625 302.0136413574219
chair 0.11502881348133087 332.36907958984375 264.18414306640625 500.0 330.0699462890625
chair 0.0982726439833641 93.47461700439453 273.7371826171875 185.32456970214844 330.3834228515625
pottedplant 0.08508457243442535 16.8304443359375 21.186922073364258 186.88685607910156 44.32598876953125
tvmonitor 0.08062037080526352 209.07781982421875 140.0398712158203 258.78387451171875 171.02854919433594
tvmonitor 0.0715266540646553 417.3355407714844 89.1436767578125 442.5437927246094 111.8397216796875
chair 0.06922950595617294 319.3258056640625 145.87295532226562 351.23809814453125 222.3542022705078
pottedplant 0.05980958044528961 256.87060546875 36.87538146972656 286.569091796875 56.850826263427734
pottedplant 0.057203199714422226 3.049027681350708 8.655092239379883 55.164859771728516 217.63333129882812
chair 0.05709831789135933 358.9046630859375 191.4027862548828 498.34228515625 282.08685302734375
chair 0.055579353123903275 195.99951171875 184.08206176757812 361.9048156738281 308.8287658691406
