train 0.9927079081535339 31.269363403320312 41.29802703857422 500.0 271.7250061035156
car 0.8655108213424683 0.0 172.2449951171875 63.295536041259766 195.72686767578125
train 0.7243255376815796 108.27821350097656 47.508155822753906 414.3670959472656 206.4292755126953
train 0.5975277423858643 396.7838134765625 107.67366790771484 499.18243408203125 199.7947540283203
bus 0.5814390778541565 396.6688232421875 111.68474578857422 499.53118896484375 200.11575317382812
sofa 0.20047754049301147 20.871957778930664 275.7907409667969 491.8658142089844 359.0260925292969
bird 0.18752844631671906 126.34229278564453 87.5230712890625 149.07974243164062 120.6518325805664
car 0.1370825469493866 1.2715508937835693 173.0686798095703 57.78766632080078 186.154541015625
train 0.13060463964939117 188.72299194335938 79.12510681152344 500.0 204.7637939453125
tvmonitor 0.06683512777090073 274.4071350097656 69.99053192138672 321.78826904296875 105.3333969116211
