person 0.9956040382385254 260.78009033203125 3.742661476135254 434.4758605957031 374.25836181640625
bicycle 0.9349902272224426 50.2098503112793 127.78569030761719 334.70501708984375 353.8641357421875
person 0.9346798658370972 405.4713439941406 56.14017868041992 481.4349060058594 213.69920349121094
person 0.9116694331169128 215.6314239501953 114.08856201171875 242.93798828125 165.99684143066406
car 0.8493225574493408 168.99607849121094 118.07322692871094 219.10130310058594 143.34561157226562
bottle 0.8168047666549683 189.8428497314453 204.8216552734375 235.40798950195312 256.53289794921875
bottle 0.6904159188270569 166.5735626220703 195.62887573242188 193.45144653320312 257.5043029785156
bicycle 0.320791631937027 127.08316040039062 38.851070404052734 161.6436309814453 67.87308502197266
bicycle 0.29346051812171936 209.67996215820312 151.27804565429688 326.6935119628906 373.68499755859375
chair 0.2907421886920929 439.94976806640625 212.09799194335938 498.38751220703125 271.37884521484375
bus 0.11670301109552383 165.85699462890625 116.80398559570312 195.04347229003906 132.43283081054688
bottle 0.1086234301328659 166.16278076171875 198.2216339111328 186.35765075683594 227.16534423828125
car 0.10710692405700684 165.06768798828125 116.58199310302734 198.52784729003906 133.591796875
pottedplant 0.1028197631239891 27.325576782226562 331.95306396484375 78.4901351928711 372.11846923828125
person 0.09900221973657608 202.48941040039062 113.68733978271484 238.02423095703125 156.9040985107422
pottedplant 0.09080516546964645 195.0738525390625 135.658203125 215.38612365722656 150.25254821777344
chair 0.0749276876449585 186.39454650878906 140.2171630859375 211.3309783935547 163.2601776123047
bicycle 0.06152622774243355 218.3009490966797 144.28330993652344 443.4486999511719 373.592529296875
person 0.05930677801370621 311.6251220703125 113.77400970458984 326.52874755859375 163.90509033203125
