train 0.9965800642967224 82.27837371826172 92.45208740234375 421.54473876953125 295.96978759765625
person 0.9559393525123596 47.91448211669922 153.10589599609375 62.34182357788086 189.00698852539062
person 0.8510828614234924 447.0797119140625 154.31417846679688 457.0871276855469 175.3730010986328
person 0.7559477090835571 438.6651916503906 156.43638610839844 446.0888977050781 175.14608764648438
person 0.48806193470954895 443.11627197265625 154.60403442382812 453.6449890136719 175.4288787841797
person 0.4230935871601105 466.2519226074219 165.22775268554688 484.2879638671875 192.801025390625
train 0.21619711816310883 79.56397247314453 98.65158081054688 226.35272216796875 293.2147521972656
person 0.19829781353473663 470.6522216796875 165.1513214111328 483.72540283203125 184.2067413330078
bus 0.13367760181427002 80.61219787597656 93.60257720947266 319.454833984375 294.18084716796875
person 0.07981868833303452 474.8970642089844 165.775146484375 485.1982116699219 193.11251831054688
person 0.05991153046488762 470.635009765625 165.1544952392578 476.2255859375 177.73228454589844
