sofa 0.9825732111930847 19.292564392089844 0.6579709053039551 250.01478576660156 115.9649429321289
person 0.9783048629760742 89.6664047241211 36.9951171875 487.3345947265625 280.322021484375
sofa 0.9146886467933655 0.0 49.40006637573242 471.36566162109375 373.8964538574219
sofa 0.8994999527931213 0.0 257.7869873046875 271.6770935058594 369.1017150878906
chair 0.571147084236145 242.78941345214844 0.6676045060157776 323.8066711425781 22.240251541137695
pottedplant 0.43392977118492126 462.9591064453125 13.10728645324707 497.2909851074219 54.661407470703125
person 0.3644773066043854 93.40782165527344 37.913089752197266 332.32647705078125 237.7671356201172
sofa 0.277929425239563 0.0 18.960350036621094 282.5137023925781 257.07159423828125
pottedplant 0.17042946815490723 250.06900024414062 0.22734582424163818 302.40423583984375 45.55845642089844
chair 0.1601911187171936 244.9784393310547 0.7260578870773315 310.2147216796875 42.05419921875
tvmonitor 0.11510888487100601 347.7338562011719 74.61473083496094 493.8556823730469 205.08299255371094
pottedplant 0.10961687564849854 35.33792495727539 0.5003607273101807 84.32284545898438 40.0711784362793
bottle 0.0954493060708046 280.2642517089844 69.16392517089844 295.0790710449219 101.82707214355469
sofa 0.09424367547035217 241.43638610839844 0.0 324.2127685546875 21.944438934326172
tvmonitor 0.09131506085395813 370.7279357910156 46.4791374206543 498.8086853027344 152.00759887695312
chair 0.08530393242835999 7.413209438323975 261.294677734375 275.2589416503906 372.2751770019531
chair 0.07419851422309875 34.188934326171875 55.79848861694336 372.01947021484375 375.0
chair 0.07140135765075684 444.5839538574219 254.9929656982422 479.3505859375 373.93072509765625
sofa 0.06897568702697754 0.7391495108604431 179.22840881347656 396.7185974121094 369.88348388671875
chair 0.06733839958906174 238.0248565673828 6.41457462310791 312.2654724121094 114.59336853027344
chair 0.05510183796286583 6.610877513885498 7.3505473136901855 249.33279418945312 123.71206665039062
