tvmonitor 0.9902291893959045 313.7442932128906 1.0364413261413574 410.6270751953125 65.73072052001953
person 0.9779054522514343 254.26853942871094 153.95823669433594 399.69012451171875 375.0
person 0.9675756692886353 105.74299621582031 157.1847686767578 229.5376434326172 304.20196533203125
person 0.9477066993713379 215.5778350830078 142.4220428466797 299.47552490234375 357.6497497558594
diningtable 0.8997636437416077 2.297020435333252 268.1611022949219 259.7024230957031 375.0
pottedplant 0.7009874582290649 344.682861328125 75.34536743164062 436.99114990234375 217.86911010742188
pottedplant 0.5402835607528687 54.88857650756836 171.83682250976562 104.73468017578125 221.7743682861328
sofa 0.42532962560653687 3.1359245777130127 209.50559997558594 108.75250244140625 284.9253845214844
pottedplant 0.29645034670829773 53.25977325439453 181.24290466308594 72.65309143066406 214.9300994873047
bottle 0.2071470022201538 448.3944396972656 10.108640670776367 460.7761535644531 37.79780197143555
chair 0.12901097536087036 51.365272521972656 182.24842834472656 70.43303680419922 211.91566467285156
person 0.11549874395132065 458.7048645019531 185.90469360351562 472.56011962890625 214.86740112304688
person 0.07564647495746613 115.92774963378906 148.07412719726562 349.5829162597656 371.8462829589844
person 0.05706252530217171 468.7073974609375 116.34088897705078 487.3114013671875 144.97845458984375
tvmonitor 0.053104545921087265 137.37278747558594 116.1705322265625 156.23666381835938 144.82421875
