pottedplant 0.9029154181480408 110.76696014404297 257.107421875 183.4100799560547 354.1580810546875
pottedplant 0.6785229444503784 127.45178985595703 165.99501037597656 184.01087951660156 237.52590942382812
pottedplant 0.6748753190040588 114.76119232177734 351.0703125 244.98936462402344 471.1636962890625
pottedplant 0.5770286321640015 127.34619140625 60.17583084106445 179.6357421875 124.51578521728516
bicycle 0.560454785823822 234.4429168701172 0.0 331.4906921386719 257.2093505859375
pottedplant 0.2883959710597992 111.98931121826172 1.9409598112106323 186.1210174560547 127.99120330810547
pottedplant 0.0980004072189331 117.7117919921875 117.30451202392578 187.7974090576172 237.69725036621094
motorbike 0.06717636436223984 232.76416015625 11.089518547058105 333.0 254.455810546875
chair 0.05660448595881462 238.13381958007812 1.066666841506958 333.0 260.7998352050781
pottedplant 0.054547470062971115 127.29473876953125 386.7534484863281 190.7550811767578 471.5070495605469
person 0.052799779921770096 243.42855834960938 0.0 330.7528381347656 266.8601379394531
bottle 0.05068464204668999 237.80044555664062 7.847172260284424 333.0 262.2675476074219
