cat 0.6161072254180908 3.1994073390960693 15.720891952514648 465.4455871582031 375.0
bird 0.5630853772163391 191.7428741455078 4.532432556152344 473.037353515625 368.6787414550781
bird 0.30700114369392395 229.16177368164062 3.1732678413391113 498.962646484375 198.31446838378906
dog 0.2965347468852997 142.10537719726562 4.875640869140625 442.0292053222656 375.0
cow 0.20567667484283447 411.8641052246094 109.88996124267578 496.50164794921875 192.37013244628906
sheep 0.17507609724998474 121.47379302978516 148.44361877441406 190.4633331298828 183.55177307128906
cat 0.10572870820760727 230.44842529296875 24.433979034423828 447.4347839355469 366.4619140625
sheep 0.07640639692544937 410.926025390625 108.61908721923828 499.6393127441406 197.11386108398438
cow 0.07600164413452148 121.2090835571289 149.92745971679688 190.40451049804688 184.40859985351562
sheep 0.0714898556470871 10.081293106079102 130.8712615966797 440.6016540527344 371.26654052734375
horse 0.06994767487049103 0.0 28.485546112060547 490.9300537109375 367.681884765625
person 0.05309846252202988 0.0 118.15240478515625 436.4492492675781 375.0
