train 0.9873424768447876 85.83792877197266 107.6048812866211 442.3686828613281 181.57101440429688
person 0.9853361248970032 336.83428955078125 22.77557373046875 499.45159912109375 330.8286437988281
person 0.6695855855941772 181.8247528076172 119.91178131103516 191.8988800048828 136.0173797607422
train 0.6678070425987244 84.2993392944336 109.65809631347656 253.0710906982422 174.1075897216797
car 0.4142134487628937 134.83154296875 158.48980712890625 169.693603515625 173.5521697998047
train 0.18713803589344025 66.61748504638672 44.744319915771484 497.774169921875 250.10186767578125
person 0.1393297016620636 182.92381286621094 119.5708236694336 190.79312133789062 129.1017303466797
bottle 0.11220242083072662 100.1209945678711 115.51335906982422 112.96694946289062 134.70413208007812
person 0.08961710333824158 181.02264404296875 26.224613189697266 492.51837158203125 332.45697021484375
person 0.08033064752817154 83.92567443847656 145.9263153076172 91.50216674804688 154.70516967773438
