cow 0.9589036703109741 243.09765625 167.43643188476562 339.0380554199219 248.05422973632812
person 0.953713595867157 190.94862365722656 126.28319549560547 218.1661834716797 180.96043395996094
person 0.9344108700752258 221.413330078125 152.69345092773438 252.87335205078125 253.54348754882812
person 0.9169113039970398 158.12640380859375 129.14559936523438 189.98329162597656 171.03558349609375
car 0.46147632598876953 1.0027321577072144 262.1730041503906 52.49455642700195 362.9104919433594
person 0.2757527232170105 1.570756196975708 272.4285583496094 29.871545791625977 329.6581726074219
person 0.10076955705881119 190.83084106445312 132.52200317382812 222.29827880859375 211.2257537841797
car 0.08692479878664017 63.590789794921875 157.56723022460938 339.605224609375 260.3905029296875
sheep 0.06348647177219391 244.10862731933594 164.70140075683594 341.8636474609375 245.70562744140625
cow 0.05405242741107941 127.47456359863281 161.76063537597656 336.90411376953125 252.61753845214844
