person 0.9965474009513855 222.03428649902344 43.736629486083984 331.3518371582031 215.76885986328125
person 0.8734707832336426 93.67316436767578 130.43788146972656 126.86273956298828 181.1093292236328
horse 0.8159990310668945 37.27011489868164 53.06303405761719 396.56298828125 385.6412048339844
person 0.453497976064682 80.15742492675781 129.8140106201172 128.78602600097656 207.5753173828125
person 0.1833905577659607 2.817856550216675 257.3584289550781 66.49567413330078 389.1761474609375
person 0.06725474447011948 64.58241271972656 129.65972900390625 130.8788604736328 251.26559448242188
bird 0.06592386215925217 119.6670913696289 196.74957275390625 217.9257049560547 389.61834716796875
chair 0.06168035790324211 154.46969604492188 197.03981018066406 350.5284423828125 385.5699462890625
bicycle 0.058424096554517746 57.635467529296875 184.1107177734375 403.5948181152344 385.9764099121094
boat 0.05812352895736694 124.63418579101562 200.9969024658203 218.6556396484375 384.06268310546875
