car 0.9224563837051392 16.391666412353516 9.328888893127441 409.2415771484375 462.6557922363281
person 0.8779319524765015 172.1527862548828 97.74652099609375 277.7744140625 216.90335083007812
car 0.876537561416626 2.0552666187286377 37.269325256347656 64.76760864257812 98.02548217773438
car 0.8376218676567078 372.158447265625 31.79181480407715 420.1778259277344 86.82868957519531
bus 0.7512630224227905 31.033605575561523 15.592839241027832 392.3307800292969 452.5082092285156
car 0.6960688829421997 374.2579650878906 67.93679809570312 421.4023132324219 124.63309478759766
person 0.6906040906906128 298.0777587890625 164.251708984375 363.8045654296875 260.66119384765625
car 0.668815016746521 361.5494689941406 21.491674423217773 421.9999694824219 60.861656188964844
car 0.5875477194786072 375.1880798339844 71.34658813476562 419.77099609375 198.3646697998047
car 0.58444744348526 195.12057495117188 0.0 363.98980712890625 65.36459350585938
person 0.5784038305282593 187.51193237304688 155.921875 350.7268981933594 237.35398864746094
car 0.47464802861213684 376.0912780761719 49.44178009033203 421.3392333984375 102.2054672241211
car 0.4519856572151184 36.11281967163086 15.05722713470459 360.9906311035156 268.4272155761719
car 0.4405592679977417 45.355403900146484 1.0281314849853516 388.1303405761719 79.23185729980469
person 0.41763773560523987 174.53627014160156 87.97103118896484 338.8592224121094 241.7691650390625
person 0.31558579206466675 238.4961700439453 82.44599914550781 309.0138854980469 169.959716796875
car 0.24182143807411194 390.4619445800781 97.80673217773438 421.6498107910156 185.52760314941406
car 0.1915520578622818 400.9206848144531 107.08617401123047 421.9999694824219 136.73388671875
bicycle 0.1350397914648056 5.706949710845947 28.50491714477539 62.59672927856445 454.0842590332031
person 0.1341315060853958 295.5987548828125 151.05274963378906 404.95513916015625 275.1419982910156
person 0.13112866878509521 244.6459503173828 83.76795959472656 293.3376770019531 140.12921142578125
car 0.11860594153404236 381.5189514160156 74.04757690429688 421.17681884765625 103.80180358886719
person 0.10309013724327087 250.28594970703125 163.23538208007812 350.9322814941406 255.20846557617188
car 0.08337900787591934 136.20150756835938 51.03308868408203 419.6375732421875 220.3973846435547
car 0.07305894047021866 331.84912109375 63.88446044921875 416.64752197265625 198.48159790039062
car 0.06438785046339035 289.8445129394531 5.726243495941162 368.630615234375 70.5391845703125
person 0.06429793685674667 247.6451873779297 85.47886657714844 284.99249267578125 118.73880767822266
