boat 0.9890262484550476 131.67318725585938 7.900915145874023 364.12628173828125 323.7078552246094
boat 0.6889904737472534 136.10227966308594 69.94017791748047 250.60890197753906 291.4619140625
boat 0.39693483710289 170.8971405029297 0.3458261489868164 441.939208984375 238.65147399902344
chair 0.3683330714702606 457.5343933105469 0.6684279441833496 498.361572265625 66.31725311279297
bottle 0.2672812044620514 198.03713989257812 350.81536865234375 223.8695068359375 374.9044494628906
bottle 0.25480592250823975 156.60763549804688 60.22644805908203 202.8604736328125 141.26043701171875
boat 0.2527086138725281 324.609130859375 0.0 433.3941650390625 90.39143371582031
boat 0.24735763669013977 413.98114013671875 0.0 499.15753173828125 202.6132354736328
chair 0.24081924557685852 219.9656982421875 109.02253723144531 251.95057678222656 165.2867889404297
chair 0.23255375027656555 338.6924743652344 1.2709057331085205 427.16375732421875 79.97676086425781
chair 0.2325279712677002 361.1975402832031 4.1987175941467285 417.4373779296875 62.59955978393555
person 0.2319779098033905 170.30606079101562 200.1967010498047 194.97926330566406 238.18467712402344
boat 0.22382988035678864 316.3445129394531 0.0 496.2005920410156 208.6796417236328
chair 0.19098570942878723 416.3000793457031 2.9251456260681152 442.1189880371094 62.109188079833984
car 0.18170154094696045 238.32620239257812 1.3369828462600708 323.96002197265625 40.949398040771484
person 0.1381179839372635 213.4050750732422 103.7088623046875 253.18585205078125 154.55780029296875
diningtable 0.13647107779979706 351.5039367675781 6.67569637298584 431.32464599609375 68.63056945800781
motorbike 0.13256323337554932 245.866943359375 172.1786651611328 301.2115173339844 260.3672790527344
chair 0.116451695561409 347.43609619140625 2.366089344024658 378.40093994140625 59.85782241821289
person 0.09913568198680878 329.4803466796875 1.6037964820861816 362.4175720214844 63.3755989074707
person 0.08007147908210754 315.5395202636719 0.6597644090652466 347.8150939941406 50.2868766784668
car 0.07581352442502975 122.9233627319336 5.797405242919922 355.6336669921875 285.39630126953125
person 0.07567557692527771 221.2460479736328 112.41771697998047 250.34251403808594 144.86964416503906
chair 0.06870958209037781 182.40838623046875 128.4469451904297 213.5413818359375 159.84429931640625
person 0.06617757678031921 257.6326599121094 181.51011657714844 282.8514099121094 271.23040771484375
car 0.05395480617880821 320.6295471191406 3.0818474292755127 437.82769775390625 86.15866088867188
