person 0.9948498606681824 59.83632278442383 4.126730918884277 318.20330810546875 432.70562744140625
bicycle 0.846799910068512 62.539817810058594 140.7993621826172 330.25946044921875 498.63885498046875
person 0.23601612448692322 86.21719360351562 0.0 329.1845703125 218.6333770751953
bicycle 0.1730514019727707 56.406185150146484 165.13526916503906 203.0227813720703 499.9999694824219
car 0.1271938681602478 204.14002990722656 0.47103703022003174 332.57244873046875 90.5647964477539
bicycle 0.0858563631772995 209.4246826171875 221.5564422607422 334.0 495.32342529296875
chair 0.07329111546278 11.373833656311035 235.74256896972656 94.6335678100586 464.1573181152344
bicycle 0.0731315016746521 0.4524601399898529 196.36180114746094 107.5863265991211 483.1418762207031
bus 0.06543275713920593 182.24383544921875 382.8896484375 204.92971801757812 404.3645324707031
boat 0.05320984497666359 6.4439897537231445 211.2081298828125 94.96527862548828 469.5032043457031
