dog 0.9946132302284241 58.85026550292969 258.8434143066406 244.51947021484375 357.4237976074219
sofa 0.9874279499053955 0.0 175.2225799560547 500.0 375.0
cat 0.9633942246437073 288.5731506347656 183.70916748046875 379.8707275390625 248.03045654296875
tvmonitor 0.43211090564727783 81.51422882080078 3.9027929306030273 428.44757080078125 194.03965759277344
person 0.26972076296806335 130.3387908935547 4.358532428741455 223.0309600830078 143.88522338867188
person 0.17508451640605927 99.11207580566406 6.930291652679443 388.2168273925781 179.60105895996094
person 0.0925280973315239 229.16891479492188 173.32766723632812 493.8926086425781 375.0
sofa 0.07844812422990799 29.881662368774414 204.88099670410156 316.0741271972656 375.0
dog 0.06895043700933456 285.25970458984375 183.7900390625 383.6174011230469 248.3123016357422
person 0.05368492007255554 176.87767028808594 7.527966499328613 490.472412109375 368.4866638183594
