sofa 0.9637212753295898 190.78125 256.6932373046875 329.7742004394531 471.0986633300781
chair 0.9272047877311707 91.98943328857422 243.31936645507812 154.06454467773438 302.6158447265625
sofa 0.7243062257766724 27.287830352783203 348.4295349121094 136.0856475830078 497.9522399902344
tvmonitor 0.46111902594566345 170.432861328125 236.5301055908203 242.1336669921875 310.380615234375
chair 0.18283793330192566 199.7431182861328 307.2291564941406 316.38427734375 488.27667236328125
chair 0.13017477095127106 204.51075744628906 368.6822509765625 294.27691650390625 483.9286804199219
bottle 0.11651478707790375 228.14427185058594 197.82290649414062 240.71353149414062 207.99400329589844
bottle 0.10351502895355225 255.8948211669922 173.92189025878906 268.1669616699219 209.56748962402344
bottle 0.08753196895122528 309.5150146484375 226.26126098632812 317.31298828125 244.0792999267578
chair 0.06587633490562439 29.985166549682617 354.84686279296875 137.88616943359375 499.3250427246094
sofa 0.05047677457332611 89.45836639404297 241.5643310546875 154.03256225585938 301.26824951171875
