person 0.9926421046257019 120.06849670410156 0.7525048851966858 485.82818603515625 376.0
diningtable 0.9691280722618103 0.76325523853302 0.0 295.3890075683594 376.0
person 0.901725709438324 259.0103454589844 0.12292174994945526 495.3854675292969 285.0524597167969
person 0.6930928230285645 257.257568359375 3.7980096340179443 373.29034423828125 243.1175994873047
person 0.6777870655059814 265.791748046875 2.758754253387451 368.24542236328125 124.57667541503906
person 0.45265504717826843 193.09315490722656 0.9553329348564148 398.6788024902344 292.3705139160156
person 0.3235919773578644 201.8572540283203 1.7375391721725464 263.55657958984375 31.877967834472656
chair 0.1595619022846222 241.6288604736328 2.100633382797241 287.1936950683594 46.68022537231445
diningtable 0.15013907849788666 66.0001220703125 0.0 294.7877502441406 222.45550537109375
person 0.14678910374641418 267.26153564453125 2.7440667152404785 471.87762451171875 128.0523223876953
chair 0.07443097233772278 260.11737060546875 17.95564842224121 351.36004638671875 136.92849731445312
chair 0.06966057419776917 223.87266540527344 1.4550431966781616 262.67547607421875 27.979862213134766
chair 0.06851480901241302 242.73374938964844 0.3274037837982178 266.2847595214844 28.465938568115234
tvmonitor 0.06367528438568115 0.0 103.52816772460938 211.69874572753906 361.8910217285156
chair 0.062288690358400345 264.08697509765625 4.757767677307129 346.7694091796875 70.19925689697266
chair 0.06084141880273819 294.6373291015625 4.525555610656738 344.7370300292969 57.479095458984375
