cow 0.993763267993927 0.3145366609096527 43.96625900268555 169.2826385498047 260.1205139160156
cow 0.9923766255378723 116.91213989257812 5.391976833343506 418.0137634277344 314.7145080566406
cow 0.9897432923316956 388.1014709472656 24.07020378112793 500.0 260.17218017578125
cow 0.9150215983390808 292.0611877441406 10.866637229919434 500.0 277.89599609375
sheep 0.42665353417396545 387.4233703613281 4.15315055847168 497.9252624511719 55.4154052734375
cow 0.40325018763542175 317.429443359375 12.412498474121094 412.9420166015625 278.03302001953125
sheep 0.3031434416770935 159.65481567382812 11.682929039001465 414.14202880859375 307.02801513671875
cow 0.30244413018226624 37.502933502197266 28.392118453979492 179.01119995117188 114.59400177001953
cow 0.20448735356330872 448.04583740234375 69.8988037109375 498.90826416015625 180.93255615234375
cow 0.12306144833564758 384.80731201171875 9.755008697509766 497.6241455078125 53.961204528808594
sheep 0.10920708626508713 0.0 54.27680587768555 169.0252685546875 260.7321472167969
person 0.06775788962841034 316.6447448730469 178.26986694335938 354.0296630859375 238.95602416992188
horse 0.05543702468276024 392.4044494628906 42.959197998046875 495.41302490234375 259.3105163574219
