person 0.9901796579360962 218.3301544189453 92.78618621826172 343.36798095703125 240.37387084960938
person 0.5904394388198853 163.7200927734375 139.17234802246094 229.79969787597656 234.18783569335938
pottedplant 0.4635983407497406 18.662643432617188 155.55873107910156 104.9313735961914 263.0714416503906
pottedplant 0.2194812148809433 0.3521656394004822 28.731252670288086 33.53775405883789 182.5453643798828
person 0.20373383164405823 414.5108947753906 6.055810928344727 497.37664794921875 241.917236328125
person 0.12041826546192169 165.2432861328125 124.47530364990234 289.6589050292969 233.93418884277344
person 0.11946163326501846 102.5230712890625 17.64516258239746 415.2751159667969 246.056640625
person 0.08844197541475296 198.43310546875 149.1092529296875 232.3218536376953 205.5707550048828
boat 0.05850693956017494 90.37349700927734 214.04624938964844 466.7914123535156 253.78001403808594
diningtable 0.058154523372650146 3.985940456390381 220.05787658691406 498.4206848144531 323.6191101074219
chair 0.0566224567592144 485.61871337890625 213.1205291748047 499.876708984375 240.2806854248047
person 0.054606594145298004 93.40198516845703 8.110800743103027 203.9718475341797 253.59214782714844
sofa 0.05140810087323189 32.79268264770508 4.000846862792969 483.6522216796875 297.21795654296875
