sheep 0.7797551155090332 35.82938766479492 34.78232955932617 426.20306396484375 333.0
sofa 0.7022726535797119 214.47705078125 0.15046633780002594 495.8853759765625 60.92695236206055
sheep 0.5812178254127502 2.82000470161438 110.13854217529297 125.90049743652344 309.90753173828125
sofa 0.5188995003700256 69.32707214355469 1.8272292613983154 500.0 259.3204345703125
dog 0.5049595236778259 93.61807250976562 97.8496322631836 265.77667236328125 261.4006652832031
sheep 0.5028285980224609 45.0623779296875 101.82221984863281 274.6312561035156 262.6732177734375
sofa 0.4768914580345154 108.30436706542969 0.9125062823295593 495.0155029296875 90.65738677978516
dog 0.4745975136756897 97.18970489501953 72.91832733154297 411.7353210449219 316.1154479980469
sheep 0.25068405270576477 20.081613540649414 31.662870407104492 208.1468048095703 292.4269104003906
cat 0.24351993203163147 103.85399627685547 74.58842468261719 406.5603942871094 314.0727844238281
dog 0.23391970992088318 10.991219520568848 40.13872146606445 431.7457275390625 233.78305053710938
chair 0.21457087993621826 230.5242919921875 20.446578979492188 500.0 241.17098999023438
chair 0.20923101902008057 0.0 0.0 182.25811767578125 176.153564453125
cow 0.20376116037368774 0.0 0.0 178.43820190429688 161.74972534179688
sheep 0.1915431171655655 0.0 2.6178030967712402 187.19712829589844 190.94627380371094
cat 0.18316887319087982 190.23611450195312 137.1693878173828 367.4534912109375 254.91757202148438
cow 0.15994492173194885 0.0 17.777854919433594 251.70654296875 242.3238983154297
chair 0.14221283793449402 3.023247480392456 14.53000545501709 477.59332275390625 329.63690185546875
bicycle 0.13987019658088684 197.59140014648438 34.58981704711914 500.0 318.8350524902344
sheep 0.13763107359409332 202.86593627929688 33.29228973388672 483.6882019042969 333.0
sheep 0.1267060488462448 366.4159240722656 44.25008773803711 497.6330871582031 333.0
person 0.1215549185872078 52.882896423339844 12.422346115112305 497.9813232421875 315.5979309082031
sheep 0.10728833824396133 22.68410873413086 87.27978515625 130.4212188720703 227.41354370117188
sheep 0.09938768297433853 0.0 98.93252563476562 42.80088424682617 159.98553466796875
cat 0.09484126418828964 12.401177406311035 40.779903411865234 410.385498046875 225.62847900390625
dog 0.08385700732469559 141.70806884765625 137.98863220214844 366.43646240234375 333.0
cow 0.07992719113826752 0.0 93.1552505493164 43.742774963378906 164.37994384765625
sheep 0.07378030568361282 0.7727541327476501 7.375099182128906 108.7416763305664 134.43753051757812
diningtable 0.06981201469898224 188.95257568359375 5.112337112426758 493.8134460449219 325.7818298339844
cat 0.0696680098772049 92.63624572753906 100.9231185913086 276.50433349609375 262.1654357910156
horse 0.06611712276935577 0.0 75.37796020507812 64.31221008300781 318.9195861816406
sheep 0.06605598330497742 40.39230728149414 104.20819854736328 158.03831481933594 261.1455383300781
sheep 0.06228961423039436 105.93897247314453 154.46620178222656 421.86065673828125 327.4361572265625
sheep 0.06225614622235298 7.691064834594727 34.413482666015625 410.89788818359375 157.43093872070312
horse 0.058947592973709106 0.0 0.0 176.24105834960938 165.0625762939453
chair 0.05791524425148964 27.69809341430664 5.36196231842041 424.8551330566406 185.97691345214844
dog 0.05512208864092827 168.51771545410156 117.03129577636719 357.7627868652344 256.4833068847656
person 0.050463221967220306 0.6319755911827087 99.54757690429688 42.807762145996094 165.24485778808594
