chair 0.9767624735832214 157.19744873046875 176.23231506347656 299.96630859375 480.7266540527344
diningtable 0.9750848412513733 0.0 233.4613037109375 312.1849670410156 500.0
chair 0.9246106743812561 0.0 292.8708190917969 162.7403106689453 500.0
chair 0.6310641765594482 200.19876098632812 159.97801208496094 323.3937683105469 261.3941955566406
chair 0.6177070736885071 247.82598876953125 168.70533752441406 333.0 397.55987548828125
chair 0.5010278224945068 154.6878662109375 181.96609497070312 299.2584533691406 254.39590454101562
chair 0.47447264194488525 14.40400505065918 183.45848083496094 178.43136596679688 440.7854309082031
pottedplant 0.2932824194431305 29.60387420654297 151.67269897460938 79.60112762451172 268.6208190917969
chair 0.150062695145607 160.88156127929688 188.02980041503906 243.2149658203125 404.38104248046875
chair 0.10774890333414078 2.524449348449707 237.38772583007812 123.95220184326172 426.3169860839844
chair 0.10345852375030518 285.1646728515625 157.87448120117188 333.0 371.8428955078125
chair 0.10146097838878632 56.5689697265625 233.30833435058594 162.06491088867188 455.70050048828125
pottedplant 0.08583340048789978 11.57020092010498 153.4364776611328 148.4969482421875 420.91363525390625
pottedplant 0.07835301756858826 276.794677734375 107.41731262207031 306.65863037109375 147.2946319580078
chair 0.07761417329311371 101.56147003173828 235.55999755859375 212.36724853515625 445.4161682128906
bottle 0.0696876049041748 28.945850372314453 161.20281982421875 68.00566864013672 263.59814453125
diningtable 0.066316157579422 2.2124204635620117 239.44451904296875 303.0207214355469 348.40045166015625
pottedplant 0.06307432800531387 274.671630859375 102.39043426513672 330.34356689453125 170.77748107910156
pottedplant 0.056747738271951675 240.63400268554688 3.73917818069458 309.42059326171875 111.24616241455078
chair 0.05509154871106148 42.88278579711914 243.74520874023438 239.67652893066406 482.17315673828125
pottedplant 0.0545637309551239 27.1679744720459 149.51416015625 104.4356689453125 366.6634216308594
