person 0.9890280961990356 221.84783935546875 63.17783737182617 496.70269775390625 372.99591064453125
person 0.9753429889678955 199.70343017578125 123.3454360961914 397.2514343261719 375.0
horse 0.8179687857627869 0.0 134.1818084716797 193.13059997558594 375.0
sheep 0.2383362054824829 55.87195587158203 136.47048950195312 72.8538589477539 146.7201690673828
horse 0.19500763714313507 69.72357177734375 127.04878997802734 260.60491943359375 375.0
sheep 0.15130020678043365 3.7686526775360107 302.398681640625 111.15805053710938 375.0
cow 0.13664574921131134 0.0 117.03053283691406 268.35284423828125 375.0
person 0.1217702329158783 222.3228302001953 120.09774780273438 386.00823974609375 274.236328125
sheep 0.06944585591554642 0.0 129.9791717529297 265.943359375 374.79388427734375
cow 0.06556554138660431 80.61344146728516 136.4351348876953 112.11265563964844 151.16868591308594
person 0.060706548392772675 281.15997314453125 297.3179626464844 383.23284912109375 374.26141357421875
cow 0.05498301237821579 55.644744873046875 136.69590759277344 81.03767395019531 146.96046447753906
horse 0.050986938178539276 94.69493103027344 127.2383041381836 265.4578857421875 265.8120422363281
