diningtable 0.9915351867675781 0.0 108.34904479980469 375.0 498.0197448730469
person 0.9834817051887512 78.46253967285156 0.7834587097167969 337.7167053222656 134.5841522216797
diningtable 0.6136175394058228 0.0 0.0 98.0570297241211 87.88774871826172
chair 0.4044700562953949 0.0 1.9502514600753784 50.34344482421875 110.04167938232422
chair 0.2077653557062149 34.63714599609375 3.0846338272094727 73.36685943603516 86.24188995361328
chair 0.19272860884666443 58.261932373046875 2.318394899368286 96.546875 85.7314224243164
diningtable 0.13827106356620789 82.22406768798828 118.24109649658203 375.0 278.2720642089844
bird 0.13215020298957825 205.05677795410156 336.9937438964844 375.0 419.1481018066406
diningtable 0.1025925725698471 0.0 0.0 128.9808349609375 134.2510223388672
chair 0.0744858905673027 67.17939758300781 5.364219665527344 305.7103576660156 122.15480041503906
diningtable 0.050450846552848816 40.03719711303711 0.5867870450019836 97.41993713378906 74.4112777709961
