person 0.9884633421897888 110.50300598144531 142.90835571289062 288.4598083496094 375.0
diningtable 0.9709914922714233 219.1199951171875 242.98876953125 500.0 375.0
person 0.9655812978744507 249.7623291015625 152.22010803222656 356.89471435546875 260.1624755859375
person 0.8993398547172546 239.259765625 153.2849578857422 361.26348876953125 356.754638671875
chair 0.42646586894989014 382.6714782714844 223.80133056640625 495.1468505859375 367.0492248535156
train 0.4155634939670563 4.215075969696045 0.0 399.3138732910156 375.0
chair 0.3409767150878906 410.5713195800781 214.02041625976562 493.6030578613281 267.19781494140625
bus 0.3164435625076294 0.9963015913963318 1.9964933395385742 265.7560729980469 367.4539794921875
boat 0.24349065124988556 231.8904571533203 137.76002502441406 247.1844024658203 145.33303833007812
chair 0.22026382386684418 91.63372802734375 260.3329772949219 228.67813110351562 373.61419677734375
boat 0.22019946575164795 467.8981628417969 134.8191375732422 493.64447021484375 146.691162109375
tvmonitor 0.1690916270017624 0.0 0.0 352.8305358886719 366.89312744140625
chair 0.12457358092069626 89.77606964111328 256.99591064453125 120.48966979980469 375.0
chair 0.08191588521003723 414.74090576171875 170.75619506835938 497.7254638671875 263.5770263671875
diningtable 0.07920602709054947 101.16570281982422 244.9215545654297 409.3285217285156 368.7789611816406
boat 0.07411070168018341 4.309262275695801 0.8993625640869141 423.4580993652344 373.71099853515625
chair 0.05919618904590607 111.59213256835938 236.0853271484375 302.2052307128906 372.9286193847656
chair 0.0579487569630146 334.4862365722656 326.964111328125 500.0 374.10711669921875
chair 0.05328783765435219 222.66400146484375 231.0146942138672 332.4731750488281 363.98870849609375
