person 0.9949818253517151 217.68804931640625 30.01936912536621 316.1881103515625 228.43450927734375
horse 0.7065093517303467 53.99314498901367 84.91936492919922 407.09002685546875 363.50970458984375
bottle 0.21399089694023132 321.31085205078125 197.20396423339844 371.3725280761719 246.52806091308594
person 0.14053690433502197 316.14434814453125 102.4066390991211 402.3108215332031 261.10882568359375
person 0.12131556123495102 50.525177001953125 176.2179718017578 161.35768127441406 364.3153381347656
dog 0.1078496128320694 37.690834045410156 139.22132873535156 221.527099609375 357.31329345703125
bird 0.0910809263586998 80.30795288085938 181.85748291015625 201.57704162597656 367.0
horse 0.08287111669778824 116.85580444335938 75.55009460449219 395.4471435546875 258.4176025390625
car 0.06276363134384155 134.40196228027344 76.72028350830078 236.21153259277344 114.15553283691406
person 0.059556666761636734 157.03724670410156 40.67584228515625 356.6312561035156 235.484375
bus 0.053107842803001404 141.18287658691406 77.19759368896484 238.35293579101562 117.10272979736328
bicycle 0.05153953284025192 53.92593765258789 168.65643310546875 406.2118835449219 359.03985595703125
