bus 0.9970898628234863 288.204833984375 0.0 498.2310485839844 272.4651794433594
bus 0.9949033260345459 2.1392860412597656 0.0 207.59474182128906 302.3348388671875
bus 0.9906030893325806 198.99343872070312 56.84489059448242 258.60699462890625 211.82545471191406
car 0.8546375036239624 254.88304138183594 169.10638427734375 287.9768981933594 191.25209045410156
bus 0.7866324186325073 372.3512268066406 57.43157958984375 499.0484313964844 201.5542449951172
bus 0.38556477427482605 204.41419982910156 17.480892181396484 304.33612060546875 200.0281982421875
bus 0.3673792779445648 146.55577087402344 18.098630905151367 217.3869171142578 247.4552764892578
bus 0.3361896574497223 256.1860656738281 139.8848876953125 294.1583251953125 182.5582733154297
bus 0.24627821147441864 2.802274703979492 66.51787567138672 57.914581298828125 142.88552856445312
bus 0.18321004509925842 290.3743591308594 0.0 369.16436767578125 251.4277801513672
chair 0.133850559592247 378.5539855957031 83.62059020996094 463.398681640625 166.00973510742188
bus 0.10272784531116486 209.0354766845703 120.42696380615234 255.8489227294922 211.74017333984375
train 0.10269080847501755 366.39349365234375 55.62347412109375 498.6694030761719 205.654541015625
boat 0.0954749658703804 206.8629150390625 17.22022819519043 305.21453857421875 44.43284606933594
bus 0.08021103590726852 182.225830078125 4.839287281036377 351.8561706542969 237.5203094482422
person 0.06944363564252853 382.6909484863281 80.34407043457031 455.1904296875 133.6802978515625
tvmonitor 0.05738392472267151 369.10394287109375 63.317970275878906 498.8413391113281 195.23141479492188
car 0.054823972284793854 349.7682189941406 4.750912666320801 500.0 263.1925964355469
