person 0.99321049451828 2.4540815353393555 2.1882104873657227 302.0825500488281 344.88653564453125
person 0.9825617074966431 109.98461151123047 203.1416778564453 294.3370666503906 374.0
person 0.2696525752544403 125.41758728027344 20.36594009399414 494.2834167480469 371.5876159667969
person 0.2695000171661377 301.1650695800781 44.079566955566406 405.0061950683594 121.02426147460938
person 0.25642693042755127 132.21754455566406 200.6220703125 437.5989685058594 374.0
person 0.23531776666641235 303.5079040527344 176.330322265625 344.5810241699219 225.94024658203125
person 0.22271688282489777 284.4507751464844 40.722412109375 411.4383850097656 254.6598663330078
person 0.2219277173280716 313.9688415527344 187.35464477539062 341.1720886230469 222.60244750976562
tvmonitor 0.16914768517017365 396.66259765625 56.15834426879883 450.3229675292969 119.81353759765625
diningtable 0.14894136786460876 396.5166931152344 114.45784759521484 500.0 221.0470428466797
chair 0.12768831849098206 398.1643371582031 110.30355072021484 500.0 219.43820190429688
person 0.11950252205133438 275.4080505371094 39.33006286621094 497.0353698730469 302.3244934082031
person 0.1036362498998642 73.78466796875 5.975434303283691 377.0635681152344 248.0124053955078
bottle 0.09781782329082489 222.54273986816406 4.8358564376831055 265.7552795410156 77.84413146972656
person 0.0909133329987526 213.2057342529297 38.06577682495117 261.9884338378906 112.8060531616211
diningtable 0.08969199657440186 44.74186706542969 33.917518615722656 488.73614501953125 374.0
person 0.079196996986866 318.2270812988281 189.69857788085938 339.7261962890625 211.5030517578125
person 0.07721785455942154 213.1263427734375 23.140296936035156 402.13751220703125 139.92953491210938
person 0.07201281189918518 81.87333679199219 111.05299377441406 332.6969299316406 362.24407958984375
bottle 0.06934357434511185 197.22996520996094 74.91958618164062 218.7029266357422 130.66639709472656
person 0.05293212831020355 241.61581420898438 167.33154296875 494.76092529296875 374.0
