aeroplane 0.994524359703064 62.550559997558594 78.74568176269531 447.9274597167969 225.08763122558594
person 0.4833119809627533 458.6260681152344 318.6613464355469 499.1608581542969 374.33123779296875
aeroplane 0.4774872064590454 4.915734767913818 3.9954042434692383 374.6766357421875 282.0901794433594
aeroplane 0.4311968982219696 302.89166259765625 76.34255981445312 380.9306640625 114.45433807373047
aeroplane 0.3303919732570648 332.34991455078125 75.89421081542969 440.783447265625 157.83030700683594
person 0.2758331298828125 295.4156799316406 325.62908935546875 349.47137451171875 375.0
aeroplane 0.21414735913276672 315.1459045410156 77.33053588867188 413.8877868652344 127.9769287109375
aeroplane 0.12744258344173431 26.0561580657959 84.1004867553711 500.0 314.6789245605469
boat 0.08443490415811539 260.2001037597656 99.80953979492188 343.8018798828125 141.24290466308594
person 0.0840853601694107 141.98651123046875 153.9463653564453 151.53445434570312 164.88482666015625
person 0.08201652020215988 417.7159423828125 310.5887451171875 496.594970703125 375.0
bottle 0.07109951972961426 175.47854614257812 363.8945007324219 185.42979431152344 375.0
boat 0.054952628910541534 20.650367736816406 57.734413146972656 490.88104248046875 296.9585266113281
