person 0.9891370534896851 171.26446533203125 5.451664924621582 385.1787414550781 313.25775146484375
person 0.9542921781539917 1.0066006183624268 46.91420364379883 64.88240051269531 233.02044677734375
car 0.8626805543899536 109.7201156616211 85.23527526855469 196.14865112304688 107.60505676269531
pottedplant 0.6766876578330994 125.85993194580078 206.56857299804688 196.06236267089844 299.20501708984375
pottedplant 0.6677170991897583 413.44598388671875 64.90286254882812 493.8650207519531 321.6904296875
pottedplant 0.46040457487106323 352.9126892089844 230.2967529296875 443.6018371582031 362.0866394042969
bottle 0.4594767093658447 202.33360290527344 154.35299682617188 244.02915954589844 182.74620056152344
pottedplant 0.40050601959228516 240.1659393310547 271.8619384765625 307.2521057128906 375.0
pottedplant 0.3348619043827057 363.4124755859375 37.84697723388672 445.7980041503906 107.28284454345703
pottedplant 0.32385700941085815 316.3490295410156 65.20330047607422 472.28125 346.169189453125
person 0.3208680748939514 21.403043746948242 23.170909881591797 374.35919189453125 250.77890014648438
car 0.3028234541416168 32.40398406982422 59.73015213012695 112.11540222167969 124.95503234863281
pottedplant 0.2518729269504547 410.77337646484375 6.517923355102539 435.3907470703125 64.7788314819336
pottedplant 0.2429010570049286 429.56524658203125 195.15750122070312 489.7593994140625 310.92913818359375
pottedplant 0.21229100227355957 300.99603271484375 255.88609313964844 401.0364990234375 373.4637145996094
boat 0.19721528887748718 363.0546569824219 43.47035217285156 446.73016357421875 106.35664367675781
car 0.16719724237918854 119.70365905761719 62.07197570800781 279.50482177734375 112.87847900390625
dog 0.14812953770160675 23.219192504882812 169.4600830078125 130.3334197998047 238.62684631347656
pottedplant 0.13539087772369385 219.08372497558594 14.979243278503418 411.3493347167969 349.1488952636719
dog 0.12253919988870621 96.42864227294922 165.81430053710938 244.55038452148438 227.36647033691406
car 0.08626623451709747 152.92164611816406 82.10541534423828 211.81845092773438 104.5722427368164
pottedplant 0.07887060195207596 281.8048095703125 192.6966094970703 440.12469482421875 371.8421630859375
boat 0.07564336806535721 364.3576354980469 0.7940411567687988 452.8304138183594 123.70894622802734
train 0.06974057108163834 113.49891662597656 62.185218811035156 287.051025390625 112.89566802978516
pottedplant 0.06555556505918503 105.94268035888672 162.02243041992188 219.37794494628906 291.8771667480469
pottedplant 0.06150852143764496 350.5613708496094 9.681562423706055 451.334716796875 126.54158782958984
tvmonitor 0.0597398616373539 410.298828125 35.8763427734375 435.5522766113281 62.5081672668457
boat 0.05681588500738144 116.15655517578125 84.24075317382812 199.52853393554688 106.44119262695312
pottedplant 0.05275517329573631 392.91278076171875 6.147747993469238 440.1543884277344 94.24835968017578
