person 0.9980928301811218 66.60086822509766 67.94285583496094 380.7064208984375 375.0
bottle 0.8259724974632263 193.93246459960938 180.37161254882812 251.34901428222656 243.45977783203125
sofa 0.7284845113754272 142.1136016845703 154.60047912597656 499.9241638183594 351.954345703125
sofa 0.43731197714805603 331.70294189453125 148.00856018066406 496.58953857421875 330.5989074707031
bottle 0.4313780665397644 1.4347717761993408 341.2289733886719 36.00602722167969 375.0
pottedplant 0.3446430265903473 20.28809928894043 0.0 246.04420471191406 339.1373291015625
chair 0.14788179099559784 202.92709350585938 190.94723510742188 392.314453125 368.6401062011719
chair 0.14221972227096558 0.9506200551986694 103.50421142578125 39.27094268798828 257.9228820800781
bottle 0.14130285382270813 177.4456024169922 139.82421875 250.0159454345703 243.12139892578125
person 0.12111247330904007 1.5733622312545776 87.62848663330078 39.246917724609375 283.4425048828125
tvmonitor 0.10020899027585983 324.7813415527344 281.96307373046875 500.0 375.0
bottle 0.08866418898105621 16.71698760986328 344.4520568847656 54.283878326416016 375.0
pottedplant 0.08561045676469803 164.01858520507812 101.72281646728516 249.813720703125 243.8606414794922
sofa 0.05656753480434418 1.0450266599655151 100.47416687011719 38.10376739501953 261.723876953125
chair 0.05298552289605141 193.16314697265625 152.08602905273438 500.0 373.5887145996094
person 0.051918793469667435 217.0663604736328 67.71372985839844 376.2513122558594 343.6524658203125
