person 0.9926151037216187 186.1597442626953 16.582231521606445 404.019775390625 358.8951721191406
dog 0.8070113658905029 220.5476837158203 211.3642120361328 406.427978515625 361.62774658203125
chair 0.5138487219810486 185.02249145507812 216.8601531982422 416.051513671875 372.3594970703125
pottedplant 0.4432394802570343 0.04498551785945892 92.68238830566406 62.24008560180664 171.29742431640625
pottedplant 0.36258187890052795 0.0 168.3087615966797 69.26909637451172 285.3180236816406
bicycle 0.361173152923584 1.1221866607666016 247.2271728515625 71.91890716552734 366.86279296875
pottedplant 0.3281730115413666 420.1188659667969 9.252998352050781 483.48553466796875 213.0983123779297
pottedplant 0.20097291469573975 0.10553310066461563 177.20401000976562 27.00310516357422 257.2148742675781
person 0.1095418855547905 221.1039276123047 202.97842407226562 405.3110046386719 368.3728332519531
person 0.10933313518762589 460.1119384765625 7.11024284362793 497.8063049316406 279.1884765625
pottedplant 0.10191410034894943 32.35567092895508 175.56576538085938 69.21137237548828 285.7802429199219
sofa 0.10173190385103226 159.7099609375 247.98809814453125 475.6441955566406 369.50390625
person 0.07828983664512634 466.9077453613281 4.128313064575195 498.36602783203125 164.0775909423828
motorbike 0.06837001442909241 103.30655670166016 105.96331787109375 200.30731201171875 215.32778930664062
pottedplant 0.058331962674856186 0.0 172.89968872070312 51.45445251464844 251.59292602539062
