pottedplant 0.9417037963867188 139.0690155029297 27.653888702392578 296.8004455566406 304.050537109375
pottedplant 0.7477548718452454 43.05741500854492 256.33837890625 121.97962188720703 375.0
pottedplant 0.7061617970466614 289.5661315917969 196.05801391601562 356.4998779296875 284.6206359863281
pottedplant 0.7016002535820007 203.58042907714844 30.61092758178711 294.501953125 256.60498046875
pottedplant 0.6251372694969177 269.38262939453125 128.9500732421875 412.9036560058594 248.56234741210938
pottedplant 0.5981101393699646 147.90362548828125 172.06790161132812 238.6712646484375 352.92706298828125
pottedplant 0.5922085046768188 425.3830871582031 156.35137939453125 499.34527587890625 375.0
pottedplant 0.5030103325843811 271.4020690917969 253.7008056640625 309.2315673828125 312.6559143066406
pottedplant 0.416734516620636 0.1057862788438797 226.2523193359375 36.57475280761719 375.0
pottedplant 0.2403680384159088 247.4722900390625 232.39076232910156 270.5673828125 283.2380676269531
pottedplant 0.19765490293502808 315.1702575683594 135.63461303710938 358.0748291015625 170.94647216796875
pottedplant 0.1714845895767212 356.25970458984375 212.3527069091797 394.259521484375 280.272705078125
pottedplant 0.11209196597337723 233.46051025390625 157.8651885986328 275.38897705078125 287.0968322753906
pottedplant 0.09830725938081741 221.568603515625 119.82991027832031 301.1969909667969 207.48033142089844
pottedplant 0.08810461312532425 354.486572265625 202.0048065185547 421.610595703125 281.6890869140625
pottedplant 0.0792873427271843 331.0276794433594 145.9100799560547 494.76947021484375 372.2023620605469
pottedplant 0.07839147001504898 272.5205993652344 151.21400451660156 339.7105712890625 214.26437377929688
pottedplant 0.07590506970882416 223.4875946044922 156.62442016601562 288.1509704589844 208.29542541503906
pottedplant 0.05352522432804108 289.56964111328125 185.2278594970703 385.3736267089844 257.20745849609375
pottedplant 0.05285842716693878 233.63677978515625 32.14809036254883 290.8503112792969 200.7656707763672
pottedplant 0.05118422955274582 247.04037475585938 201.28518676757812 300.7061462402344 282.48077392578125
