aeroplane 0.997006356716156 198.46566772460938 269.30419921875 313.3525390625 311.55230712890625
aeroplane 0.9896949529647827 366.8462219238281 273.4316711425781 496.1628112792969 313.8660888671875
aeroplane 0.9864691495895386 62.205265045166016 80.97315979003906 426.97119140625 205.22633361816406
aeroplane 0.9744431376457214 141.62872314453125 265.09051513671875 177.98280334472656 297.61260986328125
aeroplane 0.9249382615089417 92.26581573486328 264.57965087890625 177.40611267089844 297.1322326660156
aeroplane 0.858139157295227 416.1102600097656 273.88690185546875 490.814697265625 300.89996337890625
aeroplane 0.7061182260513306 356.5454406738281 277.7663269042969 428.6810607910156 310.30023193359375
car 0.6499510407447815 48.530242919921875 304.58795166015625 67.6480941772461 315.81878662109375
aeroplane 0.523173451423645 357.4727783203125 287.6769714355469 472.440185546875 312.2420959472656
aeroplane 0.4478271007537842 358.1436767578125 289.89703369140625 408.2378234863281 311.96441650390625
aeroplane 0.3930794596672058 10.943155288696289 263.25396728515625 93.63013458251953 288.033447265625
car 0.21009913086891174 175.7301025390625 305.4981384277344 189.4200897216797 316.22198486328125
aeroplane 0.20919717848300934 63.65011978149414 267.8607177734375 82.16162872314453 282.1033935546875
car 0.10717213898897171 129.27682495117188 306.8750305175781 139.51409912109375 316.3251647949219
aeroplane 0.10447459667921066 411.2535095214844 274.6583251953125 441.0156555175781 294.1874694824219
aeroplane 0.09625443071126938 51.77273941040039 266.0711364746094 149.69610595703125 294.446044921875
car 0.08317767083644867 11.068704605102539 305.7355041503906 24.241254806518555 313.2484436035156
aeroplane 0.08027707040309906 77.78852844238281 276.2342834472656 100.36143493652344 287.595703125
aeroplane 0.07583848387002945 66.98249053955078 270.362548828125 98.7509536743164 287.1285095214844
aeroplane 0.06655585765838623 33.45831298828125 264.51861572265625 119.27425384521484 290.84747314453125
boat 0.06283283233642578 64.37105560302734 267.3760986328125 82.08893585205078 281.764892578125
