bird 0.7050909399986267 135.54225158691406 210.30801391601562 240.30621337890625 389.06817626953125
pottedplant 0.3570723831653595 0.0 0.0 152.08421325683594 403.81793212890625
pottedplant 0.2920600473880768 4.3874735832214355 0.0 338.0 391.3925476074219
dog 0.16954770684242249 130.86465454101562 209.25941467285156 242.66099548339844 395.9936828613281
pottedplant 0.1247289776802063 94.94776153564453 0.0 323.9287414550781 208.16940307617188
pottedplant 0.10026636719703674 195.61309814453125 22.90437126159668 333.8112487792969 407.4627990722656
pottedplant 0.07433465123176575 6.523894309997559 0.0 84.03021240234375 386.55902099609375
horse 0.06566717475652695 130.73959350585938 206.2606201171875 239.63157653808594 394.6579895019531
person 0.06240079551935196 135.5526885986328 208.62596130371094 235.38796997070312 397.2472839355469
bird 0.05936240777373314 7.5804829597473145 39.249385833740234 180.31492614746094 387.85211181640625
