chair 0.9364000558853149 102.13629150390625 58.7812614440918 281.14495849609375 335.9356994628906
diningtable 0.8721179962158203 117.97801208496094 100.86572265625 401.9169006347656 344.1329345703125
chair 0.8526211380958557 76.32593536376953 66.61738586425781 162.09616088867188 313.14764404296875
chair 0.8216354846954346 256.43707275390625 88.83226776123047 392.5516662597656 322.2290344238281
chair 0.6790030002593994 248.61744689941406 74.73035430908203 328.0110168457031 281.9236755371094
chair 0.6329284906387329 186.31297302246094 94.5800552368164 289.4884948730469 323.60504150390625
chair 0.45642614364624023 319.4335021972656 76.3880844116211 396.01593017578125 253.32896423339844
chair 0.39045581221580505 330.2144470214844 74.9574203491211 392.3403625488281 121.72760009765625
chair 0.35747337341308594 100.85916900634766 42.77552795410156 187.11483764648438 348.5649719238281
chair 0.3121664226055145 254.57801818847656 85.31285858154297 316.84320068359375 194.21897888183594
chair 0.22329747676849365 74.50521850585938 57.95538330078125 118.96331787109375 302.8580017089844
chair 0.20189960300922394 110.64629364013672 136.17752075195312 223.30545043945312 353.77447509765625
chair 0.1480485200881958 269.6680603027344 83.47474670410156 321.0577392578125 116.53511810302734
chair 0.1313188225030899 375.4485168457031 77.25257110595703 395.78948974609375 121.49878692626953
tvmonitor 0.10245772451162338 101.75151062011719 0.041495561599731445 212.83457946777344 102.74301147460938
diningtable 0.09200207144021988 56.84618377685547 75.68775939941406 283.289306640625 318.73724365234375
chair 0.07193692773580551 160.66441345214844 94.89552307128906 278.11602783203125 229.77281188964844
chair 0.0664013922214508 188.8296661376953 91.36964416503906 314.666015625 202.26040649414062
bottle 0.06606083363294601 414.9789733886719 42.437034606933594 431.6376953125 73.18013000488281
chair 0.06310439854860306 201.07290649414062 121.66744995117188 352.2342224121094 324.11322021484375
chair 0.05637248605489731 98.22372436523438 53.22169494628906 141.8798828125 304.0367736816406
diningtable 0.05361418426036835 144.3683624267578 161.0032958984375 287.0008544921875 359.9956359863281
