person 0.9723590016365051 8.129923820495605 2.0365476608276367 63.367618560791016 112.91949462890625
tvmonitor 0.9440277814865112 355.09185791015625 111.78160858154297 446.33343505859375 196.12965393066406
person 0.9235353469848633 92.9555435180664 148.4485626220703 364.50836181640625 338.9019470214844
person 0.8967480659484863 70.8892593383789 154.62351989746094 127.3184814453125 232.1031036376953
person 0.843562662601471 247.4328155517578 166.6263427734375 365.6458435058594 328.51263427734375
sofa 0.8393911123275757 51.864383697509766 214.19778442382812 323.2336120605469 368.3377990722656
person 0.7629578113555908 114.0517807006836 154.70272827148438 177.01194763183594 229.88015747070312
sofa 0.5581645965576172 391.4898376464844 221.05628967285156 498.030517578125 306.9419250488281
person 0.5336368083953857 124.42241668701172 168.7786407470703 355.4899597167969 268.9737548828125
sofa 0.5188095569610596 0.0 185.020751953125 275.10205078125 272.1629333496094
person 0.4779928922653198 155.2938690185547 173.09970092773438 195.2677459716797 228.5349884033203
sofa 0.4630866050720215 143.7810516357422 176.63450622558594 254.38414001464844 230.14710998535156
person 0.40885934233665466 153.51329040527344 175.06793212890625 180.0438232421875 215.15719604492188
person 0.281573623418808 121.5290756225586 163.25857543945312 235.5276641845703 231.9247589111328
person 0.2451825886964798 127.5994644165039 279.5027160644531 205.5059814453125 373.77935791015625
chair 0.2280798852443695 466.6160583496094 145.0030975341797 493.8418273925781 181.7986602783203
person 0.22609013319015503 167.19590759277344 177.0883026123047 210.29254150390625 230.0240936279297
sofa 0.18159087002277374 98.60362243652344 168.2917938232422 319.61859130859375 328.14154052734375
sofa 0.1772017925977707 0.0 195.0413055419922 80.24102783203125 274.30279541015625
sofa 0.14950992166996002 81.01909637451172 171.60545349121094 258.8772277832031 239.1210479736328
chair 0.13065069913864136 13.897372245788574 309.7485046386719 116.02366638183594 375.0
chair 0.12375347316265106 272.81072998046875 109.67506408691406 314.6920166015625 276.2358093261719
sofa 0.10453392565250397 383.8573913574219 236.88645935058594 497.50799560546875 375.0
tvmonitor 0.08465297520160675 355.9569091796875 116.89057922363281 398.5164489746094 181.8510284423828
chair 0.08163750171661377 393.1207580566406 254.4590606689453 500.0 373.40460205078125
chair 0.07869517803192139 415.1425476074219 135.20057678222656 495.0533142089844 211.7247314453125
tvmonitor 0.07785475254058838 390.1741027832031 113.5418701171875 417.45782470703125 124.03523254394531
tvmonitor 0.07770469784736633 0.0 117.1651611328125 102.09214782714844 214.21803283691406
chair 0.07593768835067749 54.21223068237305 188.66261291503906 324.0817565917969 355.62103271484375
person 0.07195531576871872 62.21638488769531 157.65643310546875 126.62841796875 297.4355163574219
person 0.06878405809402466 322.1977233886719 136.11898803710938 494.4117431640625 371.7138366699219
chair 0.061530981212854385 23.318593978881836 309.3074951171875 257.5003967285156 374.93658447265625
chair 0.057957347482442856 454.3073425292969 145.18177795410156 493.0527648925781 208.7425537109375
chair 0.057929132133722305 161.63763427734375 175.46237182617188 258.2076110839844 227.50852966308594
pottedplant 0.05266566202044487 266.16290283203125 191.63758850097656 313.03424072265625 266.1191711425781
