chair 0.9690197110176086 166.6477813720703 188.7554931640625 269.1597900390625 357.2036437988281
chair 0.8936285376548767 275.0886535644531 218.04208374023438 366.3539733886719 401.5670166015625
sofa 0.7954776287078857 1.7989826202392578 419.6568603515625 96.21250915527344 500.0
bottle 0.1874360293149948 327.2151794433594 284.6242980957031 334.931640625 302.9705505371094
pottedplant 0.16852565109729767 284.591552734375 229.3325958251953 314.8350830078125 260.48822021484375
tvmonitor 0.09672391414642334 123.74161529541016 116.6169204711914 159.1267547607422 152.84524536132812
tvmonitor 0.09205064922571182 28.63710594177246 77.32627868652344 78.80769348144531 125.49736022949219
chair 0.08737417310476303 4.389091491699219 420.9524230957031 95.31612396240234 500.0
bottle 0.08312191814184189 45.67918395996094 210.2421417236328 60.07073974609375 236.86941528320312
bottle 0.06670675426721573 34.651458740234375 212.8850555419922 48.27862548828125 237.515380859375
sofa 0.06622352451086044 274.5923156738281 219.5655059814453 365.2138977050781 465.90283203125
tvmonitor 0.05608915910124779 145.560546875 464.6657409667969 228.65249633789062 498.6679382324219
cat 0.05276830121874809 290.2625427246094 223.12139892578125 364.042724609375 383.97125244140625
