dog 0.7560674548149109 162.86761474609375 56.56165313720703 350.0841369628906 281.68621826171875
sheep 0.630193829536438 165.7707061767578 59.38969421386719 348.3311767578125 276.031982421875
horse 0.42292046546936035 163.7300262451172 50.74980163574219 341.931640625 280.1156005859375
car 0.3894777297973633 168.51756286621094 49.5650634765625 228.06007385253906 69.70994567871094
car 0.26880329847335815 54.76601791381836 45.38242721557617 91.15016174316406 57.8753776550293
car 0.22151687741279602 117.20768737792969 49.56788635253906 141.2164306640625 56.70550537109375
car 0.12340269237756729 25.172019958496094 48.05876541137695 36.56303787231445 57.270442962646484
car 0.09737202525138855 141.22747802734375 50.08977508544922 154.55482482910156 58.136898040771484
car 0.07191755622625351 273.7373962402344 44.70011520385742 301.3196716308594 56.75456619262695
car 0.0699693113565445 257.6567687988281 45.86431121826172 277.4037780761719 55.55168533325195
cow 0.06448443233966827 174.58973693847656 54.632720947265625 343.0144958496094 285.8046569824219
