person 0.9955472946166992 8.865341186523438 0.0 478.47235107421875 397.8351135253906
bottle 0.9627825617790222 267.892333984375 72.19084930419922 405.3897705078125 290.68707275390625
person 0.25989291071891785 267.5496826171875 149.84793090820312 468.106201171875 397.2400817871094
chair 0.16918762028217316 276.0553894042969 51.30867385864258 334.7539367675781 80.61898803710938
bird 0.14179985225200653 404.467529296875 42.2806510925293 453.7750244140625 91.06925964355469
bottle 0.07788334041833878 101.11939239501953 17.740442276000977 115.89838409423828 38.33252716064453
chair 0.07582545280456543 250.9664306640625 54.36187744140625 308.43951416015625 83.81732177734375
person 0.059245914220809937 401.9264831542969 45.03509521484375 453.3258972167969 92.94169616699219
pottedplant 0.05812855437397957 402.09490966796875 40.75776672363281 455.05535888671875 94.02262878417969
bottle 0.057727959007024765 235.73696899414062 46.23933410644531 443.5152282714844 361.3485107421875
chair 0.055571842938661575 250.12222290039062 56.35430908203125 280.8689270019531 82.22990417480469
