diningtable 0.977020263671875 39.267208099365234 132.00900268554688 460.8186340332031 375.0
chair 0.8838351964950562 337.18719482421875 163.75831604003906 498.626220703125 375.0
chair 0.8650203347206116 103.44165802001953 301.9599609375 334.0915832519531 374.665771484375
bottle 0.7334235310554504 179.7501983642578 110.2311782836914 208.8939208984375 181.3395538330078
chair 0.7016704678535461 0.6258537173271179 157.82717895507812 68.32859802246094 367.2459411621094
chair 0.5201510787010193 104.5924301147461 107.4143295288086 200.47222900390625 169.6189727783203
chair 0.4601144790649414 293.1689147949219 102.67802429199219 387.260009765625 146.64456176757812
bird 0.3373032510280609 223.45387268066406 107.34822845458984 275.4242858886719 150.80284118652344
bird 0.29828205704689026 222.2830810546875 112.28260803222656 272.8594055175781 182.30691528320312
chair 0.21051815152168274 1.3032666444778442 161.4739990234375 63.232444763183594 263.27703857421875
diningtable 0.08663560450077057 23.609254837036133 242.20001220703125 424.1051940917969 364.97930908203125
chair 0.08608227223157883 0.5031821727752686 157.89047241210938 147.0498046875 358.0456848144531
chair 0.08583082258701324 115.58185577392578 107.8996810913086 357.203857421875 165.2376708984375
bottle 0.07535603642463684 203.9390106201172 113.12300109863281 222.36024475097656 173.69529724121094
chair 0.0653284341096878 407.9447937011719 160.69541931152344 490.2794494628906 354.3268737792969
chair 0.06527965515851974 446.35211181640625 164.65061950683594 493.458251953125 244.03590393066406
bottle 0.05517973378300667 202.37171936035156 108.23248291015625 225.4272918701172 213.11264038085938
