dog 0.996215283870697 113.37052917480469 91.70484924316406 299.71417236328125 311.6029052734375
dog 0.991612434387207 228.33412170410156 145.60812377929688 386.69964599609375 373.183349609375
dog 0.8830662965774536 105.68555450439453 61.96885681152344 324.90093994140625 208.1260223388672
sofa 0.6943684220314026 0.0 0.0 500.0 375.0
chair 0.628229022026062 432.20361328125 1.2021589279174805 499.87646484375 141.78656005859375
dog 0.4545358419418335 111.19742584228516 55.90116882324219 400.576904296875 357.2696533203125
person 0.1701931357383728 78.57897186279297 0.0 473.48760986328125 375.0
dog 0.1602858155965805 177.259521484375 60.65536880493164 324.8059387207031 159.99166870117188
dog 0.09626257419586182 125.32235717773438 199.48733520507812 306.288330078125 327.81549072265625
dog 0.08348080515861511 188.2013702392578 124.78572082519531 325.3243408203125 317.883056640625
cat 0.07234468311071396 266.7970886230469 161.35311889648438 378.4109802246094 372.2718505859375
person 0.057855524122714996 156.21957397460938 5.080414772033691 434.1942443847656 101.31887817382812
person 0.05118027701973915 314.2987365722656 13.921956062316895 420.03729248046875 86.67866516113281
