person 0.9905906319618225 3.013911485671997 74.94153594970703 285.5386657714844 371.5784912109375
person 0.9814420342445374 268.1400451660156 59.37050247192383 500.0 374.8017272949219
bottle 0.7336722016334534 411.360107421875 106.46544647216797 499.9764099121094 273.4373779296875
person 0.4354509115219116 1.320844292640686 176.87518310546875 115.7442626953125 293.7384338378906
bottle 0.3307015001773834 90.37940979003906 1.4584028720855713 120.71717834472656 90.9693603515625
bottle 0.3016791045665741 76.78006744384766 4.043208122253418 99.09130859375 90.99375915527344
bottle 0.2651076316833496 54.15462875366211 1.1143004894256592 83.2398452758789 89.3864974975586
bottle 0.10652755945920944 29.636919021606445 256.9974365234375 89.19407653808594 374.2189636230469
person 0.09091499447822571 409.5230407714844 87.16993713378906 498.7345886230469 209.03195190429688
person 0.07703915983438492 4.751488208770752 48.56992721557617 154.44923400878906 349.864501953125
bottle 0.0715055838227272 6.970876216888428 0.0 128.4031219482422 264.0172119140625
person 0.06999675929546356 112.60936737060547 74.6386947631836 274.02130126953125 322.337158203125
bottle 0.058568328619003296 4.817887783050537 0.0 49.555110931396484 99.01841735839844
