dog 0.9740282893180847 227.13294982910156 158.95245361328125 446.955322265625 345.3114318847656
person 0.9378803372383118 167.30706787109375 5.991497039794922 331.3259582519531 334.09185791015625
person 0.9080533981323242 184.0579376220703 0.0 443.783935546875 369.6251220703125
person 0.6783779859542847 37.26152038574219 1.8338871002197266 370.63037109375 350.5903015136719
dog 0.46825695037841797 266.37957763671875 295.8442687988281 386.6992492675781 375.0
chair 0.19869883358478546 395.3059387207031 140.83633422851562 496.4588928222656 330.77203369140625
sofa 0.15521392226219177 35.77579116821289 0.0 500.0 370.571044921875
dog 0.14957305788993835 272.67486572265625 269.0144348144531 440.1574401855469 367.82049560546875
person 0.1349278837442398 272.3883361816406 294.0696105957031 372.8711242675781 375.0
dog 0.11466677486896515 238.12820434570312 21.95354461669922 467.1128234863281 357.949951171875
sheep 0.1020871102809906 269.4366149902344 295.14825439453125 378.41815185546875 374.84307861328125
dog 0.09031219780445099 209.36480712890625 154.18399047851562 378.1125793457031 298.6094665527344
dog 0.08530174940824509 74.43222045898438 240.03067016601562 209.5758514404297 372.1972351074219
dog 0.08180250972509384 75.71293640136719 92.76834106445312 209.41827392578125 346.76959228515625
person 0.06490476429462433 254.69931030273438 279.7630615234375 440.66851806640625 375.0
dog 0.05843444913625717 311.1179504394531 127.6895751953125 474.7010498046875 349.5550231933594
person 0.05022651329636574 136.43533325195312 2.202404737472534 232.87826538085938 72.35428619384766
