person 0.9918573498725891 187.106689453125 82.9582748413086 374.8952941894531 336.0
tvmonitor 0.9804820418357849 430.80194091796875 0.3626822531223297 498.57598876953125 40.0759162902832
chair 0.9374679923057556 298.8176574707031 46.07472229003906 432.324951171875 220.33203125
person 0.7978308796882629 87.54914855957031 17.225196838378906 285.592529296875 148.54779052734375
sofa 0.2934609055519104 74.47279357910156 7.702035427093506 313.92694091796875 173.54220581054688
tvmonitor 0.23369629681110382 25.08345603942871 2.992919683456421 93.4939956665039 69.1997299194336
person 0.2190798968076706 51.592376708984375 14.609803199768066 304.20263671875 299.7464294433594
diningtable 0.20451219379901886 299.4463806152344 17.513696670532227 466.0675354003906 207.67855834960938
chair 0.1935647428035736 63.46802520751953 43.212833404541016 137.14390563964844 114.16094207763672
chair 0.18439842760562897 6.815989017486572 132.79684448242188 79.09342193603516 209.19432067871094
tvmonitor 0.18186421692371368 475.3230285644531 191.2598419189453 497.9715881347656 237.74278259277344
chair 0.14878511428833008 8.689021110534668 187.71682739257812 79.46615600585938 257.7221374511719
sofa 0.14731840789318085 15.194548606872559 18.015920639038086 375.97991943359375 289.999267578125
chair 0.10493051260709763 52.36626052856445 43.98552703857422 157.9712371826172 190.2236785888672
chair 0.09581570327281952 65.20954132080078 33.196407318115234 209.06968688964844 118.78560638427734
chair 0.08689248561859131 114.66331481933594 18.16048812866211 304.83807373046875 162.0146942138672
chair 0.08298355340957642 295.6095275878906 42.504554748535156 369.8765869140625 140.9771270751953
tvmonitor 0.06939518451690674 419.0066223144531 121.3012466430664 477.1184387207031 191.84201049804688
tvmonitor 0.061141014099121094 0.0 6.98357629776001 82.15486907958984 129.67230224609375
tvmonitor 0.05833298712968826 34.12559509277344 112.78324890136719 148.53221130371094 207.9318389892578
chair 0.052989449352025986 322.38201904296875 112.38809204101562 433.8190612792969 215.0755157470703
bottle 0.052607160061597824 4.202466011047363 0.0 73.53459167480469 141.42738342285156
chair 0.051020797342061996 7.651192665100098 26.708759307861328 187.47097778320312 298.3565673828125
