train 0.9898176789283752 262.0975036621094 172.32167053222656 373.7583312988281 234.5779571533203
person 0.9739262461662292 2.2471847534179688 10.029873847961426 226.77346801757812 330.3302917480469
person 0.9640620946884155 335.94488525390625 0.0 497.2150573730469 334.0
person 0.5293152332305908 429.3150634765625 180.25599670410156 452.9367370605469 205.52835083007812
sheep 0.3834039270877838 220.46884155273438 230.44384765625 230.8229522705078 241.99478149414062
person 0.2668825387954712 3.514779806137085 0.0 144.29327392578125 257.4680480957031
train 0.25471529364585876 131.77389526367188 163.4020538330078 380.9288635253906 235.64720153808594
person 0.15900947153568268 239.7214813232422 189.38482666015625 246.11717224121094 207.31764221191406
person 0.1580476611852646 218.36175537109375 190.97776794433594 224.94467163085938 202.9381866455078
bird 0.14143647253513336 220.11080932617188 229.59153747558594 231.11289978027344 243.42604064941406
person 0.10604880005121231 231.39915466308594 189.85304260253906 237.4401092529297 204.7248992919922
person 0.10169047117233276 249.55120849609375 191.22328186035156 255.14227294921875 204.9422149658203
train 0.07258465141057968 260.8545837402344 179.2045440673828 328.1224060058594 232.07122802734375
person 0.07094913721084595 223.81756591796875 189.1630401611328 231.1622772216797 204.23768615722656
person 0.061029691249132156 253.3154754638672 190.49932861328125 259.3096618652344 205.82447814941406
