person 0.8899971842765808 111.82754516601562 400.5403747558594 147.40399169921875 486.4060974121094
pottedplant 0.767365574836731 110.06367492675781 238.8009033203125 204.1462860107422 351.3771667480469
pottedplant 0.6826295852661133 176.81077575683594 211.26751708984375 285.2789611816406 352.47430419921875
pottedplant 0.6513713598251343 82.59980773925781 174.014892578125 132.74913024902344 350.5093078613281
tvmonitor 0.6505537033081055 65.19659423828125 78.58149719238281 276.96917724609375 332.8952941894531
pottedplant 0.5226427316665649 83.2471694946289 257.5491027832031 130.282470703125 351.05316162109375
chair 0.43061771988868713 121.61094665527344 292.6896057128906 200.44273376464844 371.91912841796875
chair 0.42768070101737976 50.7626953125 6.175336837768555 296.5953063964844 349.91937255859375
tvmonitor 0.315783828496933 2.826719045639038 46.85017013549805 71.08817291259766 445.07684326171875
chair 0.24865639209747314 50.95485305786133 0.8487765789031982 270.7064514160156 87.82415771484375
pottedplant 0.21963950991630554 221.99917602539062 286.30645751953125 263.3156433105469 352.1898193359375
person 0.21543946862220764 60.0570068359375 1.872351884841919 308.8340759277344 113.42711639404297
chair 0.21049393713474274 53.73925018310547 1.5853230953216553 298.99835205078125 173.37159729003906
pottedplant 0.18779265880584717 106.8955307006836 240.6074676513672 146.40277099609375 309.27606201171875
chair 0.16790935397148132 169.3069610595703 235.68243408203125 228.18882751464844 313.84674072265625
pottedplant 0.16202200949192047 100.16236114501953 166.40902709960938 242.8928680419922 338.8336181640625
person 0.15272130072116852 60.96462631225586 0.355169415473938 306.416259765625 344.41455078125
chair 0.15158243477344513 59.70467758178711 1.5190961360931396 167.16107177734375 91.31047821044922
chair 0.13074274361133575 1.4201937913894653 0.0 68.19609832763672 499.40130615234375
pottedplant 0.12267929315567017 84.52399444580078 53.737674713134766 291.8744812011719 352.2837219238281
person 0.11778722703456879 7.871257305145264 20.216068267822266 76.35466766357422 393.2334289550781
pottedplant 0.11096330732107162 176.57034301757812 212.14859008789062 245.5243682861328 288.37298583984375
sofa 0.1107012927532196 62.01631546020508 292.3365173339844 85.51038360595703 353.17059326171875
sofa 0.10125568509101868 52.03910827636719 0.0 309.4195861816406 89.09779357910156
person 0.0917305126786232 4.730991363525391 0.0 140.6749267578125 389.1449279785156
pottedplant 0.09084790199995041 271.9927062988281 369.8490295410156 334.2993469238281 499.6510925292969
pottedplant 0.08790916204452515 98.9937744140625 246.4629364013672 144.98605346679688 344.9976501464844
bus 0.08188112080097198 1.3678324222564697 28.748531341552734 60.76161575317383 500.0
bottle 0.07503922283649445 2.8255929946899414 16.50391387939453 63.30483627319336 408.4608154296875
chair 0.07097078859806061 285.06048583984375 49.086605072021484 335.0 371.92767333984375
chair 0.06554052978754044 58.53497314453125 356.6588134765625 91.95704650878906 426.8465881347656
pottedplant 0.06179027259349823 10.742081642150879 332.6435852050781 49.89719772338867 375.86602783203125
person 0.0617402009665966 39.34458541870117 22.778587341308594 86.3889389038086 359.5889892578125
pottedplant 0.05878657475113869 90.93842315673828 291.6375427246094 128.12118530273438 349.6488342285156
sheep 0.05821775645017624 1.1991721391677856 15.763748168945312 64.28247833251953 404.9137878417969
chair 0.05549587309360504 282.0437316894531 205.16705322265625 335.0 365.5729064941406
car 0.052743565291166306 0.0 5.4915666580200195 64.88224029541016 398.4726257324219
