person 0.9943244457244873 292.2278747558594 158.79168701171875 435.11126708984375 355.947021484375
person 0.9836081862449646 7.360605239868164 201.1199188232422 288.1695556640625 342.59771728515625
diningtable 0.6435620784759521 0.0 235.97256469726562 67.39340209960938 295.8123474121094
tvmonitor 0.519156813621521 127.27922821044922 189.40000915527344 155.1422119140625 212.62118530273438
bird 0.4447793662548065 359.8167724609375 46.36647033691406 408.70111083984375 157.23773193359375
sofa 0.4052828252315521 283.0379943847656 231.36984252929688 500.0 368.7135925292969
dog 0.3576555848121643 401.7760314941406 196.26361083984375 500.0 304.4112548828125
pottedplant 0.3521915078163147 317.984619140625 182.2758331298828 368.1717834472656 245.21176147460938
sofa 0.29761388897895813 97.49066162109375 214.0430145263672 293.353515625 342.56768798828125
chair 0.23383329808712006 56.569122314453125 231.62649536132812 76.44588470458984 272.8177490234375
chair 0.20446130633354187 132.9052276611328 220.440673828125 289.270263671875 330.1853942871094
person 0.19593752920627594 401.02862548828125 189.5939178466797 497.141845703125 308.24810791015625
pottedplant 0.1850121170282364 169.79315185546875 89.44091033935547 208.0896759033203 220.4763641357422
diningtable 0.1829177439212799 83.47920227050781 282.1698913574219 491.5464782714844 373.183837890625
pottedplant 0.1828363686800003 21.273117065429688 131.59364318847656 102.84031677246094 174.55421447753906
person 0.17040954530239105 188.1582794189453 205.15521240234375 270.7956237792969 243.16343688964844
car 0.16477711498737335 161.1365966796875 114.70547485351562 175.94993591308594 128.62875366210938
tvmonitor 0.1566593199968338 2.4580321311950684 190.59571838378906 97.3333740234375 270.33392333984375
person 0.1540645807981491 123.2176742553711 203.45184326171875 286.9582214355469 266.9544372558594
person 0.10051115602254868 308.75567626953125 159.69334411621094 427.4078063964844 269.9687805175781
sheep 0.0999622493982315 402.4768981933594 196.2479705810547 500.0 304.14300537109375
person 0.08021220564842224 130.56045532226562 203.36480712890625 275.6382141113281 328.3560791015625
bottle 0.06939704716205597 243.82989501953125 356.2582092285156 278.1618957519531 375.0
diningtable 0.06763233244419098 120.4444808959961 322.8283996582031 467.4541320800781 374.684326171875
chair 0.06659989804029465 185.92176818847656 204.486328125 268.7685241699219 246.4285430908203
pottedplant 0.06538698077201843 224.23822021484375 281.9867858886719 314.329833984375 346.48193359375
sofa 0.06368500739336014 31.28449821472168 236.90257263183594 346.53375244140625 371.0807189941406
motorbike 0.051014237105846405 44.66090393066406 246.98922729492188 394.8004150390625 370.3670654296875
chair 0.05051520839333534 0.3168909549713135 229.0225830078125 10.807940483093262 301.29840087890625
