person 0.9518719911575317 154.74586486816406 76.14070129394531 214.13272094726562 195.79971313476562
horse 0.9333381652832031 183.27554321289062 29.41635513305664 305.64874267578125 303.0699768066406
person 0.42113322019577026 222.255859375 22.733158111572266 303.5721130371094 195.64605712890625
bus 0.38876062631607056 1.379980206489563 6.610204219818115 38.4754753112793 109.35791015625
bus 0.22736239433288574 1.1820709705352783 2.340383529663086 22.787755966186523 88.03385925292969
person 0.14925968647003174 165.8089599609375 70.96549987792969 254.22491455078125 257.4564514160156
person 0.07308077812194824 156.088623046875 15.354433059692383 311.99249267578125 223.0167236328125
boat 0.06357593089342117 92.80846405029297 120.0978775024414 329.5546569824219 298.2413330078125
person 0.055401451885700226 234.52549743652344 31.006128311157227 309.2126159667969 300.78619384765625
horse 0.05284824222326279 90.45054626464844 110.66947174072266 293.7715148925781 288.4281005859375
