person 0.9790822267532349 287.78411865234375 26.42064094543457 385.23577880859375 297.2005615234375
person 0.9781670570373535 375.3656311035156 10.099666595458984 495.7716369628906 298.0
person 0.9758042693138123 1.6112275123596191 13.494292259216309 108.68269348144531 298.0
person 0.9721020460128784 210.18731689453125 37.49923324584961 314.8992614746094 296.5470275878906
person 0.9691869020462036 100.51423645019531 47.6135368347168 213.46910095214844 298.0
car 0.729198157787323 184.31118774414062 86.85050964355469 227.0216522216797 116.5246353149414
car 0.602628231048584 205.39376831054688 81.51406860351562 228.0406494140625 90.67996978759766
car 0.5552770495414734 102.77642059326172 89.70416259765625 120.87991333007812 107.67071533203125
car 0.42882561683654785 488.32879638671875 92.1604232788086 499.88592529296875 117.3259048461914
car 0.3651423454284668 377.345947265625 84.44039916992188 390.7929992675781 101.78926849365234
car 0.3607073426246643 368.57525634765625 82.97317504882812 384.8356018066406 107.64888763427734
car 0.3144344687461853 489.2407531738281 85.11964416503906 498.85821533203125 94.31329345703125
person 0.3017946183681488 1.5461372137069702 39.27100372314453 50.334007263183594 296.3160400390625
car 0.10979561507701874 357.4162902832031 78.2596664428711 376.4691467285156 105.74285125732422
person 0.05712225288152695 153.53712463378906 42.86320495605469 282.4965515136719 298.0
car 0.05699232593178749 138.43359375 85.59635925292969 225.496337890625 115.94895935058594
