person 0.9811866283416748 5.940836429595947 110.84309387207031 153.68797302246094 375.0
person 0.9749526977539062 107.881591796875 116.74162292480469 220.1011962890625 310.8064880371094
person 0.9705646634101868 402.08770751953125 156.1511993408203 487.9427795410156 322.8497009277344
person 0.9693942070007324 335.8476867675781 151.97781372070312 411.2693786621094 286.1785583496094
person 0.9089314341545105 294.66925048828125 150.2620849609375 361.7049560546875 269.63311767578125
chair 0.6019805669784546 272.8772888183594 168.0630645751953 299.9659729003906 221.58871459960938
diningtable 0.599101722240448 113.63372039794922 266.8131103515625 397.4033508300781 372.75238037109375
sofa 0.45832622051239014 0.0 163.84054565429688 229.61767578125 360.9480895996094
chair 0.411232054233551 225.93951416015625 168.01939392089844 283.9786071777344 233.77825927734375
pottedplant 0.33005526661872864 282.0700988769531 150.2767791748047 299.2857360839844 172.1920928955078
bus 0.25919267535209656 358.7829895019531 105.09896850585938 496.6687316894531 212.24896240234375
bottle 0.20536352694034576 175.05682373046875 48.78840637207031 203.0514373779297 72.77281188964844
chair 0.19360512495040894 302.0870056152344 257.5981140136719 402.6628112792969 365.80303955078125
pottedplant 0.18150952458381653 172.44232177734375 131.78196716308594 219.28469848632812 184.99984741210938
pottedplant 0.18024122714996338 254.59848022460938 241.77349853515625 305.90850830078125 313.74407958984375
chair 0.1753491461277008 0.0 179.06724548339844 98.45565032958984 337.9162902832031
chair 0.16933944821357727 400.7795104980469 195.03456115722656 497.8249206542969 320.24969482421875
sofa 0.1540006548166275 242.87384033203125 178.51657104492188 495.23468017578125 315.5052490234375
person 0.15094546973705292 476.04345703125 183.9033203125 498.7151794433594 325.5102844238281
aeroplane 0.14456124603748322 110.1949462890625 55.863826751708984 217.94223022460938 129.05027770996094
aeroplane 0.1292199045419693 174.36495971679688 70.9254379272461 223.84518432617188 128.03536987304688
pottedplant 0.12177248299121857 228.45384216308594 95.1553955078125 290.3446044921875 217.86146545410156
person 0.09852556139230728 156.94729614257812 133.2940216064453 219.90847778320312 232.01878356933594
pottedplant 0.08424797654151917 367.2608642578125 133.8072509765625 421.973388671875 184.18772888183594
chair 0.08013089001178741 106.97640228271484 164.29808044433594 221.2522735595703 297.4599914550781
pottedplant 0.06822595745325089 266.29827880859375 145.8700714111328 285.44097900390625 170.19448852539062
chair 0.06694318354129791 282.5706481933594 176.64892578125 299.4969177246094 217.2462921142578
pottedplant 0.06647922098636627 231.31021118164062 103.68394470214844 281.53106689453125 172.3206024169922
chair 0.06415340304374695 343.13116455078125 212.63800048828125 419.57122802734375 278.83447265625
chair 0.05532791465520859 32.30855178833008 128.20184326171875 51.41891860961914 153.91812133789062
sofa 0.05223188176751137 0.0 174.9173126220703 31.995012283325195 328.0977783203125
