bottle 0.9945361614227295 113.40306854248047 244.33856201171875 177.39279174804688 452.4895324707031
person 0.9944275617599487 56.08412170410156 110.23992156982422 240.04347229003906 387.1849060058594
person 0.9675369262695312 215.86260986328125 2.650134563446045 331.1706237792969 108.6447982788086
diningtable 0.9322325587272644 2.198561668395996 332.0360107421875 333.0 500.0
person 0.829597532749176 91.92872619628906 82.85978698730469 331.08526611328125 387.5138854980469
bottle 0.735103964805603 18.863048553466797 69.23052978515625 50.024959564208984 174.2297821044922
pottedplant 0.5540744066238403 119.25184631347656 4.528220176696777 238.2556610107422 132.47418212890625
pottedplant 0.4925215542316437 126.00778198242188 63.043190002441406 180.97923278808594 130.3563690185547
car 0.4393489360809326 0.4677762985229492 428.2127380371094 27.61900520324707 500.0
bottle 0.4381110668182373 0.24674391746520996 77.77953338623047 12.353439331054688 184.079833984375
bottle 0.3442714512348175 2.543929100036621 79.79251861572266 36.763221740722656 188.0200958251953
bottle 0.3432590365409851 0.6559743285179138 75.87274932861328 17.130971908569336 148.48902893066406
diningtable 0.2467367798089981 0.0 189.91000366210938 333.0 468.7884216308594
pottedplant 0.17258740961551666 127.76419067382812 35.70356369018555 206.09393310546875 130.44541931152344
bottle 0.1719277948141098 1.0617634057998657 54.53642272949219 26.474693298339844 120.2374267578125
diningtable 0.14284372329711914 0.0 149.04698181152344 96.99163055419922 326.49554443359375
diningtable 0.1368570327758789 0.0 145.6162109375 322.9148864746094 339.23333740234375
sofa 0.13220645487308502 0.0 130.6890106201172 325.3406677246094 352.244140625
person 0.1026427298784256 183.12240600585938 44.22842025756836 332.33831787109375 307.6051330566406
bottle 0.09063557535409927 0.8570531606674194 65.4516830444336 21.31146240234375 197.98599243164062
bottle 0.08137355744838715 209.60594177246094 81.85581970214844 238.5784149169922 108.06620025634766
bottle 0.070708267390728 273.3153076171875 83.38896179199219 293.2503662109375 128.54415893554688
car 0.0612790547311306 121.94280242919922 56.99970245361328 251.30160522460938 107.16820526123047
chair 0.059106647968292236 251.44491577148438 319.599853515625 304.679443359375 365.0889587402344
person 0.05855051428079605 216.1287384033203 13.093361854553223 333.0 192.75904846191406
chair 0.05652273818850517 59.15996170043945 40.648155212402344 121.5440673828125 156.94216918945312
bottle 0.05615682899951935 221.09576416015625 381.8254089355469 314.9434814453125 496.57708740234375
bottle 0.05461990088224411 199.63682556152344 74.317138671875 260.0194091796875 114.39735412597656
chair 0.052521783858537674 13.130064964294434 99.98592376708984 333.0 379.1549377441406
