person 0.9912234544754028 364.0242614746094 160.139404296875 476.3180847167969 404.0
person 0.9904053807258606 220.4993896484375 102.17007446289062 351.0506286621094 401.7066650390625
chair 0.9091867804527283 139.55780029296875 171.29214477539062 264.0841369628906 366.5292663574219
person 0.9007249474525452 389.3560791015625 110.43583679199219 404.5458068847656 139.0902099609375
tvmonitor 0.798474133014679 0.0 239.24436950683594 36.56028747558594 393.0758056640625
tvmonitor 0.6936709880828857 177.40907287597656 173.50115966796875 258.0211486816406 276.60467529296875
pottedplant 0.628892719745636 80.13018035888672 20.28209686279297 125.88298034667969 167.03770446777344
tvmonitor 0.5987694263458252 0.0 106.78807067871094 56.00961685180664 170.9257049560547
person 0.4927135705947876 352.63067626953125 172.27113342285156 423.64959716796875 401.1669616699219
tvmonitor 0.3206605017185211 215.50318908691406 4.991891384124756 356.2977294921875 102.86793518066406
chair 0.27755874395370483 0.7688541412353516 170.0751190185547 75.12313079833984 373.5284118652344
person 0.18629665672779083 272.0163879394531 101.26178741455078 292.78509521484375 161.8690185546875
chair 0.11684110015630722 346.37567138671875 189.37123107910156 421.553955078125 340.1650390625
person 0.11355643719434738 365.0829162597656 167.44383239746094 417.84527587890625 277.0259704589844
person 0.10168082267045975 355.7208251953125 109.82274627685547 375.42987060546875 137.30169677734375
tvmonitor 0.09577473253011703 65.66806030273438 171.1121368408203 131.00302124023438 201.18028259277344
person 0.0939611941576004 265.767578125 125.95111083984375 412.29583740234375 403.54583740234375
chair 0.08545750379562378 1.4722265005111694 169.5867156982422 46.88561248779297 233.119873046875
car 0.0680210217833519 141.03787231445312 245.651611328125 161.05487060546875 278.3824157714844
chair 0.06174721568822861 1.3329052925109863 167.73416137695312 51.290382385253906 298.64923095703125
chair 0.06079186126589775 167.28244018554688 165.19964599609375 259.51025390625 296.3392639160156
