sofa 0.797575056552887 109.06771850585938 138.3408966064453 259.78948974609375 238.23013305664062
chair 0.5109342336654663 2.2759997844696045 69.89663696289062 136.5946502685547 235.6833038330078
chair 0.37842121720314026 131.2392120361328 141.37745666503906 264.310302734375 233.8818359375
sofa 0.3411223292350769 0.0 50.92372131347656 135.77456665039062 238.91799926757812
chair 0.23324532806873322 115.40843200683594 118.55436706542969 133.6827392578125 137.5771942138672
tvmonitor 0.1643708497285843 135.70375061035156 25.41035270690918 205.66908264160156 105.64266204833984
sofa 0.14008398354053497 48.480857849121094 87.50184631347656 223.61526489257812 238.8201446533203
person 0.13844892382621765 4.212172508239746 51.09879684448242 127.47126007080078 240.00001525878906
sofa 0.12019407004117966 135.3899383544922 95.02978515625 311.5149841308594 238.72389221191406
chair 0.09142806380987167 166.5264434814453 147.24681091308594 186.08499145507812 164.196533203125
chair 0.08424489945173264 84.326416015625 115.63035583496094 249.67236328125 227.68724060058594
chair 0.07820261269807816 124.51641845703125 121.95801544189453 136.48231506347656 137.65391540527344
