person 0.9954639077186584 251.24566650390625 71.32424926757812 329.2647705078125 239.3907470703125
bus 0.9285646080970764 441.0600891113281 57.8745002746582 493.1454772949219 123.79542541503906
bicycle 0.8415653109550476 197.2019805908203 167.27670288085938 330.7174377441406 271.2116394042969
car 0.7882058620452881 292.86895751953125 62.87228775024414 382.58441162109375 112.58839416503906
car 0.3778513967990875 341.90283203125 81.01741027832031 369.7411804199219 109.67953491210938
bus 0.3722289204597473 292.8779296875 65.38082885742188 382.5546875 112.4214859008789
car 0.23273833096027374 441.8631286621094 59.23398208618164 491.8520812988281 122.14764404296875
car 0.1346716433763504 200.55625915527344 103.24908447265625 226.4510498046875 116.71282196044922
person 0.13330376148223877 326.9804992675781 85.6249008178711 337.9549255371094 109.63024139404297
bottle 0.09387516230344772 428.7733459472656 45.79548263549805 444.668701171875 83.36495971679688
