sheep 0.9175765514373779 25.538654327392578 19.51265525817871 488.5021057128906 348.6037292480469
cow 0.4548960030078888 86.88275146484375 19.980087280273438 497.6221008300781 349.89453125
sheep 0.37210631370544434 18.00065803527832 17.27971076965332 148.79629516601562 98.31361389160156
dog 0.3352307081222534 9.022268295288086 16.323720932006836 500.0 360.0255126953125
dog 0.29716426134109497 14.252888679504395 18.46419334411621 154.9700164794922 101.67475891113281
dog 0.25329700112342834 14.05026626586914 17.931753158569336 329.8909912109375 250.85501098632812
horse 0.2529867887496948 76.33863830566406 24.43013572692871 493.5397033691406 344.28973388671875
sheep 0.22805389761924744 13.115823745727539 21.994680404663086 171.8460693359375 221.26760864257812
sheep 0.22531758248806 130.01663208007812 20.450719833374023 314.8036804199219 78.14909362792969
sheep 0.19642895460128784 32.536956787109375 19.44344139099121 347.0112609863281 178.70152282714844
sheep 0.14086250960826874 190.21961975097656 19.428083419799805 319.3028259277344 61.685081481933594
dog 0.10839593410491943 16.001178741455078 14.843876838684082 320.1116027832031 113.25588989257812
cat 0.08661165833473206 14.500378608703613 16.943950653076172 328.72503662109375 241.07757568359375
bird 0.07624787092208862 16.358257293701172 18.387025833129883 498.3348693847656 358.45892333984375
bird 0.07589469850063324 115.58137512207031 130.04519653320312 186.70628356933594 250.74307250976562
bird 0.07281297445297241 97.70580291748047 12.787690162658691 312.8231201171875 229.25958251953125
sheep 0.07266367971897125 96.7560043334961 24.57684326171875 316.14422607421875 118.18098449707031
cow 0.06910357624292374 66.19214630126953 11.659929275512695 311.4142761230469 245.208984375
bird 0.06416451930999756 271.2710876464844 20.616350173950195 486.2132263183594 250.7115478515625
cat 0.0638970211148262 22.990758895874023 26.2790470123291 489.3305358886719 349.84381103515625
cow 0.06287165731191635 11.107328414916992 18.853933334350586 152.373291015625 100.92942810058594
dog 0.05681035295128822 132.39041137695312 18.28961944580078 330.3868103027344 79.46514129638672
cat 0.05537571758031845 17.447303771972656 16.888652801513672 156.44219970703125 95.21780395507812
dog 0.05067873001098633 12.814297676086426 19.244348526000977 180.5247039794922 188.47760009765625
