person 0.9917599558830261 254.58865356445312 7.817974090576172 495.93182373046875 350.92413330078125
diningtable 0.9698541760444641 72.98211669921875 326.08880615234375 500.0 498.10662841796875
person 0.9435724020004272 24.396881103515625 236.002197265625 181.07652282714844 500.0
bottle 0.8159214854240417 324.9488525390625 366.09210205078125 387.6916809082031 500.0
chair 0.7494944930076599 235.86288452148438 109.95857238769531 344.6923522949219 243.76480102539062
chair 0.6332413554191589 20.397310256958008 113.18937683105469 148.94883728027344 256.2987976074219
bottle 0.5577386021614075 440.9248352050781 447.424072265625 485.2983093261719 497.50726318359375
chair 0.2910706102848053 5.869255065917969 196.64675903320312 171.88192749023438 483.2447509765625
chair 0.19713149964809418 2.453787326812744 268.73883056640625 64.74930572509766 500.0
car 0.16121596097946167 141.43521118164062 175.8470001220703 254.46240234375 243.89878845214844
chair 0.0966339036822319 244.65390014648438 119.14328002929688 396.3268737792969 320.7963562011719
bird 0.0705660730600357 351.474609375 359.5046691894531 398.5804748535156 396.388427734375
diningtable 0.06054295599460602 230.3246307373047 379.8716735839844 500.0 494.90228271484375
chair 0.0594894215464592 323.5829162597656 79.23486328125 379.1722106933594 147.71633911132812
chair 0.057448092848062515 315.845703125 99.83910369873047 358.9080505371094 153.3540802001953
person 0.05316461622714996 373.32421875 12.060737609863281 494.9332275390625 230.88339233398438
