chair 0.7719413638114929 220.65386962890625 2.6888105869293213 315.343994140625 144.63905334472656
pottedplant 0.5099983811378479 13.819219589233398 0.0 107.43400573730469 92.03760528564453
pottedplant 0.4804706275463104 170.87513732910156 21.592693328857422 231.00848388671875 122.66291809082031
pottedplant 0.4540509581565857 109.50593566894531 281.83563232421875 244.56790161132812 498.9770202636719
pottedplant 0.4406033754348755 117.9197998046875 3.51053786277771 231.20819091796875 120.8160171508789
pottedplant 0.37797993421554565 167.8438262939453 121.81881713867188 239.4447021484375 242.69920349121094
car 0.366666316986084 215.55535888671875 4.664365768432617 371.4125671386719 451.30047607421875
chair 0.32625719904899597 271.0068359375 8.85590934753418 373.8250427246094 428.45458984375
pottedplant 0.28764021396636963 14.589672088623047 0.0 359.334228515625 482.8296203613281
chair 0.23745311796665192 310.41363525390625 0.0 374.89141845703125 257.8970031738281
chair 0.20319725573062897 215.6593780517578 14.968400001525879 365.0295715332031 322.927978515625
pottedplant 0.1312982589006424 130.92697143554688 6.9778151512146 193.2752685546875 110.0081558227539
pottedplant 0.12271691113710403 99.34371185302734 70.30501556396484 250.56295776367188 492.001953125
pottedplant 0.07755080610513687 163.3311004638672 24.5856990814209 187.69358825683594 105.20036315917969
car 0.0723605751991272 299.7362060546875 0.0 370.5802307128906 381.9969177246094
car 0.06964369118213654 0.0 4.042863368988037 368.1322021484375 500.0
pottedplant 0.05885246768593788 221.883544921875 13.477561950683594 366.0955810546875 457.0882873535156
