cat 0.9911871552467346 34.50547409057617 0.0 489.82843017578125 371.1280212402344
chair 0.15157248079776764 0.44875410199165344 27.72071647644043 210.35231018066406 268.07513427734375
person 0.12781089544296265 18.956707000732422 0.0 491.4353332519531 315.9328918457031
dog 0.12633730471134186 41.2463493347168 1.189787745475769 500.0 382.19329833984375
cat 0.11128615587949753 16.076400756835938 44.425933837890625 188.04917907714844 263.2804870605469
cat 0.0993194654583931 42.15334701538086 93.82025146484375 245.02792358398438 352.9935302734375
sofa 0.09812221676111221 0.0 21.75656509399414 201.24911499023438 274.09857177734375
chair 0.0781002789735794 14.595868110656738 0.0 498.1930236816406 345.67974853515625
chair 0.054036226123571396 192.93968200683594 1.6768280267715454 294.7538146972656 42.44863510131836
sofa 0.05015189200639725 7.299345016479492 0.0 492.62847900390625 363.5957336425781
