bus 0.9936980605125427 157.73968505859375 82.44073486328125 468.5837097167969 343.8076477050781
person 0.8617545962333679 267.8721618652344 130.16990661621094 294.6946716308594 155.16233825683594
person 0.7916465997695923 193.20570373535156 127.129150390625 222.21873474121094 152.1158905029297
car 0.7162119150161743 131.14877319335938 276.89422607421875 165.9807586669922 330.5443115234375
person 0.5565407872200012 187.09298706054688 214.43963623046875 231.5760040283203 260.02276611328125
person 0.3496311902999878 228.20777893066406 128.40696716308594 246.8115997314453 152.43911743164062
person 0.15611502528190613 199.0376434326172 214.75506591796875 250.46990966796875 263.6180725097656
bus 0.15040338039398193 157.50430297851562 88.85735321044922 305.98876953125 341.52105712890625
person 0.14081406593322754 250.71575927734375 135.07254028320312 273.8553771972656 155.53802490234375
car 0.13128001987934113 145.87831115722656 275.7444152832031 202.82229614257812 331.12249755859375
person 0.07181226462125778 177.8883819580078 216.62843322753906 217.59849548339844 266.8629455566406
person 0.07130715996026993 203.99505615234375 127.23973083496094 220.35540771484375 145.93096923828125
person 0.06292451918125153 190.28138732910156 216.10101318359375 220.0545196533203 249.63278198242188
