sofa 0.9811439514160156 0.0 219.12274169921875 141.91744995117188 369.48785400390625
sofa 0.6466611623764038 222.8062286376953 290.20001220703125 492.67034912109375 373.51495361328125
chair 0.6273503303527832 360.3887634277344 194.73281860351562 478.2070007324219 297.5625915527344
sofa 0.6061992049217224 354.17498779296875 192.93862915039062 473.9080505371094 306.26397705078125
chair 0.4718688428401947 206.59938049316406 196.59754943847656 303.12591552734375 272.054443359375
tvmonitor 0.13797558844089508 204.87962341308594 194.82154846191406 302.3236389160156 272.00714111328125
diningtable 0.13089558482170105 413.4129943847656 270.64239501953125 500.0 375.0
chair 0.11614043265581131 84.7696762084961 244.9408721923828 131.9591827392578 282.5331115722656
chair 0.0667380839586258 231.67674255371094 295.1517028808594 487.116455078125 375.0
chair 0.05897951498627663 85.51140594482422 245.2128143310547 146.1730499267578 341.7476806640625
