person 0.9616817831993103 112.70823669433594 190.13006591796875 311.6523742675781 333.0
tvmonitor 0.9409269094467163 249.91552734375 105.76762390136719 353.33544921875 209.13671875
tvmonitor 0.936983048915863 379.79949951171875 92.03094482421875 499.7168884277344 233.63372802734375
person 0.923339307308197 118.39796447753906 60.88538360595703 172.3301239013672 105.01958465576172
tvmonitor 0.4469878375530243 160.87057495117188 58.67417526245117 196.57662963867188 87.29117584228516
tvmonitor 0.43074196577072144 397.3412780761719 134.14248657226562 436.6570739746094 166.14422607421875
bottle 0.324009507894516 478.34259033203125 7.271692752838135 499.6819152832031 48.41032791137695
tvmonitor 0.2269199788570404 393.1249084472656 121.5599136352539 481.50665283203125 178.34510803222656
boat 0.2244914025068283 13.922418594360352 0.0 381.2607116699219 256.7413024902344
tvmonitor 0.2213842123746872 387.595947265625 239.99537658691406 498.08575439453125 330.9975280761719
aeroplane 0.22040991485118866 344.9036560058594 1.3305823802947998 496.01409912109375 87.06647491455078
chair 0.1600935012102127 108.96411895751953 82.58977508544922 155.2099151611328 113.85332489013672
chair 0.1186433881521225 136.23948669433594 56.14602279663086 165.8095703125 83.08061981201172
tvmonitor 0.10832526534795761 386.4737243652344 80.24073791503906 491.3301696777344 155.5449676513672
aeroplane 0.08466695994138718 327.6473083496094 0.4915975034236908 497.0934143066406 168.15280151367188
chair 0.07939750701189041 387.07977294921875 234.60006713867188 500.0 333.0
tvmonitor 0.06322626769542694 429.8392028808594 136.41815185546875 477.64501953125 170.98739624023438
person 0.06249495595693588 119.75531768798828 61.96743392944336 150.69847106933594 90.94058227539062
boat 0.061785656958818436 2.4878177642822266 1.6960395574569702 179.5371551513672 118.80479431152344
tvmonitor 0.059624604880809784 350.4054260253906 62.86836242675781 412.1340637207031 145.1511993408203
bottle 0.05315246805548668 462.74969482421875 21.24834442138672 472.84747314453125 46.009979248046875
chair 0.05034339800477028 108.42664337158203 82.96971893310547 150.3270263671875 100.35224914550781
