horse 0.8724218010902405 246.1990966796875 182.0665740966797 295.7352294921875 233.94497680664062
boat 0.8224843740463257 116.86538696289062 107.45526885986328 224.31045532226562 213.94216918945312
cat 0.6351838111877441 1.612040400505066 21.17227554321289 126.10963439941406 251.34217834472656
boat 0.5930957794189453 61.66770935058594 98.01518249511719 243.21646118164062 245.96339416503906
horse 0.5805074572563171 207.8627166748047 176.28855895996094 248.3489532470703 222.2640380859375
dog 0.4981236159801483 206.8222198486328 177.68341064453125 250.1232147216797 221.45431518554688
boat 0.18691103160381317 54.92156219482422 104.75100708007812 348.748046875 291.2032470703125
cow 0.15005621314048767 208.04238891601562 177.25682067871094 248.1097869873047 221.9668731689453
cat 0.13021796941757202 3.087425470352173 1.0930753946304321 134.33396911621094 91.90848541259766
sheep 0.11380478739738464 208.69789123535156 174.20123291015625 249.3240203857422 228.6907501220703
sheep 0.08750305324792862 0.10998322814702988 60.700950622558594 128.12295532226562 254.76947021484375
person 0.08021113276481628 171.1901397705078 155.28665161132812 185.39466857910156 176.3751220703125
dog 0.07612239569425583 246.60122680664062 181.9464111328125 297.2319030761719 234.78134155273438
dog 0.07116390764713287 220.78842163085938 177.29132080078125 250.2206268310547 201.0657196044922
person 0.06483516097068787 196.74302673339844 151.2997283935547 207.54112243652344 175.23843383789062
dog 0.051687952131032944 0.0 41.0317497253418 127.13944244384766 249.22518920898438
