train 0.9980249404907227 144.1139373779297 0.4802379608154297 500.0 348.1609191894531
person 0.9631727933883667 208.5626678466797 87.02165985107422 258.9795837402344 227.45840454101562
train 0.9427786469459534 115.26500701904297 162.20883178710938 135.3371124267578 179.83323669433594
bus 0.8802669644355774 377.1797790527344 0.0 499.7215881347656 350.0
train 0.7652184963226318 95.06004333496094 164.8820037841797 132.0062255859375 181.1385498046875
person 0.7351080775260925 345.2833557128906 99.53972625732422 366.9188232421875 116.58303833007812
train 0.7053332328796387 158.29312133789062 123.99269104003906 195.17514038085938 217.46096801757812
person 0.53829425573349 180.67298889160156 176.6640625 195.89109802246094 223.22593688964844
train 0.4316891133785248 164.92576599121094 47.790985107421875 421.2696533203125 268.5458984375
train 0.37651440501213074 96.15325164794922 169.19908142089844 121.72834014892578 180.71817016601562
bus 0.31635382771492004 174.36154174804688 58.660316467285156 380.9744567871094 302.5858154296875
bus 0.28533557057380676 207.462158203125 32.35873794555664 453.0567932128906 350.0
person 0.28414976596832275 327.76434326171875 97.26022338867188 376.6309509277344 176.0223388671875
train 0.2128426730632782 330.6945495605469 0.0 497.2917785644531 350.0
person 0.16118460893630981 211.51278686523438 87.39450073242188 252.89654541015625 162.17535400390625
car 0.13748480379581451 188.9677276611328 55.03239440917969 387.7066345214844 338.9388732910156
boat 0.1283663660287857 393.7187194824219 193.1394805908203 461.5547790527344 261.88604736328125
train 0.12201947718858719 94.32643127441406 171.75257873535156 113.3276138305664 181.00975036621094
bus 0.06639562547206879 115.75790405273438 161.91159057617188 135.371826171875 181.2658233642578
aeroplane 0.05240517854690552 165.64759826660156 51.64952087402344 397.1297912597656 185.7142333984375
