boat 0.9937572479248047 188.13818359375 101.0521011352539 242.60238647460938 209.3238067626953
boat 0.9786173105239868 263.9454345703125 124.0716323852539 305.14300537109375 200.0318603515625
boat 0.8963688015937805 479.7724304199219 185.49009704589844 500.0 211.54490661621094
person 0.7389740943908691 486.7828063964844 183.6837615966797 498.05999755859375 201.8937530517578
person 0.7017921209335327 202.40594482421875 190.54595947265625 212.2605438232422 201.76919555664062
boat 0.6436219811439514 231.49288940429688 106.75831604003906 268.8158264160156 174.8134307861328
boat 0.5579242706298828 190.35374450683594 197.23411560058594 226.4346466064453 207.21141052246094
boat 0.4351094961166382 152.83413696289062 108.87095642089844 178.75489807128906 174.30029296875
person 0.32863640785217285 199.22938537597656 189.28041076660156 209.42816162109375 202.0788116455078
boat 0.3000732958316803 389.07904052734375 115.38957977294922 417.7536315917969 173.1342010498047
boat 0.2935236096382141 480.0743103027344 155.07476806640625 499.5945129394531 212.55088806152344
boat 0.2928227186203003 480.3778991699219 197.98214721679688 498.5203552246094 211.38185119628906
boat 0.2554352581501007 358.3705749511719 159.76290893554688 395.07855224609375 175.6053466796875
boat 0.24911577999591827 153.89242553710938 163.19520568847656 176.9915313720703 177.0343017578125
boat 0.235196053981781 413.8717956542969 118.6503677368164 440.0411682128906 177.71646118164062
boat 0.210598424077034 353.39630126953125 116.81388854980469 393.63372802734375 177.1382598876953
boat 0.18090659379959106 111.16311645507812 108.35177612304688 145.79661560058594 168.19400024414062
boat 0.18047451972961426 132.29849243164062 209.34088134765625 147.6903533935547 218.58998107910156
boat 0.15964093804359436 386.5119934082031 163.29652404785156 421.9917907714844 176.37403869628906
boat 0.15095770359039307 252.2417755126953 108.18636322021484 270.5753479003906 172.6771240234375
person 0.1263248771429062 270.4123840332031 188.7021484375 278.611083984375 197.10519409179688
boat 0.12047059834003448 418.1277770996094 120.57698822021484 467.10302734375 178.42794799804688
boat 0.10840040445327759 396.4242248535156 118.67024230957031 433.1507568359375 174.6067352294922
boat 0.10454203188419342 138.85562133789062 167.1238250732422 160.0271759033203 177.15065002441406
boat 0.0993921309709549 352.3283996582031 122.45270538330078 374.9876708984375 168.7828369140625
boat 0.07797512412071228 393.4643859863281 139.0279083251953 420.718505859375 174.84548950195312
boat 0.07695865631103516 65.2043685913086 105.880126953125 301.48443603515625 205.25790405273438
boat 0.06897640973329544 350.8766174316406 160.4012451171875 422.44012451171875 177.66294860839844
bird 0.06888612359762192 128.96981811523438 208.06822204589844 147.84463500976562 217.73048400878906
boat 0.060700155794620514 266.2379150390625 192.13877868652344 283.0188903808594 199.43504333496094
person 0.054012950509786606 200.05406188964844 188.56265258789062 204.61009216308594 200.47076416015625
car 0.05295105278491974 154.4014129638672 163.42251586914062 177.36180114746094 177.03909301757812
