person 0.9990264177322388 23.642793655395508 59.0687255859375 163.4259033203125 282.3079833984375
person 0.9985463619232178 187.05821228027344 106.16398620605469 291.2088623046875 283.0059509277344
person 0.9976180195808411 329.9035949707031 78.39383697509766 387.1033935546875 187.0023193359375
person 0.9922606348991394 428.7759704589844 76.0407485961914 468.27288818359375 168.63133239746094
person 0.9859943389892578 460.43475341796875 66.75823211669922 495.0355224609375 150.97628784179688
bicycle 0.8626137375831604 174.3369598388672 185.3721923828125 304.7312927246094 318.8243103027344
bicycle 0.8433126211166382 5.696527481079102 152.77752685546875 187.84417724609375 319.0
person 0.8298481702804565 445.356689453125 69.8753662109375 483.0153503417969 156.75450134277344
bicycle 0.6269868612289429 430.89117431640625 111.73062133789062 467.3155517578125 186.69284057617188
bicycle 0.6246798038482666 330.33477783203125 123.39554595947266 389.3252258300781 221.99009704589844
bicycle 0.5478538870811462 462.3299255371094 102.02422332763672 493.3096618652344 163.57826232910156
bottle 0.39420196413993835 89.96672058105469 209.34103393554688 114.54136657714844 236.52101135253906
