person 0.9853626489639282 336.9153747558594 94.04246520996094 393.8902893066406 215.02012634277344
sheep 0.9714041352272034 176.96090698242188 146.92767333984375 206.00430297851562 212.45632934570312
sheep 0.9661470055580139 148.58370971679688 142.11428833007812 182.29898071289062 214.0076446533203
sheep 0.9446753859519958 205.0956573486328 150.04971313476562 243.1846923828125 213.10333251953125
dog 0.8592962622642517 255.529541015625 178.3284454345703 300.9351806640625 236.5740203857422
sheep 0.8260672688484192 228.2706756591797 154.455810546875 266.43780517578125 206.3757781982422
sheep 0.4919881224632263 269.27801513671875 152.60107421875 333.126220703125 208.89573669433594
bird 0.38465559482574463 256.6366271972656 178.03057861328125 299.4441223144531 236.2227020263672
person 0.29081180691719055 114.82726287841797 1.3480743169784546 160.31918334960938 126.46558380126953
sheep 0.27642643451690674 163.666748046875 142.73765563964844 179.36302185058594 156.8114013671875
sheep 0.1232038363814354 256.4356384277344 177.80699157714844 303.1628723144531 236.6090545654297
dog 0.11998449265956879 264.29669189453125 162.07728576660156 321.6050720214844 224.75454711914062
cat 0.08740305155515671 257.0808410644531 178.599609375 300.011474609375 235.8678436279297
bird 0.060255225747823715 268.32794189453125 150.20091247558594 332.5943603515625 206.42752075195312
cow 0.0527995228767395 270.2286376953125 151.056884765625 330.9860534667969 211.0780029296875
