boat 0.9853572249412537 111.24430847167969 53.0462760925293 284.74322509765625 296.2986145019531
boat 0.9398614168167114 366.97454833984375 248.10333251953125 427.1228332519531 270.0460510253906
boat 0.5451647639274597 138.12709045410156 83.40694427490234 277.7779846191406 213.13006591796875
boat 0.27739620208740234 120.91857147216797 164.24952697753906 280.8955078125 297.69964599609375
boat 0.24120540916919708 418.8629455566406 263.9508972167969 435.2198181152344 269.7164306640625
boat 0.23790884017944336 6.952755451202393 139.2883758544922 291.91131591796875 301.4512634277344
boat 0.23669391870498657 457.639892578125 268.07049560546875 480.8056335449219 272.94061279296875
boat 0.11084642261266708 362.15142822265625 263.9028015136719 405.7318420410156 269.9387512207031
car 0.10574372857809067 368.2491760253906 248.9549102783203 420.9820251464844 269.10272216796875
boat 0.09445739537477493 145.9816131591797 145.0721893310547 279.9947814941406 211.65005493164062
boat 0.07957640290260315 404.4580078125 256.1363525390625 421.6397399902344 270.59686279296875
boat 0.06608112901449203 406.3488464355469 261.3296813964844 435.95831298828125 270.2900390625
boat 0.06374979764223099 388.6396179199219 251.2485809326172 421.767578125 270.1182556152344
