aeroplane 0.994860827922821 127.05903625488281 106.45426940917969 451.612060546875 212.05113220214844
bus 0.9935370087623596 187.5216827392578 212.18307495117188 309.4075012207031 249.54234313964844
bus 0.9894605278968811 307.4332275390625 210.1310272216797 416.28497314453125 245.95513916015625
car 0.8126410841941833 397.83001708984375 196.72525024414062 461.1386413574219 218.2678680419922
bus 0.5866071581840515 12.31015396118164 182.40965270996094 75.26941680908203 212.1875762939453
car 0.49278199672698975 402.3250732421875 271.9801330566406 457.1707763671875 298.6258850097656
bus 0.40221962332725525 238.73434448242188 211.83938598632812 391.6836853027344 248.2525634765625
boat 0.26633960008621216 322.6844177246094 193.40025329589844 414.2803649902344 212.875244140625
car 0.2202257215976715 470.92352294921875 263.50146484375 498.1514892578125 302.387939453125
car 0.21000464260578156 7.5817341804504395 191.1709442138672 53.10663604736328 211.68685913085938
aeroplane 0.1939905881881714 12.209321975708008 182.6041717529297 87.91874694824219 209.7941131591797
train 0.1649893820285797 93.27072143554688 221.640869140625 161.2882843017578 254.20362854003906
train 0.12498020380735397 12.943984031677246 183.19366455078125 77.22410583496094 210.73277282714844
car 0.10864651948213577 74.83103942871094 194.69332885742188 96.94488525390625 209.39627075195312
car 0.10389058291912079 18.46656608581543 187.81094360351562 73.01499938964844 211.17420959472656
bus 0.09910815954208374 13.382763862609863 181.07545471191406 75.57440948486328 197.93829345703125
aeroplane 0.09475752711296082 64.05137634277344 193.70486450195312 117.15465545654297 209.78343200683594
car 0.061721161007881165 2.9705147743225098 193.34605407714844 34.73413848876953 211.4749298095703
boat 0.05876993387937546 13.625802040100098 182.42637634277344 77.91956329345703 211.67198181152344
car 0.053758375346660614 471.80364990234375 244.1150665283203 498.6655578613281 264.6673889160156
aeroplane 0.05068695917725563 0.0 274.9680480957031 500.0 371.3590087890625
