bird 0.9887547492980957 217.00982666015625 87.2289810180664 326.32928466796875 143.8968963623047
bird 0.9360207915306091 26.79553985595703 173.41958618164062 75.93096923828125 259.8355407714844
bird 0.924355685710907 412.06951904296875 246.68589782714844 476.4006652832031 329.1177978515625
person 0.729112982749939 384.8280944824219 245.76670837402344 453.3678283691406 341.6490173339844
bird 0.7195092439651489 1.5000134706497192 172.03985595703125 50.669769287109375 237.067138671875
bird 0.11816206574440002 38.2007942199707 173.09640502929688 72.54923248291016 211.3666534423828
bird 0.10587649047374725 384.7428283691406 254.01498413085938 460.4114685058594 340.69403076171875
bird 0.08058902621269226 423.1672058105469 260.0904235839844 468.4756164550781 316.0494384765625
bird 0.07658357173204422 419.2993469238281 281.1429443359375 478.288330078125 335.87109375
bird 0.05868484824895859 39.851905822753906 170.56005859375 64.78703308105469 199.1782684326172
bird 0.05255091190338135 42.19065856933594 172.03135681152344 76.91136932373047 236.1978302001953
