cow 0.9748513102531433 262.79901123046875 148.39907836914062 473.5841064453125 249.5391082763672
cow 0.9703659415245056 13.655013084411621 90.93794250488281 288.9422912597656 332.61279296875
cow 0.37501823902130127 455.5620422363281 93.24871826171875 474.0447082519531 103.70966339111328
cow 0.23685385286808014 356.9383239746094 156.2685546875 449.80224609375 248.1241912841797
cow 0.19089102745056152 264.0636901855469 93.15071105957031 295.078369140625 102.0755844116211
cow 0.159184992313385 274.0151062011719 178.08642578125 376.2640686035156 249.84683227539062
cow 0.1416408121585846 426.8959655761719 91.99788665771484 445.4780578613281 101.60684967041016
cow 0.12156075984239578 414.05181884765625 88.10148620605469 428.4595947265625 101.34658813476562
cow 0.11780305951833725 382.5389709472656 90.88157653808594 401.1697998046875 100.99624633789062
cow 0.10784667730331421 354.6218566894531 93.05848693847656 370.42645263671875 101.2892837524414
cow 0.0963405966758728 324.1716613769531 94.63182830810547 344.7109680175781 102.87252044677734
sheep 0.08481061458587646 323.77947998046875 94.72474670410156 343.77972412109375 102.99583435058594
cow 0.06772571802139282 480.9607238769531 85.84754180908203 499.5992126464844 99.79176330566406
sheep 0.055634211748838425 354.41302490234375 93.00874328613281 370.0288391113281 101.33806610107422
