dog 0.9830023646354675 98.19169616699219 94.4578857421875 245.2495880126953 267.6104431152344
person 0.6612211465835571 293.5314636230469 111.9430923461914 358.723876953125 264.8426513671875
chair 0.3959633708000183 71.81526947021484 72.8395767211914 106.57325744628906 158.4684295654297
chair 0.3293688893318176 52.4332389831543 62.08452224731445 81.47640991210938 133.52593994140625
chair 0.28383609652519226 59.84695053100586 122.9284439086914 271.3148498535156 267.13153076171875
diningtable 0.22556038200855255 35.075504302978516 84.59095764160156 88.40177917480469 138.84896850585938
person 0.19101598858833313 127.07498168945312 62.04813766479492 148.0406036376953 89.40532684326172
diningtable 0.1725407987833023 37.92173385620117 74.51763916015625 113.21229553222656 147.9051513671875
person 0.17096947133541107 145.3665008544922 77.13217163085938 186.78561401367188 107.3172836303711
sofa 0.16799083352088928 63.81761169433594 81.75237274169922 268.27978515625 265.1417541503906
diningtable 0.14513403177261353 40.4401741027832 79.6438980102539 186.56732177734375 146.63327026367188
chair 0.132296621799469 59.50739288330078 62.04726791381836 83.35265350341797 88.26366424560547
chair 0.11900455504655838 68.29454803466797 71.01953887939453 138.36138916015625 167.16891479492188
chair 0.11488588154315948 292.0964050292969 123.52764129638672 359.3334655761719 268.0703125
chair 0.1140766590833664 219.3079833984375 127.44375610351562 267.2127990722656 268.06390380859375
person 0.10743017494678497 89.20555114746094 57.22478103637695 262.0675354003906 266.98822021484375
chair 0.10610532015562057 62.37400817871094 63.65437698364258 87.13397216796875 145.0248565673828
dog 0.08145030587911606 288.8512878417969 124.749755859375 359.7835998535156 269.5523681640625
person 0.06963565200567245 143.90061950683594 74.41732025146484 215.24545288085938 176.85989379882812
cow 0.06138740852475166 292.34716796875 122.43440246582031 357.7203674316406 269.3680114746094
chair 0.05874166265130043 236.3592071533203 129.48440551757812 266.90753173828125 191.80740356445312
chair 0.057574354112148285 212.54307556152344 88.44743347167969 227.61639404296875 112.0144271850586
sofa 0.05140051618218422 293.67010498046875 118.94003295898438 358.3961181640625 268.6712951660156
