sheep 0.9898996949195862 287.7331848144531 214.4904022216797 449.03778076171875 375.0
person 0.9879144430160522 0.8000271916389465 108.04118347167969 288.26251220703125 375.0
sheep 0.9676598906517029 440.2680969238281 256.89129638671875 476.9889221191406 285.8172302246094
sheep 0.9439343810081482 194.39944458007812 330.235107421875 360.7738952636719 375.0
sheep 0.9357854127883911 194.3649444580078 266.2246398925781 360.05731201171875 364.9075012207031
sheep 0.8635181188583374 200.133056640625 210.6302032470703 407.75897216796875 375.0
sheep 0.8149791359901428 429.6281433105469 331.15692138671875 499.1584167480469 373.6492919921875
sheep 0.7987040877342224 194.10101318359375 285.68524169921875 286.4635925292969 357.85919189453125
sheep 0.320060670375824 227.85824584960938 280.8263854980469 444.7215576171875 374.9054260253906
sheep 0.2867126166820526 252.13687133789062 215.98056030273438 298.0305480957031 249.79147338867188
sheep 0.1922433227300644 209.4449005126953 285.64349365234375 272.8603210449219 315.75238037109375
sheep 0.191000834107399 211.01841735839844 288.5393981933594 352.5241394042969 342.0880126953125
cow 0.14013375341892242 252.39999389648438 216.39239501953125 297.196533203125 255.4287567138672
sheep 0.10542380064725876 197.22280883789062 212.3285675048828 341.9795837402344 303.7806091308594
sheep 0.0897996798157692 253.4935302734375 214.6838836669922 364.64129638671875 258.89349365234375
sheep 0.0765082985162735 287.462890625 216.07687377929688 418.2198181152344 286.5588684082031
sheep 0.07203368097543716 253.82302856445312 213.13502502441406 400.0290832519531 326.0915222167969
sheep 0.0608246810734272 449.597412109375 257.3431701660156 475.9132385253906 273.28106689453125
