person 0.9884021878242493 409.2340393066406 3.384876251220703 499.4688415527344 234.48312377929688
pottedplant 0.9417967200279236 137.6888427734375 0.0 366.5110778808594 216.5297393798828
dog 0.8847025632858276 138.09039306640625 153.6131134033203 271.822265625 359.6919860839844
cat 0.47943374514579773 135.75303649902344 149.90208435058594 270.9552307128906 366.20440673828125
pottedplant 0.304674357175827 139.5940399169922 0.5477070808410645 265.4991455078125 161.0596923828125
chair 0.26879045367240906 135.67652893066406 123.7416000366211 164.9253692626953 274.7218322753906
bird 0.15108038485050201 128.06576538085938 156.5105438232422 278.0697937011719 366.7493896484375
pottedplant 0.13077707588672638 196.299072265625 120.8615951538086 281.19683837890625 172.63621520996094
diningtable 0.09998080879449844 109.95829010009766 130.44802856445312 424.2803955078125 360.5573425292969
pottedplant 0.08174796402454376 140.3022003173828 47.82048034667969 215.90489196777344 164.59521484375
diningtable 0.07113764435052872 141.56219482421875 139.56939697265625 360.3918762207031 237.31005859375
pottedplant 0.067301444709301 196.8097686767578 69.93795013427734 265.5972595214844 172.88267517089844
