car 0.8354341983795166 420.3948669433594 234.2166290283203 484.8341064453125 255.1617889404297
boat 0.7922060489654541 284.01898193359375 29.472843170166016 495.89971923828125 257.73480224609375
car 0.6644414067268372 0.0 276.7339782714844 494.2071228027344 374.3768615722656
aeroplane 0.5238959789276123 0.0 141.33236694335938 500.0 371.847900390625
boat 0.46197476983070374 167.85215759277344 0.0 487.6280822753906 309.1172180175781
boat 0.4211829602718353 293.13372802734375 140.38870239257812 494.3226013183594 252.5709686279297
car 0.3326793611049652 0.0 157.88487243652344 486.1646728515625 375.0
car 0.22832520306110382 462.41558837890625 236.66323852539062 485.61456298828125 251.5948944091797
aeroplane 0.21595455706119537 136.13865661621094 10.493559837341309 497.2606506347656 295.8576965332031
boat 0.14817526936531067 355.39727783203125 165.02047729492188 401.4378967285156 181.7607421875
boat 0.11665338277816772 16.630535125732422 136.8586883544922 500.0 368.43206787109375
bird 0.1118345558643341 467.9645080566406 29.007469177246094 499.2601013183594 111.93724060058594
aeroplane 0.06874710321426392 263.3651123046875 152.55999755859375 497.59320068359375 251.23684692382812
aeroplane 0.060357630252838135 282.5403137207031 29.02996253967285 499.6197814941406 258.71563720703125
aeroplane 0.05577690899372101 0.0 277.06640625 500.0 371.0477600097656
boat 0.05181372910737991 286.4772644042969 3.2713723182678223 377.92352294921875 238.79945373535156
