person 0.9898828864097595 179.04653930664062 106.98609161376953 331.9837341308594 373.487060546875
person 0.9343791007995605 189.96951293945312 116.40933227539062 257.14752197265625 373.04052734375
pottedplant 0.681294322013855 447.7598876953125 66.11109161376953 499.48345947265625 217.44052124023438
chair 0.6122048497200012 337.27392578125 270.219970703125 489.2742004394531 375.0
sofa 0.5563030242919922 320.63592529296875 223.63723754882812 438.1700439453125 343.256103515625
sofa 0.5411326289176941 336.4068603515625 269.8638610839844 481.5132751464844 373.86016845703125
person 0.4617016613483429 181.81454467773438 115.0053482055664 237.57110595703125 301.96044921875
person 0.454575777053833 201.720703125 116.17897033691406 247.34454345703125 220.55636596679688
chair 0.4258156716823578 323.8929748535156 223.0055694580078 436.1563720703125 347.437255859375
pottedplant 0.4023624658584595 450.1799011230469 93.68800354003906 499.8536071777344 341.6861877441406
person 0.39841988682746887 203.5309600830078 116.97107696533203 226.4323272705078 180.55763244628906
tvmonitor 0.3639197051525116 5.234133243560791 79.18670654296875 120.15064239501953 308.53765869140625
pottedplant 0.35159823298454285 388.09552001953125 191.5669403076172 431.7879333496094 238.8924102783203
sofa 0.3133513629436493 182.10226440429688 220.61488342285156 440.2801208496094 359.6045837402344
pottedplant 0.2932058274745941 463.67962646484375 204.79945373535156 498.7135925292969 281.51849365234375
pottedplant 0.2523082196712494 462.156982421875 197.26260375976562 498.5042419433594 359.7802734375
pottedplant 0.24757567048072815 266.6309509277344 94.02157592773438 304.681884765625 161.51089477539062
pottedplant 0.19534315168857574 398.2544860839844 205.27565002441406 431.25958251953125 232.88632202148438
pottedplant 0.1440301090478897 398.1089782714844 191.10748291015625 421.2413635253906 228.3990478515625
pottedplant 0.13633500039577484 0.0 0.0 85.13982391357422 133.93716430664062
pottedplant 0.13130155205726624 459.6090393066406 141.25050354003906 499.64434814453125 289.0411376953125
pottedplant 0.12879477441310883 1.3801456689834595 0.0 45.81903839111328 80.21297454833984
chair 0.10565345734357834 204.1600341796875 219.50083923339844 439.8059997558594 364.6414489746094
person 0.10329075157642365 210.73141479492188 221.90335083007812 256.0459899902344 373.6131591796875
tvmonitor 0.10297352075576782 180.5069122314453 307.226806640625 221.3181915283203 341.2408142089844
chair 0.09977196156978607 325.4846496582031 229.91879272460938 359.74053955078125 249.1807098388672
diningtable 0.09713354706764221 323.0613098144531 239.89610290527344 359.2917175292969 271.3662109375
tvmonitor 0.0782894715666771 31.132911682128906 110.42195129394531 102.92707824707031 187.1300048828125
pottedplant 0.07327636331319809 457.8897705078125 115.25303649902344 497.68096923828125 211.57740783691406
chair 0.07138707488775253 326.4737854003906 236.13539123535156 360.7523193359375 271.2254333496094
person 0.07131780683994293 184.74728393554688 112.57510375976562 275.9967956542969 232.7125701904297
bottle 0.06913181394338608 202.3212127685547 288.635009765625 216.79762268066406 309.82965087890625
chair 0.05217597633600235 327.4502868652344 229.36444091796875 389.51104736328125 274.8983154296875
