person 0.963746190071106 0.0 20.886940002441406 124.88728332519531 339.986328125
diningtable 0.9570590257644653 10.343340873718262 228.53883361816406 500.0 375.0
person 0.9547553062438965 378.03802490234375 57.90620422363281 499.1556701660156 271.6711730957031
bottle 0.9253360629081726 28.8706111907959 151.65248107910156 119.11863708496094 375.0
person 0.8191407322883606 347.3471374511719 141.92529296875 391.4468078613281 198.45326232910156
tvmonitor 0.686140775680542 0.15365250408649445 82.94173431396484 36.8819465637207 133.3828887939453
person 0.681119978427887 198.5958251953125 139.7410888671875 220.82498168945312 190.28428649902344
person 0.6765767335891724 110.6773910522461 122.79833984375 136.2279815673828 163.01705932617188
bottle 0.4483796954154968 344.08477783203125 168.8118896484375 364.5119934082031 207.8353729248047
person 0.4474520683288574 256.9861145019531 149.67518615722656 282.9823913574219 181.9094696044922
person 0.44127389788627625 213.56591796875 147.19020080566406 260.05084228515625 187.38253784179688
person 0.38162943720817566 270.6568908691406 164.46234130859375 293.8297424316406 193.98593139648438
diningtable 0.36967360973358154 207.87234497070312 263.4068603515625 497.0394592285156 374.35394287109375
person 0.3571419417858124 336.7909240722656 165.57119750976562 353.34454345703125 201.6492156982422
person 0.3408043384552002 98.36318969726562 123.22314453125 138.3074951171875 191.26589965820312
person 0.28668153285980225 9.87857723236084 25.923542022705078 269.9931335449219 368.3505859375
diningtable 0.27087411284446716 6.048506736755371 264.7312316894531 281.028076171875 375.0
person 0.21923212707042694 131.0441131591797 131.64926147460938 208.5707550048828 310.0284729003906
diningtable 0.21820537745952606 145.69375610351562 188.90919494628906 495.1376953125 329.12628173828125
bottle 0.19563797116279602 344.90875244140625 173.92507934570312 367.16461181640625 236.81539916992188
person 0.19514021277427673 143.44447326660156 127.07936096191406 210.55792236328125 212.44424438476562
diningtable 0.19363334774971008 14.204673767089844 311.4041442871094 468.34661865234375 375.0
person 0.1289660781621933 297.482177734375 65.54510498046875 496.8765563964844 308.9169921875
person 0.12569235265254974 116.14492797851562 258.4591064453125 175.79702758789062 315.1509704589844
person 0.1121775284409523 339.4828186035156 165.62655639648438 355.1935729980469 183.99349975585938
person 0.09343110769987106 227.57618713378906 147.37112426757812 259.9919738769531 175.53961181640625
person 0.09193005412817001 262.1212463378906 154.88735961914062 292.4047546386719 190.58932495117188
person 0.08948640525341034 203.3845977783203 143.72293090820312 251.081298828125 200.71353149414062
person 0.08617398142814636 186.83004760742188 138.45455932617188 220.2347412109375 205.82919311523438
diningtable 0.08196005970239639 0.0 300.07879638671875 211.10357666015625 372.27099609375
bottle 0.0741281732916832 401.5420227050781 122.8905029296875 415.4277038574219 158.84368896484375
person 0.07055835425853729 378.16162109375 146.60586547851562 391.884033203125 170.56521606445312
person 0.067052461206913 148.07444763183594 128.7375946044922 249.8248291015625 241.12789916992188
person 0.06640953570604324 241.33462524414062 149.23837280273438 285.3758239746094 191.40939331054688
person 0.05614745616912842 238.98532104492188 148.52806091308594 268.9743347167969 179.03627014160156
