person 0.9829081296920776 135.22171020507812 124.30979919433594 240.93385314941406 373.4789123535156
person 0.9784832000732422 292.19097900390625 117.56713104248047 498.2899475097656 374.0204772949219
person 0.9767546057701111 238.72930908203125 116.70890045166016 367.13800048828125 305.5364685058594
person 0.9767054915428162 1.286576509475708 110.01952362060547 125.5057373046875 375.0
person 0.8978433609008789 418.5218811035156 89.56851959228516 446.359130859375 139.19386291503906
person 0.873693585395813 284.11224365234375 110.7389907836914 413.14715576171875 295.8701477050781
person 0.5173145532608032 403.8886413574219 111.65583801269531 498.2313537597656 348.2339782714844
chair 0.25307464599609375 250.46925354003906 139.72642517089844 283.04833984375 196.17869567871094
sofa 0.08007331192493439 0.0 211.86282348632812 360.2106018066406 360.4505615234375
bus 0.06239621341228485 2.845320463180542 7.875652313232422 500.0 319.1658020019531
chair 0.05553874000906944 5.433202743530273 219.82913208007812 154.8917999267578 375.0
person 0.05218691751360893 119.62097930908203 148.04734802246094 137.92605590820312 196.20028686523438
sofa 0.05071200057864189 137.46885681152344 188.87535095214844 500.0 375.0
