cat 0.9897584915161133 49.07666015625 113.96683502197266 486.3232116699219 375.0
sheep 0.6750097274780273 0.9235575795173645 135.714599609375 63.757991790771484 273.64801025390625
cat 0.34923258423805237 34.02790069580078 114.16051483154297 312.26287841796875 284.10601806640625
chair 0.3189208507537842 3.8649682998657227 36.82592010498047 301.2350158691406 251.5894012451172
sofa 0.29305464029312134 0.0 268.3563537597656 492.762939453125 373.5248107910156
tvmonitor 0.2661452293395996 8.267386436462402 10.759269714355469 301.7250671386719 226.9475555419922
chair 0.2112426459789276 22.190946578979492 42.84980010986328 463.82342529296875 365.7239990234375
sofa 0.20563030242919922 0.0 44.26509094238281 486.8022766113281 375.0
dog 0.12199042737483978 0.22717489302158356 146.14117431640625 69.27586364746094 262.322998046875
chair 0.11871857196092606 14.06045913696289 86.73062896728516 258.75408935546875 201.47042846679688
dog 0.1119689792394638 50.86534118652344 126.99671936035156 278.4888000488281 303.3059997558594
sheep 0.11182405799627304 49.68909454345703 130.7446746826172 270.9598083496094 308.81903076171875
sofa 0.1088477224111557 0.0 32.787174224853516 300.3805847167969 256.4355773925781
sheep 0.09258740395307541 0.29557105898857117 225.55746459960938 60.707481384277344 272.31597900390625
dog 0.08458937704563141 28.277042388916016 216.95237731933594 500.0 368.23211669921875
sheep 0.06557322293519974 6.985233306884766 270.6764831542969 491.67242431640625 375.0
sheep 0.05756635218858719 3.8264455795288086 199.1150665283203 68.80401611328125 266.1620788574219
