sheep 0.9916906356811523 126.05838775634766 82.2098388671875 455.9081115722656 374.9325866699219
tvmonitor 0.7582949995994568 68.57585906982422 264.1717834472656 145.88327026367188 333.24969482421875
car 0.2627030909061432 7.9432878494262695 267.02337646484375 280.0678405761719 375.0
cat 0.13994717597961426 8.944541931152344 11.56670093536377 477.8971252441406 370.162353515625
bottle 0.09031911194324493 83.7316665649414 349.4245300292969 154.68634033203125 375.0
boat 0.08560682833194733 19.682350158691406 322.8008117675781 293.40948486328125 371.19329833984375
sheep 0.08243872970342636 0.0 16.760028839111328 377.1670837402344 365.2747497558594
dog 0.07643873244524002 125.90707397460938 96.47357940673828 379.86798095703125 359.9986572265625
boat 0.07369489967823029 63.749176025390625 270.28192138671875 276.6847839355469 370.4107971191406
boat 0.05035453289747238 9.227660179138184 274.1280212402344 462.12615966796875 375.0
