motorbike 0.9939117431640625 178.95555114746094 0.0 440.55816650390625 247.3817596435547
motorbike 0.9766252040863037 138.22634887695312 5.366091728210449 278.0122985839844 173.0108184814453
person 0.9443867802619934 70.28215026855469 8.629276275634766 124.18856811523438 139.32479858398438
motorbike 0.9425902962684631 182.7364044189453 0.842097282409668 324.6657409667969 203.8987579345703
motorbike 0.7482903599739075 333.50152587890625 0.6965661644935608 471.86517333984375 136.25115966796875
car 0.6454209089279175 359.47210693359375 0.0 498.0872802734375 144.93568420410156
motorbike 0.5142943859100342 137.57627868652344 18.179288864135742 246.3861541748047 121.40589141845703
motorbike 0.46614378690719604 179.6241455078125 5.938477039337158 290.43231201171875 131.97854614257812
person 0.45578262209892273 104.92803955078125 63.91378402709961 124.3548583984375 125.42939758300781
motorbike 0.4479075074195862 370.8620300292969 1.9404948949813843 447.615478515625 67.54843139648438
motorbike 0.42702457308769226 141.6071014404297 55.54792404174805 237.4481658935547 170.49842834472656
motorbike 0.3067191541194916 252.94252014160156 4.548293113708496 442.7685546875 154.0570068359375
motorbike 0.2786230146884918 306.92266845703125 2.4741196632385254 489.25921630859375 205.69482421875
car 0.1752719134092331 187.6144561767578 12.073196411132812 500.0 280.2665710449219
car 0.16860000789165497 351.2955322265625 2.5828537940979004 480.27911376953125 79.2353744506836
motorbike 0.15108099579811096 120.56356811523438 14.49032974243164 495.5395812988281 342.0
motorbike 0.12538625299930573 187.93235778808594 48.04907989501953 348.3961181640625 275.39605712890625
car 0.10807403177022934 271.63818359375 1.0542197227478027 476.734619140625 107.13465881347656
car 0.1079484149813652 137.4727325439453 87.62409973144531 157.91635131835938 103.37405395507812
boat 0.10774750262498856 127.41063690185547 28.89871597290039 495.9365234375 333.8958740234375
person 0.09336639195680618 351.27520751953125 3.5190799236297607 452.8144836425781 108.81634521484375
car 0.08586043119430542 146.04254150390625 78.1567153930664 221.1417999267578 169.11373901367188
car 0.07852333039045334 301.3033447265625 0.0 500.0 218.3892364501953
boat 0.07850196212530136 365.24029541015625 112.34586334228516 482.24444580078125 166.7747039794922
motorbike 0.07432045042514801 351.3490905761719 10.3567476272583 441.46435546875 99.92088317871094
motorbike 0.07112618535757065 205.152099609375 11.369914054870605 277.35888671875 104.12024688720703
chair 0.06812547892332077 273.5618591308594 106.95172882080078 497.8454895019531 342.0
motorbike 0.061421338468790054 219.92898559570312 4.831442832946777 352.0950622558594 141.4580078125
motorbike 0.05666838586330414 292.0011291503906 3.8712246417999268 437.35247802734375 82.50153350830078
