person 0.9714946746826172 456.271484375 47.46711349487305 488.2769775390625 111.59872436523438
car 0.9659028053283691 185.9702911376953 106.86270904541016 382.9715576171875 197.56336975097656
train 0.6071748733520508 122.08671569824219 44.84362030029297 479.4676208496094 85.6905746459961
train 0.2510370910167694 1.7160102128982544 53.94686508178711 411.03558349609375 90.39405822753906
person 0.23670653998851776 454.7911376953125 52.27769470214844 472.3867492675781 110.31802368164062
car 0.1918981671333313 251.38792419433594 104.8065185546875 485.52392578125 148.10214233398438
train 0.14953087270259857 3.174285411834717 101.4753646850586 324.3014831542969 148.29689025878906
bottle 0.1443110853433609 123.60330200195312 140.34176635742188 144.09927368164062 185.68850708007812
sofa 0.14395292103290558 2.0109663009643555 62.040042877197266 51.393863677978516 91.80818176269531
train 0.08451202511787415 127.51000213623047 50.69585037231445 495.7780456542969 147.12680053710938
train 0.08284752070903778 246.1237030029297 103.66450500488281 496.9165344238281 146.97647094726562
person 0.08165581524372101 469.8069152832031 48.41587448120117 489.0352783203125 99.38011932373047
car 0.07328324019908905 454.7396545410156 45.410621643066406 498.5084228515625 73.27455139160156
