boat 0.88694828748703 52.512672424316406 103.20046997070312 432.2685241699219 244.39132690429688
boat 0.8620427846908569 63.02229690551758 99.0097427368164 484.68194580078125 348.1346130371094
aeroplane 0.5076801776885986 103.1019287109375 97.23928833007812 500.0 352.3681945800781
person 0.49791908264160156 145.0148162841797 103.008056640625 168.16549682617188 132.78013610839844
person 0.33791986107826233 161.6766815185547 112.92646026611328 209.47901916503906 168.01100158691406
person 0.25176534056663513 171.97315979003906 111.5531234741211 207.61187744140625 140.93052673339844
boat 0.25149795413017273 69.15117645263672 140.33583068847656 349.48870849609375 229.75636291503906
boat 0.11336414515972137 277.3886413574219 98.53963470458984 500.0 352.90338134765625
boat 0.10058798640966415 289.8811950683594 117.42777252197266 447.61248779296875 220.8441162109375
boat 0.07341792434453964 331.93328857421875 148.24307250976562 421.5360412597656 204.63009643554688
person 0.06703368574380875 382.59161376953125 56.400062561035156 497.3118896484375 367.73565673828125
