person 0.9814141392707825 131.26800537109375 147.1816864013672 241.4066619873047 329.423828125
bottle 0.9769970178604126 202.54600524902344 244.96768188476562 243.92076110839844 371.9931945800781
tvmonitor 0.924379289150238 304.9112243652344 104.25957489013672 497.3480224609375 374.0
tvmonitor 0.6064972877502441 419.9400939941406 156.23277282714844 476.7859802246094 239.33694458007812
chair 0.32222649455070496 16.744029998779297 157.30001831054688 172.50790405273438 267.0655517578125
tvmonitor 0.18819525837898254 409.37066650390625 137.06564331054688 494.08843994140625 254.76406860351562
pottedplant 0.11248554289340973 1.0698637962341309 259.9560852050781 142.69520568847656 374.0
person 0.09024634212255478 65.30860137939453 144.5687255859375 264.74591064453125 356.9020080566406
diningtable 0.08663652837276459 0.0 256.116455078125 369.0360412597656 368.5330810546875
tvmonitor 0.07649601995944977 0.0 88.10694122314453 99.86224365234375 160.20437622070312
tvmonitor 0.073780857026577 267.4570617675781 305.7693176269531 461.4975891113281 372.9381408691406
person 0.06518219411373138 137.5325469970703 146.50778198242188 317.2092590332031 370.61907958984375
chair 0.06016567721962929 0.6595251560211182 202.62747192382812 28.316308975219727 251.11480712890625
bottle 0.052150510251522064 233.64752197265625 257.1001892089844 316.30950927734375 374.0
person 0.05173809453845024 34.81592559814453 148.35467529296875 198.44314575195312 287.5392150878906
