sheep 0.9944755434989929 41.20234680175781 101.34202575683594 254.29258728027344 273.5033264160156
sheep 0.9934178590774536 103.0243148803711 160.77284240722656 329.9024658203125 368.371337890625
sheep 0.9435849785804749 170.01243591308594 103.3867416381836 342.9921875 297.40655517578125
sheep 0.8117462992668152 106.4173583984375 129.00369262695312 317.4582824707031 269.7464294433594
sheep 0.31093668937683105 103.84829711914062 173.84544372558594 207.19180297851562 277.3620300292969
sheep 0.2705753445625305 172.1790313720703 101.36603546142578 293.59637451171875 192.80296325683594
sheep 0.21464459598064423 105.5169677734375 178.26724243164062 273.07293701171875 316.60565185546875
sheep 0.1574569046497345 202.91392517089844 154.35110473632812 339.69097900390625 258.74017333984375
sheep 0.15029969811439514 37.84272766113281 128.3667449951172 152.96893310546875 265.38970947265625
sheep 0.08050697296857834 283.610595703125 27.039512634277344 495.7782897949219 358.6371765136719
sheep 0.06528746336698532 164.70054626464844 86.22769927978516 445.68408203125 367.43768310546875
sheep 0.05537509545683861 4.2424516677856445 171.290283203125 124.73296356201172 268.967529296875
