person 0.9863083958625793 184.56881713867188 178.42294311523438 263.53814697265625 374.95721435546875
person 0.9580429792404175 182.3581085205078 179.4435272216797 243.8769073486328 295.6454162597656
tvmonitor 0.9541308879852295 319.1782531738281 214.36517333984375 400.2398376464844 288.48016357421875
person 0.9520530700683594 280.5989074707031 199.37057495117188 371.33673095703125 375.0
person 0.7428025603294373 301.7520446777344 199.64981079101562 339.360107421875 246.02322387695312
chair 0.5899726152420044 97.66173553466797 265.5571594238281 191.61756896972656 374.5182800292969
person 0.5292324423789978 463.59527587890625 192.62083435058594 499.2172546386719 341.976806640625
tvmonitor 0.3799489140510559 387.6263732910156 209.60598754882812 492.676025390625 327.9010314941406
tvmonitor 0.3659922778606415 260.6460876464844 231.47607421875 318.98309326171875 284.67352294921875
person 0.284984827041626 188.96481323242188 180.21826171875 242.97418212890625 233.9468536376953
person 0.2567284107208252 472.18414306640625 191.2765655517578 498.4889221191406 281.1387634277344
person 0.23238001763820648 302.5289001464844 203.8876495361328 342.63690185546875 339.5303649902344
bottle 0.20853421092033386 415.2531433105469 190.9788818359375 422.31927490234375 208.06312561035156
person 0.15148788690567017 480.06561279296875 194.49237060546875 499.505615234375 209.95294189453125
diningtable 0.13743124902248383 98.66251373291016 273.2695617675781 412.81256103515625 375.0
pottedplant 0.12846334278583527 74.27130889892578 281.34344482421875 96.21539306640625 304.82208251953125
person 0.1203690841794014 206.75062561035156 181.56967163085938 357.5917053222656 373.29632568359375
bottle 0.11087342351675034 129.7195281982422 127.711669921875 163.01034545898438 136.5296630859375
person 0.0987456813454628 306.4100341796875 271.4103088378906 368.6439208984375 372.8992614746094
bottle 0.09112095832824707 408.6541442871094 193.97994995117188 416.593017578125 210.981689453125
diningtable 0.0728728175163269 387.61126708984375 222.64588928222656 500.0 340.6641845703125
bottle 0.06681055575609207 394.71728515625 306.3843994140625 406.53118896484375 335.6316223144531
bottle 0.06568953394889832 413.822265625 191.47018432617188 426.28076171875 212.4460906982422
person 0.05531897395849228 371.209228515625 204.58384704589844 380.6764831542969 214.77239990234375
bottle 0.052991390228271484 32.34235763549805 334.0289611816406 51.4653434753418 375.0
