dog 0.733005166053772 210.48907470703125 122.86534881591797 273.5392150878906 265.80206298828125
dog 0.5865904092788696 118.54997253417969 105.35783386230469 185.8480682373047 235.19107055664062
person 0.42419958114624023 120.35874938964844 107.49222564697266 191.0298309326172 239.95272827148438
bird 0.37946608662605286 210.7213897705078 126.56160736083984 274.5274353027344 264.7892150878906
sheep 0.32016080617904663 207.93572998046875 122.59680938720703 271.1357727050781 269.23541259765625
sheep 0.24550481140613556 119.15438079833984 108.70745849609375 189.01902770996094 234.5736541748047
sheep 0.23598045110702515 0.0 18.923303604125977 490.4940490722656 346.57403564453125
bird 0.2214137762784958 0.0 17.11582374572754 500.0 355.99493408203125
bird 0.11533477902412415 118.17719268798828 106.72496032714844 188.71511840820312 232.7216339111328
cat 0.11275267601013184 0.0 29.93431854248047 485.2489318847656 356.139892578125
cow 0.07263229042291641 28.889108657836914 206.72850036621094 491.76708984375 355.82489013671875
cat 0.05441930145025253 213.710693359375 131.37356567382812 272.265380859375 267.91400146484375
person 0.053912367671728134 209.68170166015625 122.667236328125 274.064453125 265.9139099121094
boat 0.051188237965106964 37.79302978515625 206.09544372558594 496.73809814453125 355.1304626464844
cat 0.0510740801692009 121.97119140625 105.71986389160156 183.85842895507812 239.1623077392578
