person 0.9816619753837585 156.1436004638672 63.49848937988281 255.12269592285156 331.6558532714844
person 0.97917240858078 24.943700790405273 1.1126518249511719 141.63232421875 374.2625427246094
tvmonitor 0.957512617111206 365.5091552734375 134.87152099609375 440.87493896484375 204.87506103515625
person 0.9186166524887085 1.1745635271072388 118.92477416992188 43.84949493408203 271.93182373046875
person 0.8309782147407532 81.51707458496094 30.436677932739258 161.03829956054688 351.11651611328125
person 0.5591411590576172 79.96996307373047 38.50930404663086 145.77792358398438 136.31964111328125
person 0.47318848967552185 80.51567840576172 37.35336685180664 155.33750915527344 210.99139404296875
chair 0.47159162163734436 466.12548828125 200.5972442626953 499.61846923828125 256.20367431640625
bottle 0.4541597366333008 120.28829956054688 106.30548095703125 139.88511657714844 143.12184143066406
person 0.40676766633987427 0.4829269051551819 225.65521240234375 26.674829483032227 359.34375
diningtable 0.3864051401615143 238.8843231201172 211.48825073242188 366.1493835449219 278.7275390625
person 0.36621662974357605 3.651235342025757 116.53340148925781 28.813648223876953 150.25599670410156
person 0.2035095989704132 1.290823221206665 116.33329772949219 29.706626892089844 192.650146484375
diningtable 0.19934292137622833 156.94715881347656 202.52928161621094 375.47540283203125 317.07537841796875
chair 0.17483358085155487 248.0415802001953 217.60580444335938 289.4332580566406 273.0224304199219
person 0.16608235239982605 29.433969497680664 4.360349178314209 141.30821228027344 193.99755859375
tvmonitor 0.15301279723644257 323.28314208984375 62.0877799987793 384.9992370605469 164.5323028564453
tvmonitor 0.10862608253955841 0.0 101.90372467041016 32.507598876953125 151.97914123535156
person 0.09254147857427597 159.40232849121094 89.14241027832031 182.01251220703125 115.09272766113281
person 0.08125719428062439 155.12388610839844 87.41067504882812 182.7291259765625 183.44900512695312
person 0.0768873542547226 108.94271850585938 84.91285705566406 158.50094604492188 335.12957763671875
tvmonitor 0.07480242103338242 1.9456173181533813 5.660444259643555 137.72105407714844 107.36643981933594
chair 0.06604872643947601 287.5221252441406 169.41477966308594 452.76678466796875 319.22784423828125
pottedplant 0.059789907187223434 150.28976440429688 164.3937225341797 190.49331665039062 289.5188903808594
diningtable 0.0516793318092823 148.76223754882812 201.38809204101562 374.3922119140625 257.8696594238281
