dog 0.9575300812721252 22.20564079284668 80.04645538330078 440.33099365234375 329.9778747558594
person 0.9255852699279785 1.7563996315002441 109.82986450195312 147.3165740966797 330.230712890625
dog 0.9133089780807495 206.73672485351562 109.2926254272461 497.6046447753906 277.1104431152344
dog 0.237730011343956 222.94564819335938 105.78746032714844 426.4612121582031 223.5457305908203
person 0.20930646359920502 68.49117279052734 76.8050308227539 499.9897155761719 331.9871520996094
person 0.1794445961713791 14.40113353729248 89.02499389648438 285.0959167480469 331.689697265625
chair 0.14754967391490936 111.3947982788086 233.77972412109375 285.30364990234375 332.1924743652344
sheep 0.118516705930233 210.2769775390625 149.0934600830078 487.346923828125 330.0301818847656
chair 0.10624662041664124 317.7718200683594 138.09951782226562 496.689453125 253.09251403808594
person 0.10274586826562881 257.8421630859375 119.19586944580078 493.9139099121094 254.9384307861328
sheep 0.08492293953895569 104.78121185302734 116.00276947021484 383.7555236816406 330.6746520996094
dog 0.06227128580212593 218.74168395996094 104.49978637695312 386.6866149902344 333.0
horse 0.0621454194188118 212.2456817626953 111.11565399169922 499.5498352050781 269.603515625
person 0.057800136506557465 225.3844757080078 134.15457153320312 500.0 332.6583557128906
sofa 0.054228734225034714 316.5111999511719 140.88047790527344 493.3602294921875 254.79893493652344
