cow 0.8110190629959106 7.862826824188232 9.101263999938965 477.54669189453125 334.0
cow 0.7397919297218323 130.08056640625 1.0133932828903198 322.44952392578125 167.4137420654297
boat 0.6805418133735657 354.31671142578125 94.11082458496094 419.1489562988281 178.3931884765625
chair 0.557393491268158 3.706655502319336 12.39995288848877 154.31390380859375 281.00201416015625
pottedplant 0.4275120794773102 1.4246635437011719 39.80398941040039 125.41242980957031 235.3178253173828
sheep 0.3687944710254669 43.37075424194336 123.38259887695312 473.00958251953125 334.0
bird 0.3160332441329956 54.9034423828125 60.72494125366211 463.9945983886719 328.4908752441406
sheep 0.2100665271282196 13.757397651672363 23.929428100585938 330.06634521484375 331.23004150390625
cow 0.16880621016025543 197.04119873046875 0.5369755029678345 499.6363830566406 171.45669555664062
sheep 0.1095680221915245 449.3736877441406 30.694286346435547 498.61126708984375 145.24842834472656
chair 0.10940305888652802 359.8604736328125 4.197823524475098 499.9999694824219 217.5689239501953
pottedplant 0.09356287866830826 1.1357886791229248 72.03765106201172 76.5627212524414 216.53501892089844
bird 0.09058450162410736 447.85919189453125 29.433469772338867 499.6494140625 138.63107299804688
dog 0.08288785815238953 0.0 0.23876066505908966 471.8790283203125 333.4822082519531
chair 0.0824175775051117 25.057302474975586 3.048318862915039 342.9486389160156 284.1816711425781
sheep 0.06990005075931549 211.0843963623047 0.0 321.3138427734375 162.20877075195312
chair 0.0689883828163147 227.67344665527344 0.26809704303741455 306.0205078125 42.89146041870117
cat 0.06511858850717545 1.137818694114685 4.784181594848633 399.1601867675781 332.7445068359375
horse 0.05841720849275589 0.0 2.8202996253967285 473.2809143066406 334.0
boat 0.057598114013671875 335.1798095703125 25.634029388427734 418.7081604003906 175.945068359375
pottedplant 0.050514645874500275 1.4588810205459595 10.416718482971191 86.52189636230469 315.66839599609375
dog 0.05018766596913338 58.658443450927734 11.147440910339355 363.9289245605469 268.097412109375
