bus 0.9926419854164124 44.186195373535156 45.785491943359375 300.6503601074219 258.24749755859375
car 0.9256923198699951 319.82415771484375 143.13858032226562 373.7097473144531 187.83023071289062
car 0.7831265330314636 14.607378005981445 133.3675994873047 47.5065803527832 175.89707946777344
car 0.7306578755378723 31.34095001220703 149.82167053222656 57.17869186401367 190.2007598876953
car 0.7115345597267151 292.3450622558594 148.90789794921875 344.8252258300781 177.30035400390625
car 0.5917081236839294 39.05662536621094 51.396827697753906 308.2601623535156 262.94677734375
bottle 0.5471078157424927 194.72476196289062 329.965576171875 295.54071044921875 495.2778015136719
car 0.3046348989009857 306.7878723144531 144.96871948242188 357.4951477050781 181.61500549316406
bus 0.27009814977645874 44.31839370727539 82.22150421142578 73.04653930664062 194.9319305419922
car 0.2607816457748413 22.278160095214844 139.9096221923828 51.594669342041016 187.4114532470703
person 0.24258466064929962 332.4169921875 139.2156219482422 342.99017333984375 152.44688415527344
bus 0.23437964916229248 113.31744384765625 50.12909698486328 264.0252685546875 139.35684204101562
car 0.16432920098304749 280.7421569824219 148.16995239257812 290.6573791503906 161.809814453125
car 0.0937984511256218 30.934127807617188 149.93161010742188 47.94371795654297 171.4215087890625
person 0.06461428850889206 184.2607421875 101.11997985839844 209.25880432128906 119.98739624023438
