sofa 0.8627565503120422 37.022674560546875 107.2289047241211 307.36004638671875 337.19671630859375
sofa 0.5189151167869568 472.8085632324219 137.59878540039062 498.60662841796875 286.1526184082031
person 0.5143247246742249 368.2677001953125 108.33724975585938 379.6927185058594 136.97390747070312
diningtable 0.36278200149536133 4.1343302726745605 295.542724609375 261.1942138671875 374.7209777832031
person 0.34380877017974854 367.92852783203125 107.74542236328125 380.7414855957031 188.97329711914062
chair 0.22487859427928925 34.81252670288086 106.43302154541016 310.9709777832031 344.4302062988281
chair 0.19550174474716187 472.6129150390625 140.02651977539062 498.6985168457031 283.39617919921875
cat 0.06965198367834091 138.68817138671875 106.14887237548828 269.1207275390625 223.85293579101562
person 0.0628448873758316 134.65577697753906 110.35591125488281 272.6710510253906 224.78485107421875
dog 0.06146799772977829 132.02980041503906 111.10820007324219 266.83087158203125 221.14877319335938
bottle 0.06005500257015228 3.7619376182556152 198.9324188232422 39.48554611206055 375.0
person 0.05605856329202652 367.4562072753906 112.33302307128906 377.4501647949219 130.55857849121094
