person 0.9487771987915039 1.7612396478652954 174.13546752929688 36.92584228515625 253.60696411132812
motorbike 0.9395096302032471 0.8137651085853577 191.2997589111328 104.2392578125 300.9210510253906
pottedplant 0.8896845579147339 445.571044921875 141.46035766601562 470.1520690917969 174.3039093017578
person 0.86643385887146 0.7173205614089966 198.462890625 23.2542667388916 323.012451171875
pottedplant 0.7453010678291321 254.6883544921875 159.3199005126953 289.3306579589844 198.395263671875
pottedplant 0.7095717787742615 419.1479797363281 121.28764343261719 445.7645263671875 174.8468017578125
pottedplant 0.5744214057922363 385.4034118652344 129.08778381347656 416.73529052734375 173.99789428710938
pottedplant 0.518132746219635 475.018310546875 143.1676483154297 496.5599365234375 174.2734375
person 0.44553518295288086 323.40911865234375 142.10801696777344 349.841064453125 182.2433319091797
pottedplant 0.3949209153652191 284.94775390625 171.74217224121094 296.86004638671875 195.3701934814453
person 0.2258777767419815 4.107183933258057 174.45919799804688 52.305728912353516 289.6535949707031
pottedplant 0.21920624375343323 349.0440979003906 179.55538940429688 389.79736328125 271.4857177734375
pottedplant 0.21761535108089447 162.48899841308594 145.92852783203125 195.57933044433594 195.33331298828125
pottedplant 0.2158840298652649 471.4123229980469 140.89695739746094 497.9742736816406 201.5611114501953
pottedplant 0.20041845738887787 178.28126525878906 109.54644012451172 226.8417510986328 193.1690673828125
pottedplant 0.19181285798549652 426.2684631347656 238.1244659423828 495.5845947265625 275.9459533691406
pottedplant 0.14433971047401428 474.74444580078125 70.64574432373047 499.25872802734375 97.94180297851562
person 0.12244740128517151 3.541491985321045 173.748291015625 59.11820983886719 236.3559112548828
motorbike 0.11250542104244232 34.834476470947266 206.90777587890625 107.88554382324219 290.14031982421875
chair 0.10243918001651764 235.2322540283203 156.87847900390625 262.3417663574219 211.631591796875
chair 0.08980116993188858 320.0068664550781 143.41217041015625 349.0382080078125 190.48297119140625
pottedplant 0.08465840667486191 344.5663146972656 165.30450439453125 437.1790771484375 269.1482238769531
pottedplant 0.08282336592674255 154.36328125 176.28790283203125 171.9223175048828 195.98281860351562
pottedplant 0.08100955188274384 235.3242645263672 145.65370178222656 260.8664855957031 208.25997924804688
pottedplant 0.07656142115592957 322.8155822753906 140.70323181152344 351.5650939941406 184.4547119140625
pottedplant 0.07376988977193832 266.3046569824219 167.2694854736328 287.6234130859375 197.0850067138672
pottedplant 0.06261371821165085 254.52076721191406 120.34443664550781 267.15594482421875 140.51651000976562
pottedplant 0.060056932270526886 184.6567840576172 153.91342163085938 211.4813995361328 191.00558471679688
pottedplant 0.05998309329152107 199.5239715576172 118.68909454345703 226.36544799804688 187.24569702148438
pottedplant 0.05772523581981659 175.7456512451172 135.3182373046875 210.86883544921875 191.19967651367188
pottedplant 0.051518093794584274 227.09169006347656 117.4070816040039 271.2630615234375 185.5629119873047
