dog 0.9335765242576599 9.962486267089844 19.833011627197266 407.2967834472656 370.26287841796875
tvmonitor 0.8448453545570374 78.54988861083984 0.0 191.552734375 30.553714752197266
cat 0.6750820875167847 0.0 34.74636459350586 479.8136291503906 370.62628173828125
cat 0.6250869035720825 248.9716033935547 104.58889770507812 492.12969970703125 373.15325927734375
chair 0.5930745005607605 242.7890167236328 2.2634804248809814 440.9296875 49.98127365112305
sofa 0.4550181031227112 0.0 5.290689468383789 500.0 371.06787109375
chair 0.22358867526054382 50.93021011352539 17.961576461791992 84.10254669189453 54.51683807373047
chair 0.22087521851062775 51.595279693603516 18.560588836669922 122.20500946044922 58.59815979003906
sofa 0.14596158266067505 8.06408405303955 24.73076820373535 497.60418701171875 206.640625
tvmonitor 0.11294922232627869 72.52222442626953 0.0 196.97105407714844 15.235149383544922
chair 0.10988639295101166 165.19595336914062 33.042667388916016 250.88038635253906 49.915061950683594
chair 0.08007659763097763 0.0 19.38958168029785 500.0 365.0899658203125
chair 0.07831467688083649 50.53859329223633 11.103801727294922 168.8222198486328 61.540489196777344
chair 0.07295172661542892 72.12850189208984 25.323501586914062 249.85523986816406 52.2336540222168
chair 0.06982637941837311 50.499122619628906 16.440797805786133 250.71192932128906 67.14414978027344
chair 0.06664624065160751 157.79623413085938 15.013360977172852 451.4659423828125 161.23855590820312
sofa 0.05334365740418434 0.0 26.085920333862305 79.864990234375 284.93157958984375
person 0.051956988871097565 0.0 4.984903335571289 498.0086364746094 374.0028076171875
