cat 0.9724375605583191 102.63920593261719 62.866859436035156 490.4700012207031 234.532470703125
sofa 0.692044198513031 0.0 0.0 500.0 296.3250732421875
chair 0.3076084554195404 0.0 4.863638877868652 499.60736083984375 130.9011688232422
dog 0.25050994753837585 102.82344055175781 60.198463439941406 402.3592224121094 235.32772827148438
tvmonitor 0.22447381913661957 130.14805603027344 272.8890075683594 234.95982360839844 372.54083251953125
person 0.16971875727176666 0.0 3.8563084602355957 479.5364990234375 130.0829315185547
sofa 0.16668933629989624 4.175726413726807 2.689340114593506 499.31671142578125 124.96533203125
chair 0.1496848315000534 33.95472717285156 21.618968963623047 500.0 232.1737060546875
person 0.12350129336118698 30.391143798828125 16.827491760253906 499.3570861816406 229.45411682128906
chair 0.11262200772762299 161.7828826904297 2.5869333744049072 488.4233703613281 101.96253967285156
person 0.0600023977458477 0.0 0.0 268.85693359375 234.7338409423828
