person 0.9976577758789062 194.7908172607422 115.14541625976562 321.56610107421875 353.7611999511719
sofa 0.9407673478126526 14.388656616210938 189.54232788085938 413.8675231933594 323.8460998535156
bottle 0.847613513469696 58.716590881347656 158.51669311523438 68.41963195800781 189.86862182617188
chair 0.48151978850364685 6.0649213790893555 181.36119079589844 159.23057556152344 358.095947265625
sofa 0.36123719811439514 0.29002466797828674 179.38671875 194.4469757080078 332.91497802734375
diningtable 0.35670551657676697 1.6005905866622925 200.70672607421875 184.477294921875 368.9143981933594
sofa 0.3103540241718292 20.03396987915039 178.39859008789062 246.68716430664062 269.5589599609375
sofa 0.3051851987838745 180.57107543945312 164.1180419921875 417.19061279296875 342.2882385253906
chair 0.22656312584877014 291.9604187011719 176.94070434570312 419.0301818847656 337.13336181640625
diningtable 0.17106416821479797 2.654151201248169 187.57937622070312 378.46661376953125 368.1829528808594
sofa 0.15502959489822388 45.58232879638672 173.71046447753906 333.6186828613281 235.51168823242188
chair 0.14812970161437988 166.5110626220703 148.6929168701172 197.78982543945312 174.03724670410156
bottle 0.11070384830236435 119.2081527709961 190.32334899902344 137.51255798339844 235.45704650878906
chair 0.05497492477297783 187.26071166992188 164.57984924316406 409.7611389160156 334.9184875488281
