boat 0.9753105640411377 71.07360076904297 27.067747116088867 243.30865478515625 411.0885009765625
boat 0.5911855101585388 72.23625946044922 313.3106689453125 226.56163024902344 414.74566650390625
boat 0.342889666557312 216.1374969482422 270.6665344238281 375.0 423.1434631347656
boat 0.1851317137479782 219.3450469970703 289.2467956542969 277.8709411621094 378.649658203125
boat 0.17895767092704773 75.49242401123047 53.213409423828125 155.72097778320312 384.01324462890625
boat 0.07630574703216553 209.22280883789062 119.54039001464844 374.4461364746094 427.3456726074219
boat 0.0728481113910675 115.25077056884766 22.33769416809082 367.6297302246094 424.2009582519531
boat 0.06918428838253021 71.76897430419922 224.61814880371094 223.93760681152344 404.0821838378906
boat 0.0603310763835907 175.49069213867188 314.0379638671875 229.20484924316406 374.47479248046875
boat 0.05988162010908127 186.86956787109375 362.3592834472656 225.29891967773438 394.4232482910156
boat 0.05456254631280899 218.2342987060547 367.9748840332031 275.6156311035156 405.1550598144531
bottle 0.05456235259771347 51.23756790161133 25.548782348632812 259.89739990234375 319.7784729003906
