bus 0.9780091047286987 85.40245819091797 321.68487548828125 270.42718505859375 429.2084045410156
person 0.935801088809967 315.9936218261719 357.52191162109375 338.2969055175781 422.4278259277344
person 0.9293325543403625 332.8186340332031 356.3207702636719 357.30291748046875 438.4008483886719
car 0.8929528594017029 0.0 377.7489318847656 89.47077178955078 432.1278991699219
car 0.8779372572898865 36.119422912597656 359.8805236816406 88.58181762695312 396.27545166015625
car 0.8254844546318054 269.8426818847656 367.9242858886719 316.64361572265625 389.14349365234375
car 0.7875133752822876 111.42327880859375 136.30203247070312 159.98648071289062 163.22975158691406
tvmonitor 0.7848430275917053 154.54600524902344 393.0174560546875 211.655517578125 462.4393005371094
bus 0.4726739525794983 330.8325500488281 299.436767578125 373.3168029785156 366.2025451660156
person 0.4451943635940552 353.1475524902344 358.941162109375 372.40997314453125 415.35858154296875
person 0.25791242718696594 315.00994873046875 364.8825988769531 322.7666931152344 396.1772155761719
bus 0.24890267848968506 357.8624572753906 203.7962646484375 374.6723937988281 321.3946838378906
bus 0.17041100561618805 268.9172668457031 338.9268798828125 292.38720703125 372.9396057128906
car 0.15943066775798798 301.0481872558594 369.19537353515625 317.89990234375 388.2016906738281
bus 0.14306600391864777 355.4458923339844 197.83053588867188 374.0037841796875 400.1982421875
tvmonitor 0.14214885234832764 104.4666748046875 165.1200408935547 175.896240234375 232.43263244628906
person 0.12706491351127625 363.24896240234375 359.8306884765625 373.64447021484375 413.8647766113281
bus 0.1168603003025055 84.54841613769531 211.6276397705078 271.4193115234375 422.847412109375
bus 0.10077063739299774 328.7633056640625 204.4403076171875 373.5982666015625 437.7088317871094
person 0.08674877882003784 37.748252868652344 368.07598876953125 48.825340270996094 379.8700256347656
train 0.06921998411417007 329.3044128417969 297.34197998046875 374.1549987792969 365.59320068359375
car 0.06698141992092133 85.1703109741211 324.84332275390625 267.6136779785156 431.2711181640625
person 0.060750942677259445 316.50494384765625 345.898193359375 349.3876647949219 432.4224853515625
tvmonitor 0.05766220763325691 329.217041015625 301.5732727050781 374.50457763671875 357.4139404296875
bus 0.05617653205990791 40.05690383911133 44.87023162841797 260.9825744628906 433.9673156738281
person 0.05001433566212654 15.441347122192383 369.4635925292969 22.503835678100586 379.4102478027344
