bus 0.9905669093132019 105.27664184570312 74.98174285888672 351.8964538574219 259.8935546875
car 0.9700173139572144 453.1852111816406 188.3469696044922 499.20111083984375 234.95062255859375
car 0.941039502620697 0.0 186.51759338378906 107.21791076660156 246.52056884765625
person 0.9110597372055054 12.367536544799805 182.78611755371094 56.17579650878906 283.2342224121094
person 0.870725691318512 1.5642170906066895 202.6416473388672 35.30129623413086 332.9371337890625
car 0.6025545597076416 0.0 173.85545349121094 28.31117820739746 198.4668731689453
car 0.5803005695343018 362.90472412109375 167.29962158203125 425.18817138671875 188.23825073242188
car 0.5787051916122437 436.1163330078125 171.72657775878906 471.6069641113281 187.55137634277344
car 0.2422807216644287 350.2269287109375 174.771728515625 364.7872619628906 186.40496826171875
car 0.16211703419685364 42.05227279663086 188.2167510986328 105.12337493896484 239.0362091064453
car 0.09799662977457047 431.8467712402344 170.5963134765625 476.2591552734375 199.2971954345703
car 0.0703485757112503 0.5362023711204529 184.49977111816406 28.68231201171875 206.18692016601562
