bus 0.8123610019683838 0.790240466594696 113.27436828613281 214.68666076660156 239.05148315429688
bus 0.6567422151565552 90.14152526855469 121.84697723388672 180.98316955566406 169.8451690673828
train 0.4185810089111328 15.485553741455078 118.16783142089844 211.80203247070312 243.2782745361328
car 0.3126239776611328 0.0 116.53815460205078 218.35568237304688 240.8773651123047
bus 0.30120620131492615 74.39727783203125 116.14965057373047 247.5425262451172 172.7322998046875
chair 0.26763081550598145 376.49053955078125 70.60027313232422 411.708984375 107.80011749267578
train 0.19705843925476074 0.0 101.53166961669922 500.0000305175781 250.63575744628906
bus 0.18855974078178406 0.0 107.10475158691406 500.0000305175781 245.81455993652344
boat 0.1161821261048317 62.419918060302734 53.990379333496094 500.0000305175781 251.18496704101562
bus 0.07022804766893387 71.25741577148438 120.75274658203125 143.9089813232422 170.57933044433594
train 0.05956138297915459 51.19872283935547 124.5556869506836 372.63226318359375 228.94871520996094
bus 0.05763188377022743 55.470237731933594 119.570068359375 155.22085571289062 194.56100463867188
