bus 0.9257643222808838 324.142333984375 111.80117797851562 374.2450866699219 170.31874084472656
car 0.8913068771362305 0.0 206.27749633789062 495.659423828125 375.0
car 0.8395888209342957 38.56387710571289 135.61328125 86.9765853881836 166.67987060546875
car 0.8363611698150635 141.3297119140625 134.22845458984375 185.83135986328125 164.23892211914062
car 0.8010078072547913 0.9248923659324646 176.96632385253906 54.004058837890625 253.79039001464844
car 0.7999531030654907 179.8146514892578 137.54318237304688 217.56423950195312 167.59925842285156
car 0.7850983738899231 88.23080444335938 136.17404174804688 135.91465759277344 166.12228393554688
car 0.7276694178581238 297.3238220214844 147.5831298828125 309.8580627441406 157.23483276367188
car 0.6939714550971985 0.0 139.9016876220703 41.61875534057617 165.6370849609375
person 0.647002637386322 480.1462707519531 152.0764617919922 487.21502685546875 170.68850708007812
car 0.5637998580932617 212.6576385498047 144.52020263671875 231.10940551757812 160.26217651367188
car 0.4894234240055084 310.7406311035156 147.96810913085938 320.7276611328125 156.9879150390625
person 0.31748226284980774 448.06951904296875 150.2484130859375 453.6741027832031 167.53521728515625
bus 0.29509055614471436 323.7200012207031 118.60752868652344 338.2449951171875 167.21607971191406
car 0.2789040207862854 278.0352478027344 146.75851440429688 292.0973815917969 153.99356079101562
car 0.19109293818473816 252.71046447753906 142.9902801513672 264.88897705078125 152.97279357910156
person 0.17484880983829498 383.781005859375 127.13653564453125 396.69189453125 166.76113891601562
person 0.13689593970775604 467.1982116699219 150.4429931640625 474.0090637207031 169.73594665527344
person 0.11221644282341003 456.56048583984375 149.1191864013672 461.2862854003906 167.28170776367188
person 0.1007775142788887 436.84674072265625 147.9552764892578 442.5140380859375 167.51402282714844
bus 0.08082471787929535 32.82061004638672 191.1727294921875 487.3912658691406 371.82098388671875
person 0.06919883191585541 449.00250244140625 149.80410766601562 457.41436767578125 168.18453979492188
car 0.056565504521131516 322.075927734375 112.10519409179688 374.9264221191406 169.98492431640625
bus 0.056374624371528625 322.0555725097656 68.80006408691406 380.6373596191406 170.09579467773438
