aeroplane 0.9950752854347229 229.37582397460938 132.31304931640625 278.8077697753906 153.6704864501953
boat 0.967124879360199 16.042537689208984 354.76751708984375 44.00697326660156 365.75140380859375
boat 0.6746759414672852 411.3848876953125 335.1346740722656 461.54290771484375 355.2746887207031
boat 0.5710007548332214 184.2606658935547 342.47955322265625 213.80894470214844 356.9673156738281
boat 0.5512791275978088 150.31944274902344 347.0704650878906 189.46319580078125 356.8702697753906
boat 0.3364824652671814 96.98900604248047 346.6654968261719 121.19880676269531 356.07745361328125
boat 0.28209036588668823 22.340288162231445 348.6565246582031 60.682003021240234 356.803466796875
boat 0.28140899538993835 212.4915313720703 343.9082946777344 263.5760498046875 356.1878662109375
boat 0.251291424036026 6.214714527130127 346.6975402832031 66.09291076660156 357.7818298339844
boat 0.16206561028957367 232.38043212890625 330.5079345703125 307.9098815917969 345.217041015625
boat 0.07305505126714706 118.62535858154297 344.81640625 131.18690490722656 356.1852111816406
cow 0.06810003519058228 363.5299987792969 345.6860046386719 382.1962890625 354.9483947753906
boat 0.06469378620386124 4.246429920196533 346.6249084472656 22.169109344482422 357.5474548339844
