person 0.9914987683296204 231.85487365722656 48.05718231201172 379.9288330078125 258.9001159667969
person 0.9871917963027954 18.403085708618164 27.421241760253906 149.43785095214844 243.72119140625
person 0.8624448776245117 402.6042175292969 8.808589935302734 460.0889892578125 143.58189392089844
motorbike 0.8134287595748901 249.289794921875 66.39659118652344 485.57965087890625 255.30743408203125
person 0.8056944012641907 261.6237487792969 12.512770652770996 311.33648681640625 66.9257583618164
person 0.7753862738609314 136.29940795898438 24.484315872192383 200.43161010742188 137.02757263183594
motorbike 0.7575696110725403 54.993186950683594 75.12574768066406 220.70941162109375 248.06875610351562
person 0.7560580968856812 116.88059997558594 83.82061004638672 191.11175537109375 165.61524963378906
person 0.6029195785522461 1.0247498750686646 5.818099498748779 34.796730041503906 135.57664489746094
person 0.5674412846565247 281.2920227050781 1.365159273147583 340.6575622558594 68.92405700683594
person 0.450205534696579 172.30271911621094 1.8285967111587524 217.02947998046875 94.77918243408203
person 0.3916560113430023 237.65451049804688 1.6153604984283447 280.8439636230469 54.056270599365234
person 0.38850918412208557 460.1287536621094 29.776264190673828 497.17669677734375 140.62315368652344
person 0.3587524890899658 85.07289123535156 18.148069381713867 134.24058532714844 66.4262466430664
person 0.27574747800827026 454.02001953125 28.071443557739258 483.9657287597656 85.29313659667969
person 0.2624977231025696 332.00750732421875 1.2889701128005981 362.9778747558594 70.8282241821289
motorbike 0.25503847002983093 111.10364532470703 79.13565063476562 212.94497680664062 219.67864990234375
person 0.22394229471683502 399.8869323730469 1.6190485954284668 463.69757080078125 54.494384765625
person 0.22318440675735474 349.30072021484375 2.0478549003601074 397.0737609863281 77.43961334228516
person 0.22283528745174408 430.2744140625 20.85865020751953 482.3254699707031 142.350830078125
person 0.21212317049503326 38.70396423339844 1.3605433702468872 73.15234375 57.20774841308594
person 0.18600767850875854 295.45843505859375 59.47600555419922 456.8348388671875 256.8199768066406
person 0.11359856277704239 89.56754302978516 66.34494018554688 191.96359252929688 232.274658203125
person 0.11357760429382324 390.5177307128906 0.6427326202392578 420.7068176269531 51.09706115722656
person 0.10491398721933365 137.02223205566406 0.0 176.7678985595703 57.644981384277344
person 0.08697140961885452 75.53713989257812 29.550209045410156 189.81640625 169.89332580566406
person 0.07608681917190552 80.66328430175781 18.95226287841797 137.34361267089844 138.01803588867188
person 0.07159413397312164 415.84051513671875 0.9450594782829285 462.98199462890625 37.07714080810547
person 0.0648399367928505 483.2607116699219 2.181929588317871 499.90057373046875 52.31398010253906
bicycle 0.054187849164009094 175.3688201904297 71.20684814453125 231.61618041992188 136.83212280273438
