person 0.9811816811561584 72.759033203125 122.76675415039062 170.90509033203125 375.0
person 0.9805821776390076 257.3561706542969 144.78656005859375 338.8587951660156 356.5027160644531
person 0.9763774275779724 169.6674346923828 118.57518005371094 280.01641845703125 373.87615966796875
person 0.9717962145805359 327.45135498046875 132.53744506835938 401.5272521972656 345.0328369140625
pottedplant 0.4217310845851898 280.74346923828125 0.0 497.4512023925781 257.3030090332031
pottedplant 0.31377267837524414 401.85565185546875 206.62022399902344 446.2805480957031 245.80667114257812
pottedplant 0.2861579656600952 415.2045593261719 270.91839599609375 451.2110900878906 324.8313903808594
pottedplant 0.23996081948280334 350.5226745605469 278.12945556640625 415.97119140625 344.821044921875
person 0.18462683260440826 189.1025848388672 126.16154479980469 347.4955749511719 365.9925842285156
pottedplant 0.12888500094413757 385.9404296875 279.8720703125 421.9670715332031 339.1382751464844
pottedplant 0.10137707740068436 409.2652587890625 265.130859375 493.90020751953125 338.7554931640625
pottedplant 0.10080171376466751 306.9311828613281 74.8115463256836 410.6576232910156 212.8745880126953
pottedplant 0.09190430492162704 256.35821533203125 70.4456787109375 355.6441650390625 204.8659210205078
diningtable 0.08826863765716553 187.4547882080078 326.7652587890625 500.0 373.6837158203125
pottedplant 0.06447932869195938 323.83489990234375 131.99342346191406 411.5378723144531 199.2582244873047
pottedplant 0.064097560942173 452.3385925292969 262.9804992675781 493.81982421875 344.12603759765625
