person 0.9411517381668091 307.7865295410156 229.17300415039062 499.11376953125 439.96282958984375
horse 0.9317956566810608 60.618309020996094 17.25071907043457 486.8635559082031 441.0
horse 0.43418824672698975 90.12541961669922 24.039751052856445 246.94754028320312 392.0770263671875
person 0.19084374606609344 445.2455749511719 218.00721740722656 497.9064025878906 272.1450500488281
chair 0.18036985397338867 364.59698486328125 193.11927795410156 498.2481689453125 270.7356872558594
person 0.13558262586593628 112.41352081298828 197.25262451171875 481.8979187011719 441.0
horse 0.1342570036649704 70.10786437988281 239.29177856445312 489.4358825683594 441.0
dog 0.13350121676921844 88.09139251708984 94.7210922241211 286.8284912109375 441.0
person 0.10507400333881378 106.47183227539062 23.91754150390625 239.69773864746094 229.49009704589844
dog 0.08647840470075607 83.3858871459961 88.69125366210938 496.8356018066406 438.590576171875
chair 0.0736149474978447 344.91876220703125 208.4419403076172 499.3071594238281 358.8625183105469
person 0.054030343890190125 101.21452331542969 21.865419387817383 321.9834289550781 431.8889465332031
