tvmonitor 0.9745474457740784 142.94956970214844 184.52748107910156 244.8225555419922 293.6419982910156
chair 0.9138006567955017 210.09503173828125 292.3800964355469 385.14300537109375 373.5545959472656
bottle 0.7795944809913635 275.02264404296875 70.82669067382812 289.609375 111.70514678955078
bottle 0.7162781953811646 288.2532653808594 67.65411376953125 302.8537902832031 112.607177734375
person 0.2631567120552063 89.7955322265625 78.79999542236328 154.5396270751953 371.019287109375
bottle 0.1677154153585434 18.29393196105957 0.0 107.42770385742188 375.0
pottedplant 0.15834370255470276 351.1013488769531 51.18768310546875 395.6049499511719 156.4817352294922
bottle 0.13045309484004974 262.7251281738281 223.24368286132812 285.53497314453125 273.9715576171875
chair 0.09615734964609146 360.8978576660156 283.01531982421875 445.1844177246094 373.8267517089844
tvmonitor 0.07205840200185776 397.92352294921875 61.150047302246094 441.6289367675781 129.85964965820312
chair 0.06299076229333878 294.6078796386719 288.5482177734375 382.7688903808594 374.322265625
