boat 0.9793501496315002 275.6920471191406 205.0678253173828 433.2370300292969 277.9056396484375
boat 0.9657153487205505 189.1902313232422 213.9590301513672 275.65509033203125 253.7840118408203
boat 0.6358674764633179 267.3110046386719 8.235939025878906 453.8963928222656 269.4972229003906
boat 0.5318424105644226 169.5498504638672 222.60227966308594 193.68739318847656 242.62445068359375
bus 0.5149714946746826 1.2568093538284302 197.4410400390625 37.944969177246094 226.04541015625
car 0.3512774407863617 165.18174743652344 223.21090698242188 189.28677368164062 235.3162078857422
train 0.3359566926956177 0.44831427931785583 197.56353759765625 37.51242446899414 224.0778350830078
boat 0.32513025403022766 273.3699951171875 116.69847106933594 434.02337646484375 266.8519592285156
car 0.21814650297164917 463.0706787109375 236.20130920410156 498.6454772949219 249.032958984375
person 0.18752451241016388 237.9093475341797 215.75384521484375 246.00918579101562 227.44436645507812
boat 0.183042511343956 165.66175842285156 222.61228942871094 183.8111572265625 241.2218475341797
boat 0.12989546358585358 319.0012512207031 20.253887176513672 416.3721008300781 267.8542785644531
car 0.10444127768278122 169.29827880859375 223.67047119140625 192.1802978515625 242.16824340820312
pottedplant 0.08469627797603607 155.74856567382812 11.938846588134766 479.4853210449219 278.3172912597656
boat 0.07880687713623047 418.78875732421875 231.3710174560547 498.2347412109375 274.5998840332031
bus 0.07345212996006012 193.9435577392578 213.5109100341797 237.86924743652344 237.95416259765625
boat 0.06605951488018036 176.66937255859375 211.8392791748047 241.79803466796875 243.75709533691406
boat 0.05698417127132416 212.49227905273438 227.06422424316406 276.9288635253906 254.73915100097656
