bottle 0.9115138053894043 89.06571197509766 14.76752758026123 463.5256652832031 371.0433654785156
bottle 0.7504554986953735 409.1877136230469 81.2398452758789 493.5668029785156 159.08839416503906
chair 0.6601183414459229 440.1631774902344 167.818603515625 498.5950012207031 369.3231506347656
pottedplant 0.3596082627773285 4.859623908996582 0.0 491.7192077636719 375.0
bottle 0.23999875783920288 200.257080078125 333.5722351074219 259.7033996582031 375.0
bottle 0.20777419209480286 359.529296875 82.81706237792969 500.0 306.60223388671875
bottle 0.14116841554641724 0.15572446584701538 183.18763732910156 59.293495178222656 298.2436218261719
motorbike 0.12445031106472015 0.0 0.0 497.6395568847656 375.0
pottedplant 0.10722693055868149 6.146951675415039 0.0 169.58999633789062 298.180908203125
bottle 0.100102998316288 220.69412231445312 0.0 427.92425537109375 168.80484008789062
bottle 0.0985368862748146 235.49642944335938 7.5084686279296875 477.498779296875 274.1976318359375
chair 0.07869458198547363 435.2591247558594 5.683629512786865 499.0695495605469 100.08606719970703
chair 0.0759851261973381 365.0213623046875 0.30092597007751465 416.4098205566406 52.54018783569336
pottedplant 0.07426922023296356 7.818011283874512 80.15855407714844 260.22332763671875 372.2626953125
chair 0.06424999982118607 363.4983825683594 4.860062599182129 500.0 274.5397644042969
chair 0.05120415613055229 403.5876770019531 38.49388885498047 499.1266784667969 180.39410400390625
