person 0.9839170575141907 235.85513305664062 0.0 497.8516845703125 348.4273376464844
cat 0.9746419787406921 19.917953491210938 209.48464965820312 268.1082763671875 347.87786865234375
pottedplant 0.3657231330871582 0.0 0.0 447.6690673828125 332.75592041015625
dog 0.23923206329345703 8.875089645385742 206.79879760742188 260.7102355957031 348.0904235839844
chair 0.10289169102907181 242.37562561035156 77.80834197998047 500.0000305175781 338.65789794921875
pottedplant 0.09579116851091385 0.0 108.41313171386719 226.26589965820312 340.1372375488281
pottedplant 0.07948978245258331 118.22752380371094 0.0 294.76904296875 225.22454833984375
sofa 0.06504220515489578 0.0 4.731797695159912 500.0000305175781 342.1479797363281
sheep 0.061275508254766464 10.78323745727539 207.93609619140625 260.13189697265625 349.0
cat 0.050781723111867905 221.2469024658203 36.7708625793457 500.0000305175781 348.7410888671875
