diningtable 0.93082594871521 108.82538604736328 222.20343017578125 483.1630859375 375.0
chair 0.7093146443367004 93.52230072021484 273.7573547363281 265.7293395996094 373.71331787109375
chair 0.46830758452415466 129.22755432128906 228.44976806640625 253.3351287841797 352.2990417480469
chair 0.38658952713012695 284.4391784667969 192.6796417236328 336.34906005859375 244.42791748046875
chair 0.2489137202501297 234.6134033203125 187.38662719726562 279.03692626953125 218.3458251953125
chair 0.23508983850479126 175.32948303222656 188.0920867919922 282.75384521484375 238.3121337890625
chair 0.19103337824344635 235.62648010253906 192.4024658203125 336.51971435546875 246.58773803710938
chair 0.17377446591854095 235.88116455078125 193.7047882080078 288.93438720703125 236.88909912109375
chair 0.1558835357427597 175.02664184570312 208.11700439453125 317.4886474609375 365.13885498046875
sofa 0.1552017778158188 338.0505065917969 242.9564971923828 499.96136474609375 367.7518615722656
chair 0.12812107801437378 5.608500003814697 45.36598205566406 192.42364501953125 375.0
chair 0.12318655103445053 202.89405822753906 305.8817138671875 339.9775390625 373.1067199707031
tvmonitor 0.11667957156896591 128.8689727783203 3.4215688705444336 211.82032775878906 133.03445434570312
chair 0.08594384044408798 346.20977783203125 245.45706176757812 500.0 368.5296936035156
bottle 0.05671162158250809 0.8132113814353943 300.40728759765625 23.933650970458984 322.0928649902344
chair 0.052631210535764694 279.37091064453125 223.78125 356.5098571777344 371.6542053222656
