sheep 0.9858399629592896 229.13186645507812 274.2766418457031 292.98626708984375 322.7493896484375
sheep 0.9843340516090393 182.10812377929688 278.1007995605469 233.87603759765625 372.612548828125
sheep 0.974513828754425 0.7975578308105469 269.4886474609375 81.69139099121094 338.35736083984375
sheep 0.8956471681594849 358.8454895019531 262.56475830078125 371.8820495605469 276.62469482421875
sheep 0.8230600953102112 132.4182586669922 261.6171875 167.15283203125 288.50164794921875
sheep 0.7119762301445007 57.34626770019531 256.175048828125 78.8399658203125 270.9053955078125
sheep 0.6942909359931946 334.886962890625 261.8573303222656 351.0979919433594 276.0688781738281
sheep 0.6062192916870117 267.9335021972656 264.9276428222656 291.6195373535156 283.4554443359375
sheep 0.5999927520751953 104.24620819091797 253.3295440673828 118.763916015625 268.6750793457031
sheep 0.5181490778923035 18.70184326171875 254.71337890625 48.71968078613281 276.147705078125
sheep 0.4939190745353699 252.1670379638672 260.0788269042969 270.83966064453125 278.6302795410156
sheep 0.4624961018562317 158.0758819580078 261.20294189453125 184.85879516601562 283.77081298828125
sheep 0.4506364166736603 215.59518432617188 256.7746887207031 229.26199340820312 268.5807189941406
sheep 0.4319121241569519 2.70399808883667 252.49081420898438 29.837656021118164 270.9505615234375
sheep 0.417272686958313 203.3480987548828 255.1175079345703 216.742919921875 269.1140441894531
sheep 0.39954182505607605 9.127893447875977 253.15904235839844 41.930599212646484 272.7483215332031
sheep 0.3696727156639099 142.7725372314453 254.2947998046875 162.41180419921875 263.5276184082031
sheep 0.36210897564888 326.0581970214844 261.7563781738281 344.6395263671875 275.6227722167969
sheep 0.3331168591976166 133.43597412109375 253.27828979492188 145.51718139648438 264.77557373046875
sheep 0.1452358365058899 298.6540222167969 260.1461181640625 311.56231689453125 272.5540466308594
sheep 0.1109076589345932 310.65362548828125 260.92340087890625 325.07672119140625 273.3377990722656
cow 0.09577765315771103 131.4451904296875 262.27679443359375 167.71978759765625 288.8603210449219
sheep 0.08632444590330124 319.0468444824219 261.2778015136719 333.4793701171875 274.9903564453125
cow 0.05477038770914078 334.6160888671875 261.8373718261719 351.5876770019531 275.7078857421875
