person 0.9900621175765991 23.920372009277344 4.816074371337891 370.0964050292969 375.0
person 0.9772440195083618 239.41543579101562 145.1138153076172 484.782958984375 375.0
bottle 0.8621587157249451 0.2565670311450958 190.57217407226562 22.35639762878418 290.8010559082031
bottle 0.7536779046058655 14.299663543701172 185.36862182617188 36.83017349243164 257.87908935546875
chair 0.7294336557388306 261.546875 150.34133911132812 343.6609191894531 239.22625732421875
bottle 0.7037259340286255 322.7830810546875 132.9140167236328 331.7057189941406 158.23976135253906
sofa 0.5025403499603271 179.83749389648438 163.32742309570312 237.14598083496094 210.275146484375
bottle 0.23787766695022583 287.11065673828125 218.22232055664062 314.26971435546875 248.55615234375
bottle 0.20429489016532898 288.1952209472656 207.24020385742188 327.3362121582031 244.67568969726562
chair 0.1671997457742691 240.5811767578125 278.0331115722656 497.54290771484375 372.5921630859375
bottle 0.16427139937877655 0.22354717552661896 176.73233032226562 21.91048812866211 222.626220703125
person 0.1392035335302353 242.80189514160156 126.29718017578125 262.0859069824219 155.8478546142578
chair 0.13414938747882843 181.9503936767578 162.96788024902344 238.6427001953125 209.73876953125
bottle 0.10839562863111496 340.28875732421875 194.5310516357422 375.9267578125 258.18292236328125
diningtable 0.0823066234588623 1.2347220182418823 249.9014892578125 58.4371337890625 370.4935302734375
bottle 0.0733715295791626 329.3294677734375 131.50265502929688 338.5067443847656 160.72091674804688
chair 0.07185914367437363 424.08380126953125 279.5492858886719 500.0 374.9502258300781
bottle 0.05676182731986046 324.6872863769531 133.61537170410156 332.2151794433594 149.19764709472656
