aeroplane 0.995201826095581 8.382391929626465 87.47824096679688 461.19720458984375 187.24005126953125
person 0.9416542053222656 294.0103454589844 155.37950134277344 309.8507995605469 201.9819793701172
person 0.930996835231781 308.5022277832031 154.85951232910156 328.459716796875 201.09884643554688
car 0.9053334593772888 39.132511138916016 162.58079528808594 60.73005676269531 177.23077392578125
person 0.8809592723846436 161.2541046142578 156.63189697265625 171.2845001220703 189.77513122558594
person 0.8769035339355469 181.48291015625 157.00990295410156 193.90444946289062 190.43711853027344
car 0.8736127018928528 75.94979858398438 162.58099365234375 92.35128784179688 174.67503356933594
aeroplane 0.8475409150123596 126.3630599975586 114.14691162109375 408.5833435058594 186.55450439453125
car 0.822259783744812 109.2544937133789 161.35763549804688 128.78587341308594 174.23275756835938
person 0.7602057456970215 362.0682373046875 155.9852752685547 375.5490417480469 195.42691040039062
person 0.7559895515441895 483.68792724609375 151.28041076660156 495.45831298828125 192.985107421875
person 0.7039425373077393 155.59463500976562 155.7864227294922 162.5783233642578 189.1064910888672
aeroplane 0.6865538954734802 66.48814392089844 78.15187072753906 379.1746826171875 134.8327178955078
person 0.6576853394508362 405.2103576660156 150.4793243408203 424.4206848144531 202.41175842285156
car 0.6405900716781616 196.62852478027344 158.20211791992188 213.8507080078125 172.4215545654297
car 0.5573700666427612 90.85880279541016 162.98985290527344 110.52875518798828 175.05987548828125
car 0.526665449142456 220.09791564941406 157.06204223632812 238.80279541015625 172.02804565429688
person 0.5194477438926697 419.0906066894531 163.92625427246094 431.6257019042969 206.55169677734375
person 0.4422949254512787 491.7125244140625 150.80816650390625 499.2653503417969 205.5314178466797
car 0.4309386909008026 129.52731323242188 161.2012939453125 145.3607940673828 171.99949645996094
person 0.4234998822212219 427.0509033203125 150.23582458496094 443.74932861328125 202.4835662841797
car 0.41840410232543945 210.9186553955078 160.356201171875 223.6109619140625 172.07797241210938
car 0.350978285074234 171.99656677246094 159.255859375 185.93484497070312 172.48231506347656
person 0.3489881455898285 469.3993225097656 152.74447631835938 480.4978942871094 187.5369110107422
person 0.3008434474468231 155.11842346191406 156.18301391601562 168.7403106689453 189.78163146972656
aeroplane 0.28840723633766174 147.1681365966797 76.6357192993164 436.1729431152344 152.63436889648438
person 0.19347016513347626 382.64654541015625 154.35240173339844 394.945556640625 185.18443298339844
car 0.19283024966716766 171.0859375 156.17739868164062 199.3175811767578 172.320556640625
car 0.17825673520565033 126.70791625976562 162.71795654296875 140.26840209960938 173.37567138671875
aeroplane 0.1655220091342926 7.745982646942139 87.58944702148438 309.7909851074219 161.92222595214844
person 0.16390441358089447 421.41949462890625 154.91409301757812 438.6136169433594 205.8343963623047
aeroplane 0.15325869619846344 185.6317901611328 120.1009292602539 269.9691467285156 142.2364959716797
person 0.15122531354427338 444.9088439941406 151.18800354003906 457.8878479003906 190.11447143554688
car 0.1410754770040512 140.15414428710938 162.47711181640625 152.12252807617188 171.0768585205078
person 0.1374710649251938 399.5079345703125 150.44802856445312 407.62359619140625 185.23828125
person 0.1326591521501541 456.48321533203125 150.32496643066406 470.9433288574219 189.53924560546875
aeroplane 0.12546062469482422 182.19252014160156 118.70096588134766 356.1978759765625 147.17605590820312
car 0.1243496984243393 0.0 161.2864227294922 11.308646202087402 171.4051971435547
car 0.11027556657791138 100.49440002441406 160.5242919921875 122.92106628417969 174.75509643554688
person 0.10399523377418518 438.8917541503906 152.518798828125 447.88323974609375 188.54421997070312
boat 0.09370001405477524 191.4977264404297 76.25076293945312 462.36279296875 183.02911376953125
person 0.08583489805459976 371.08966064453125 155.57684326171875 383.88507080078125 185.9642333984375
aeroplane 0.0692359134554863 257.07281494140625 84.21180725097656 364.1111145019531 124.81865692138672
car 0.0647708922624588 150.47511291503906 158.49624633789062 159.46734619140625 170.85508728027344
