person 0.9905919432640076 105.31669616699219 115.06226348876953 383.8768615722656 375.0
bottle 0.811886191368103 2.7215404510498047 147.0828094482422 27.46263313293457 211.58566284179688
diningtable 0.7865109443664551 4.26362943649292 176.59573364257812 139.52102661132812 372.5533142089844
tvmonitor 0.7687293887138367 194.0446319580078 3.145565986633301 337.6987609863281 128.7786407470703
bottle 0.7605099678039551 19.390419006347656 154.70846557617188 41.429237365722656 213.98863220214844
pottedplant 0.7264437675476074 399.14031982421875 0.0 496.24456787109375 277.69366455078125
diningtable 0.7126859426498413 185.265380859375 132.38626098632812 371.8058776855469 249.122314453125
chair 0.6587809920310974 203.16416931152344 130.678955078125 248.4085693359375 252.44424438476562
chair 0.6153700947761536 166.1398468017578 113.30154418945312 231.5391845703125 217.40847778320312
bottle 0.5506822466850281 3.0056076049804688 145.49462890625 24.64885139465332 181.66720581054688
chair 0.47606760263442993 337.2779846191406 132.46275329589844 377.4726867675781 220.8227081298828
chair 0.42500174045562744 161.87985229492188 243.45755004882812 257.6180725097656 368.9888916015625
bottle 0.40563827753067017 49.702693939208984 47.88826370239258 72.77024841308594 110.84173583984375
chair 0.2513628900051117 214.56996154785156 120.09856414794922 373.0705261230469 247.2203369140625
chair 0.23880237340927124 174.28196716308594 127.11114501953125 259.3125915527344 261.2141418457031
chair 0.187730610370636 347.48199462890625 103.6397705078125 375.15594482421875 125.70127868652344
diningtable 0.17088595032691956 2.3851306438446045 154.8374481201172 240.50918579101562 363.4259948730469
chair 0.15689416229724884 186.7317352294922 135.41049194335938 236.73138427734375 230.6893310546875
pottedplant 0.13541433215141296 439.95196533203125 149.8843231201172 497.7499694824219 273.9146423339844
chair 0.12857599556446075 213.4203643798828 109.84456634521484 281.2402038574219 250.62002563476562
pottedplant 0.10393461585044861 80.76730346679688 156.1837158203125 118.79338073730469 215.3362579345703
pottedplant 0.08403483778238297 452.8539123535156 0.0 498.4256286621094 234.76904296875
diningtable 0.08075167238712311 212.18093872070312 111.39664459228516 368.38043212890625 171.9348907470703
bottle 0.07213570177555084 17.702716827392578 154.7458953857422 49.76873779296875 237.25904846191406
bottle 0.0620594397187233 87.47113037109375 157.7361602783203 116.54243469238281 210.32179260253906
bottle 0.059331294149160385 25.63471221923828 91.96324920654297 39.8361930847168 112.27961730957031
chair 0.05712233483791351 150.8365020751953 138.30419921875 266.1824951171875 345.1646728515625
pottedplant 0.05503026768565178 405.0414733886719 82.53710174560547 485.379638671875 225.50900268554688
