person 0.9968910813331604 164.07290649414062 32.59221649169922 326.8205261230469 357.1311950683594
person 0.9947026371955872 274.2060546875 3.479490280151367 423.71527099609375 260.71990966796875
motorbike 0.9424865245819092 0.0 31.332693099975586 500.0 363.27728271484375
person 0.940852701663971 175.47903442382812 63.201290130615234 262.1942443847656 245.02630615234375
person 0.8260834217071533 231.30426025390625 16.155567169189453 384.3399353027344 322.02142333984375
person 0.46010246872901917 175.57730102539062 65.81941986083984 261.32403564453125 150.4862823486328
motorbike 0.2764831483364105 195.21632385253906 111.78926086425781 488.6119079589844 360.4860534667969
chair 0.20032428205013275 326.7924499511719 115.51725006103516 421.3809814453125 185.52630615234375
bottle 0.17358922958374023 162.36866760253906 112.62869262695312 200.39938354492188 141.6670379638672
chair 0.12391413003206253 312.5625305175781 118.8682632446289 337.6247863769531 169.1280517578125
person 0.10004381090402603 115.468994140625 23.619747161865234 270.646484375 334.892822265625
person 0.07032652944326401 174.23687744140625 42.144813537597656 320.2283935546875 213.549072265625
chair 0.06825840473175049 388.6556091308594 119.549072265625 421.00103759765625 173.59783935546875
person 0.060934096574783325 201.18618774414062 62.19049835205078 261.0434875488281 115.63204956054688
