person 0.9971796274185181 75.55937194824219 87.83306884765625 193.63438415527344 363.66314697265625
person 0.9926595091819763 153.18238830566406 193.9964599609375 340.36370849609375 500.0
person 0.9790259003639221 191.44712829589844 28.753185272216797 262.90240478515625 212.70132446289062
person 0.9670549631118774 332.3998107910156 36.56057357788086 373.065185546875 255.41310119628906
bird 0.7280118465423584 18.20916748046875 13.5818510055542 54.13665008544922 112.6169204711914
bicycle 0.7122660875320435 89.49102783203125 222.65042114257812 196.6097869873047 426.28375244140625
person 0.6785759329795837 335.7196044921875 34.47121047973633 374.5845642089844 148.60305786132812
bicycle 0.4850802421569824 156.7746124267578 346.75982666015625 318.16009521484375 500.0
person 0.4506067633628845 22.121219635009766 14.654653549194336 55.08478546142578 117.16387176513672
cat 0.07012972980737686 20.753110885620117 10.020147323608398 52.35530471801758 115.39118957519531
bicycle 0.05533294752240181 104.15884399414062 249.8513641357422 346.254150390625 496.98468017578125
