bus 0.9990562796592712 232.84921264648438 122.82117462158203 428.8523254394531 244.26043701171875
car 0.9476197957992554 0.2550574541091919 211.12503051757812 53.83731460571289 329.3353576660156
car 0.9161605834960938 112.42909240722656 195.20216369628906 153.0128173828125 219.88809204101562
car 0.9030141830444336 68.50216674804688 197.09765625 113.05147552490234 225.99066162109375
car 0.8267519474029541 212.50677490234375 200.49705505371094 232.81761169433594 227.5067596435547
car 0.6455479860305786 62.008853912353516 195.21002197265625 76.5140151977539 221.72219848632812
person 0.5197002291679382 239.7156982421875 143.34335327148438 251.38739013671875 155.6389617919922
bus 0.34228238463401794 380.9236145019531 115.2900161743164 429.9058837890625 248.8670196533203
car 0.23471520841121674 482.5019226074219 191.11732482910156 494.19921875 197.42996215820312
pottedplant 0.21577058732509613 322.4226379394531 157.0968017578125 336.29107666015625 175.3606719970703
person 0.0820845440030098 242.8602752685547 143.2852020263672 251.17930603027344 151.70742797851562
car 0.05353724956512451 209.49044799804688 199.42303466796875 252.44749450683594 230.57144165039062
