dog 0.9769382476806641 0.0 164.21571350097656 402.7837829589844 330.7908630371094
dog 0.9758245944976807 230.46128845214844 169.8751220703125 416.4892272949219 311.241943359375
sofa 0.874099612236023 195.9631805419922 103.43865203857422 493.5079040527344 189.30538940429688
person 0.7894746661186218 36.21954345703125 31.333751678466797 407.3641662597656 323.469482421875
person 0.7572885751724243 54.1071891784668 39.070308685302734 209.11280822753906 172.6040496826172
person 0.7363174557685852 127.84851837158203 75.6247329711914 203.240478515625 157.12255859375
person 0.6893966794013977 7.130836009979248 38.65069580078125 235.62510681152344 219.99929809570312
cat 0.5481395125389099 406.8465270996094 138.3939971923828 475.2867126464844 190.62322998046875
person 0.5262247323989868 72.54483032226562 62.721763610839844 280.95318603515625 182.38613891601562
dog 0.5013619661331177 406.3785400390625 137.44065856933594 477.7387390136719 190.59637451171875
person 0.419103741645813 33.57345962524414 51.81888961791992 465.4020690917969 205.14073181152344
sofa 0.3838126063346863 0.0 42.55641555786133 438.84381103515625 314.9471435546875
sofa 0.3472714424133301 38.60886001586914 80.67221069335938 500.0 209.74855041503906
cat 0.32400137186050415 0.0 164.9548797607422 372.80279541015625 317.2120666503906
cow 0.2953072190284729 2.543250799179077 163.8277587890625 281.582275390625 336.4881286621094
person 0.20082136988639832 291.1812438964844 0.8338701725006104 322.2706298828125 20.380727767944336
boat 0.18721233308315277 267.0963439941406 40.72834014892578 391.39306640625 60.71002197265625
sheep 0.16321894526481628 407.9422912597656 139.4689178466797 477.1882629394531 193.43064880371094
person 0.1625421792268753 126.40406799316406 73.6161117553711 303.1678771972656 266.1440734863281
sheep 0.09816582500934601 7.719429969787598 163.07298278808594 334.4310607910156 317.7771301269531
person 0.07838159799575806 4.843112468719482 57.470611572265625 114.42715454101562 221.85707092285156
sofa 0.0755159854888916 0.0 33.34226989746094 219.78004455566406 252.11585998535156
sofa 0.07365705817937851 0.0 272.89923095703125 477.50921630859375 375.0
chair 0.06682370603084564 467.0913391113281 114.75314331054688 500.0 171.96298217773438
sheep 0.06415970623493195 466.4732666015625 115.4240493774414 499.2174377441406 174.73300170898438
person 0.05536068230867386 260.6153869628906 3.353060722351074 285.02392578125 19.541427612304688
dog 0.054874081164598465 195.9302520751953 113.41658020019531 466.3139953613281 313.6498718261719
pottedplant 0.053172867745161057 230.54254150390625 1.933908462524414 258.41619873046875 31.622642517089844
cow 0.05015650391578674 408.4533996582031 136.66958618164062 477.47467041015625 192.24818420410156
