aeroplane 0.9973453879356384 2.091012954711914 112.93260955810547 500.0 262.2401428222656
aeroplane 0.9969707727432251 321.8625183105469 186.0401153564453 405.65887451171875 223.61729431152344
aeroplane 0.9903947710990906 418.7681579589844 200.54905700683594 487.5258483886719 224.3412628173828
aeroplane 0.9829288721084595 0.0 188.56764221191406 47.85958480834961 219.81028747558594
aeroplane 0.7094908356666565 380.85711669921875 202.20303344726562 413.5419006347656 221.01248168945312
bicycle 0.5152274370193481 151.14552307128906 267.4642028808594 167.3306121826172 295.5724792480469
car 0.31890588998794556 258.19830322265625 316.57879638671875 497.16400146484375 364.78680419921875
aeroplane 0.31358280777931213 425.54345703125 201.7461700439453 474.7196044921875 217.78147888183594
aeroplane 0.2838312089443207 0.0 183.4944305419922 70.62427520751953 228.52517700195312
aeroplane 0.23004432022571564 354.6447448730469 194.21463012695312 414.1911926269531 224.72914123535156
boat 0.22727154195308685 255.62596130371094 317.1474304199219 500.0 366.0
tvmonitor 0.19179967045783997 261.4210510253906 322.6353454589844 500.0 363.6834716796875
person 0.18142719566822052 324.0000915527344 234.9232177734375 336.8965148925781 292.4784240722656
aeroplane 0.14251075685024261 321.4354553222656 204.47874450683594 404.0200500488281 224.68035888671875
car 0.14248418807983398 406.6661682128906 254.38629150390625 431.4554138183594 272.3984375
tvmonitor 0.06488242745399475 112.05856323242188 300.19189453125 151.57876586914062 337.7695007324219
aeroplane 0.061179615557193756 261.529296875 186.05718994140625 419.7806701660156 236.56678771972656
chair 0.05791928991675377 131.87411499023438 236.99337768554688 160.731201171875 272.0254211425781
diningtable 0.051545143127441406 260.4411926269531 320.7311096191406 500.0 365.345947265625
