motorbike 0.961602509021759 346.3576965332031 179.07958984375 458.20587158203125 243.3812713623047
motorbike 0.9570429921150208 219.337890625 181.57717895507812 302.5690612792969 236.2526397705078
motorbike 0.9326853156089783 51.66268539428711 184.95799255371094 112.21458435058594 232.2730255126953
person 0.9152848720550537 129.69012451171875 160.818115234375 148.93946838378906 210.116943359375
person 0.9149998426437378 159.68345642089844 153.87045288085938 180.98129272460938 201.24606323242188
motorbike 0.8990268111228943 130.61764526367188 181.94007873535156 202.7627410888672 231.58778381347656
person 0.8842571377754211 186.65147399902344 157.85948181152344 211.001953125 209.88699340820312
person 0.6820970773696899 70.79236602783203 184.52120971679688 102.29940795898438 219.93592834472656
person 0.4550735652446747 364.9041748046875 180.56919860839844 431.1663513183594 228.20143127441406
person 0.4274647533893585 136.4066162109375 158.33157348632812 167.34600830078125 214.5364532470703
person 0.31341466307640076 131.4095916748047 160.49349975585938 146.5987091064453 189.17774963378906
person 0.18150447309017181 241.8439483642578 182.77508544921875 280.78265380859375 221.5397491455078
motorbike 0.08674337714910507 187.5854034423828 178.1975555419922 210.55154418945312 213.48223876953125
bicycle 0.0786692276597023 187.6787872314453 180.64938354492188 210.3934783935547 212.93182373046875
person 0.06822323054075241 250.11798095703125 187.637451171875 275.45611572265625 203.2292022705078
person 0.05602549761533737 370.925048828125 184.3069305419922 425.7291259765625 209.8679656982422
