person 0.9761005640029907 65.7125244140625 127.41831970214844 398.6297912597656 375.0
person 0.9708739519119263 241.26271057128906 1.2907791137695312 484.8890075683594 371.651123046875
person 0.5786453485488892 256.2657470703125 319.79364013671875 388.3131408691406 371.8759765625
person 0.3379751741886139 354.0790100097656 318.2320556640625 386.4014892578125 375.0
person 0.22592556476593018 24.324037551879883 238.03399658203125 111.2180404663086 373.9169006347656
tvmonitor 0.17385004460811615 468.9313659667969 247.972412109375 499.51385498046875 289.94403076171875
person 0.16678495705127716 11.65674877166748 140.86709594726562 120.69768524169922 371.52490234375
person 0.14278310537338257 21.956926345825195 126.24654388427734 246.43357849121094 375.0
chair 0.1360730230808258 11.495965957641602 238.465087890625 394.4664306640625 370.8899841308594
bottle 0.11583970487117767 472.7768249511719 285.1319274902344 500.0 375.0
chair 0.07238151133060455 3.1097118854522705 235.06814575195312 80.19261169433594 375.0
sofa 0.0637437030673027 0.7295733690261841 232.88897705078125 422.99334716796875 367.15234375
