diningtable 0.9418784976005554 94.23192596435547 264.2123107910156 500.0 375.0
chair 0.7235960364341736 271.9464416503906 309.7735900878906 442.8209533691406 375.0
chair 0.7020973563194275 415.0010681152344 189.90060424804688 427.0231018066406 249.64605712890625
chair 0.5363000631332397 271.1092529296875 217.21852111816406 365.1590270996094 273.6846618652344
chair 0.434332013130188 51.82832336425781 229.03799438476562 140.7997283935547 375.0
bottle 0.3128757178783417 239.4810333251953 146.38966369628906 254.3291778564453 164.42626953125
tvmonitor 0.2411687672138214 418.24932861328125 87.24363708496094 445.8314208984375 186.3247528076172
bottle 0.16530191898345947 330.12518310546875 138.12147521972656 341.57666015625 173.4255828857422
sofa 0.14439301192760468 84.09771728515625 260.6910400390625 432.7413024902344 371.87646484375
bottle 0.12636367976665497 391.0237731933594 131.1173858642578 408.786376953125 211.1111297607422
bottle 0.0829533115029335 236.71017456054688 113.6192626953125 257.7516174316406 166.03646850585938
bottle 0.0707402154803276 253.8426513671875 113.78800201416016 273.3116149902344 165.39743041992188
bottle 0.07050567120313644 300.1834716796875 145.5926055908203 315.150146484375 171.99569702148438
diningtable 0.06485047191381454 144.35009765625 265.34771728515625 364.3093566894531 290.8650207519531
bottle 0.05481451004743576 314.44915771484375 144.38565063476562 333.2677917480469 172.08070373535156
chair 0.05066576600074768 415.7024841308594 190.83212280273438 428.1107177734375 219.64828491210938
