person 0.9862216711044312 267.35064697265625 107.5545654296875 358.06268310546875 360.77099609375
person 0.9769758582115173 332.8900451660156 114.35753631591797 430.1636047363281 372.66094970703125
horse 0.8049860000610352 76.50738525390625 84.30547332763672 164.36209106445312 257.580810546875
sheep 0.445936381816864 100.11955261230469 176.1649932861328 142.56272888183594 247.3614959716797
bird 0.3990720510482788 75.3908462524414 81.28561401367188 163.08914184570312 153.90589904785156
horse 0.27185383439064026 3.8341143131256104 77.73648071289062 167.74940490722656 366.73248291015625
sheep 0.25537481904029846 0.8507615923881531 117.68059539794922 52.09539794921875 148.80712890625
sheep 0.20833171904087067 1.680141568183899 94.6468734741211 164.20703125 339.1407775878906
sheep 0.18079398572444916 124.86001586914062 199.87832641601562 176.02528381347656 252.51199340820312
sheep 0.1607409566640854 102.96790313720703 203.05348205566406 132.4088134765625 244.6355438232422
bird 0.12338456511497498 0.0 116.526611328125 54.27960205078125 150.66159057617188
sheep 0.115403912961483 103.51654052734375 208.0316162109375 138.5363006591797 266.6010437011719
sheep 0.11534137278795242 79.99161529541016 88.0492935180664 172.16053771972656 253.24984741210938
person 0.09516923129558563 268.59942626953125 108.65016174316406 351.3092041015625 239.71763610839844
bird 0.08385583013296127 72.60498046875 82.17537689208984 164.80889892578125 242.55043029785156
dog 0.08148553222417831 76.72648620605469 80.77586364746094 163.97573852539062 154.90525817871094
sheep 0.07218567281961441 76.74342346191406 82.15912628173828 162.4324951171875 155.01304626464844
dog 0.06138275936245918 80.87247467041016 85.95570373535156 159.52557373046875 246.09947204589844
sheep 0.055336497724056244 107.93614196777344 185.4719696044922 155.93917846679688 263.2976989746094
