person 0.9973180890083313 252.71890258789062 22.097745895385742 378.4666748046875 344.0
bus 0.8843063712120056 1.4783331155776978 186.79757690429688 57.88418960571289 252.2196502685547
person 0.8460878133773804 220.8299560546875 187.6088409423828 244.09747314453125 207.950927734375
person 0.8331959247589111 385.93463134765625 172.26898193359375 423.7071533203125 215.1885528564453
horse 0.7255986332893372 29.952529907226562 137.1177520751953 498.3752746582031 344.0
car 0.1839343011379242 84.89691925048828 245.37689208984375 165.14373779296875 302.11053466796875
car 0.16922803223133087 5.99167013168335 232.3480224609375 52.322505950927734 252.48065185546875
bus 0.1105857565999031 3.0988144874572754 215.6631317138672 51.093589782714844 252.6498565673828
boat 0.08910607546567917 1.8679640293121338 185.1265411376953 61.640480041503906 251.9243621826172
horse 0.07685112953186035 23.542848587036133 151.76611328125 229.31846618652344 328.20428466796875
boat 0.07348430901765823 0.0 184.50852966308594 146.7586669921875 306.58349609375
aeroplane 0.05863459035754204 3.2236950397491455 186.07095336914062 161.36795043945312 303.95330810546875
