person 0.9828764796257019 7.725419998168945 44.600196838378906 348.4121398925781 494.06292724609375
person 0.6750978231430054 0.752180814743042 17.84502601623535 38.60139846801758 157.850830078125
person 0.6395771503448486 324.6607666015625 7.497104167938232 374.1072998046875 278.8043212890625
person 0.45230329036712646 62.076171875 34.15507507324219 93.13509368896484 101.68478393554688
person 0.4166537821292877 328.2297058105469 0.0 373.7964782714844 50.441734313964844
person 0.29110756516456604 302.79156494140625 0.0 373.49658203125 451.7374572753906
person 0.200166255235672 290.7814636230469 4.6066083908081055 370.8443298339844 224.19839477539062
person 0.19581837952136993 319.62872314453125 10.377164840698242 373.4603271484375 150.44497680664062
person 0.15619756281375885 10.13697624206543 33.30990982055664 259.9985046386719 355.33050537109375
person 0.15017403662204742 201.1520538330078 217.0738067626953 365.57177734375 455.5905456542969
person 0.0969625934958458 213.7077178955078 3.3617217540740967 366.0079345703125 221.8982696533203
dog 0.07721962034702301 197.71861267089844 233.0944366455078 371.01727294921875 447.0058898925781
car 0.076640285551548 104.05674743652344 42.22271728515625 234.6237335205078 85.13693237304688
car 0.07575258612632751 47.30983352661133 34.55280303955078 285.5825500488281 114.28486633300781
person 0.07545004040002823 1.3853323459625244 55.057106018066406 63.96197509765625 377.7221984863281
person 0.06640803813934326 1.875779628753662 209.47752380371094 70.07496643066406 371.4962158203125
sofa 0.0518229715526104 0.0 158.015625 375.0 481.8026123046875
