car 0.9911764860153198 46.55180358886719 151.59014892578125 439.4085998535156 347.2796630859375
cow 0.9827179312705994 165.7005157470703 175.84201049804688 339.5362548828125 365.01910400390625
person 0.980394721031189 435.26031494140625 146.74703979492188 476.8233642578125 270.8302917480469
person 0.8679118156433105 274.02459716796875 135.061279296875 306.204833984375 188.59210205078125
person 0.864162802696228 369.6396484375 5.1360368728637695 407.15765380859375 118.51009368896484
person 0.6076226830482483 284.6302795410156 135.2900390625 303.5613098144531 148.54446411132812
cow 0.4994879961013794 257.6620788574219 180.80313110351562 346.5760498046875 375.0
person 0.35372668504714966 265.1087951660156 136.21920776367188 332.6117858886719 342.8338623046875
person 0.23856721818447113 237.8329315185547 130.37799072265625 248.4425811767578 149.08547973632812
person 0.16801004111766815 117.55918884277344 164.84494018554688 133.087646484375 196.21713256835938
chair 0.14665581285953522 16.89764404296875 163.6982421875 37.1651496887207 190.35595703125
car 0.12084032595157623 236.23561096191406 153.17681884765625 446.4713134765625 351.0997009277344
car 0.08279304206371307 42.00482177734375 141.7357635498047 252.08090209960938 314.4857177734375
person 0.0669965147972107 386.86639404296875 9.350234031677246 405.69744873046875 57.71178436279297
bus 0.05976072698831558 165.1283721923828 158.25294494628906 422.83221435546875 352.60089111328125
dog 0.05548185110092163 168.34002685546875 169.17385864257812 354.61004638671875 352.3118896484375
person 0.05477098003029823 269.56805419921875 138.3514404296875 320.733154296875 220.013427734375
