person 0.963334858417511 281.2951354980469 83.02909088134766 329.9895324707031 270.74066162109375
bicycle 0.9077940583229065 17.517942428588867 77.93277740478516 90.30548095703125 144.7349090576172
car 0.7877962589263916 39.02511215209961 206.57066345214844 126.6812973022461 257.58782958984375
person 0.7748488187789917 180.86192321777344 202.61618041992188 218.55987548828125 251.64248657226562
chair 0.5820251107215881 190.0210723876953 175.11148071289062 240.01930236816406 249.36602783203125
chair 0.5106633305549622 55.4265251159668 172.2501678466797 99.85116577148438 217.80194091796875
bottle 0.4743896722793579 264.1246337890625 233.1278533935547 280.49981689453125 287.8330078125
chair 0.45424333214759827 159.7333984375 170.5363311767578 234.242431640625 238.4331512451172
motorbike 0.3841817080974579 381.0816955566406 262.0155029296875 491.9390869140625 373.32421875
person 0.3476683497428894 183.37774658203125 158.8582305908203 327.5436096191406 352.5534973144531
person 0.28608614206314087 265.4421691894531 135.27993774414062 287.8002624511719 192.57347106933594
chair 0.2550540864467621 227.93690490722656 296.18121337890625 357.7734069824219 373.4192199707031
tvmonitor 0.22362841665744781 160.05091857910156 167.75167846679688 227.9665985107422 229.34873962402344
bottle 0.18185430765151978 264.71453857421875 233.57647705078125 279.501953125 262.35626220703125
car 0.16766783595085144 20.016990661621094 216.83059692382812 59.51243209838867 283.1212158203125
person 0.16737885773181915 240.79994201660156 86.92904663085938 327.1583557128906 338.16558837890625
boat 0.16679157316684723 391.9911804199219 264.24676513671875 491.43402099609375 369.2517395019531
chair 0.12616698443889618 150.59817504882812 220.46694946289062 205.01495361328125 304.3529052734375
diningtable 0.08210374414920807 76.76354217529297 150.6827850341797 134.03524780273438 206.50111389160156
bicycle 0.0815596804022789 24.907739639282227 143.60208129882812 66.53543090820312 210.06063842773438
person 0.08131653815507889 199.54136657714844 176.40101623535156 225.3636474609375 207.87509155273438
pottedplant 0.07186570763587952 321.67462158203125 146.2748260498047 355.25689697265625 220.3063507080078
sofa 0.06945440918207169 157.82398986816406 167.39633178710938 233.54177856445312 239.7137908935547
chair 0.06865616142749786 156.08839416503906 172.2186737060547 324.1551208496094 334.7502136230469
car 0.06544031202793121 373.7742614746094 251.9702606201172 497.7601013183594 365.59814453125
sheep 0.0644911602139473 331.80169677734375 219.76516723632812 497.39764404296875 284.34197998046875
pottedplant 0.06375803053379059 327.21722412109375 170.5426025390625 350.28741455078125 190.65599060058594
bottle 0.063649021089077 396.6680603027344 271.33502197265625 491.3921203613281 374.0
person 0.0635753870010376 415.665283203125 80.41217041015625 451.8581848144531 140.98223876953125
bicycle 0.06057657673954964 368.33453369140625 264.3053894042969 496.8542175292969 370.9212341308594
person 0.058396369218826294 185.3713836669922 179.84262084960938 237.8055419921875 244.53680419921875
pottedplant 0.0528118833899498 267.3963317871094 139.177978515625 366.4859619140625 221.7809295654297
chair 0.0506439134478569 122.73838806152344 95.55899047851562 155.0316162109375 187.41873168945312
chair 0.050378479063510895 149.32156372070312 174.9771270751953 240.49758911132812 310.15081787109375
