person 0.9622727632522583 59.34551239013672 133.2110137939453 239.82899475097656 459.40985107421875
chair 0.8443136215209961 293.48931884765625 117.29835510253906 371.95806884765625 254.82467651367188
cat 0.6617538332939148 94.621337890625 232.4664764404297 190.4390869140625 289.1119079589844
chair 0.6539943814277649 48.396541595458984 137.0706787109375 259.577880859375 407.58233642578125
diningtable 0.61970454454422 3.3131861686706543 455.1297912597656 198.80398559570312 500.0
person 0.5621115565299988 190.92489624023438 135.67918395996094 267.38232421875 298.1005554199219
person 0.49519458413124084 89.9786376953125 142.5069122314453 213.1249237060547 312.12298583984375
dog 0.44453898072242737 91.08042907714844 231.95848083496094 195.1120147705078 287.4300537109375
person 0.29343149065971375 200.45738220214844 4.19646692276001 229.9397430419922 31.55076789855957
sofa 0.2513963282108307 45.07969284057617 126.64663696289062 295.9281311035156 448.9476623535156
person 0.24068962037563324 269.0006103515625 31.802688598632812 288.2192077636719 67.12425231933594
person 0.1938108205795288 104.70861053466797 131.87086486816406 235.4796142578125 253.31651306152344
person 0.15861743688583374 168.89694213867188 130.757568359375 267.56402587890625 399.5823059082031
bottle 0.12020648270845413 12.862654685974121 340.32574462890625 46.78570556640625 366.92047119140625
person 0.11350206285715103 115.69270324707031 148.0056610107422 187.45639038085938 248.1893310546875
person 0.10332152247428894 205.29400634765625 0.9997119307518005 245.96151733398438 32.10445785522461
chair 0.08708439022302628 58.364784240722656 127.23182678222656 240.72238159179688 279.3271179199219
sofa 0.08160565793514252 58.101497650146484 123.5565185546875 254.13619995117188 280.7707214355469
bottle 0.07412891089916229 19.620555877685547 335.870849609375 50.0211067199707 384.78692626953125
bottle 0.07185883074998856 168.78720092773438 478.4064025878906 199.55953979492188 500.0
tvmonitor 0.05739853158593178 258.6358337402344 19.751384735107422 298.0419616699219 76.57280731201172
bottle 0.05577990040183067 0.31143441796302795 343.9557800292969 12.843575477600098 405.11370849609375
