diningtable 0.9857673645019531 1.6112009286880493 247.78077697753906 500.0 476.0000305175781
bottle 0.9707248210906982 109.26217651367188 74.51848602294922 168.6795196533203 269.1497802734375
chair 0.744212806224823 287.21197509765625 222.91346740722656 414.164794921875 287.08477783203125
chair 0.45963379740715027 310.8997497558594 132.80662536621094 430.3270263671875 280.2850646972656
pottedplant 0.2800687551498413 7.315690040588379 55.48302459716797 133.3402557373047 194.4143829345703
chair 0.22421444952487946 160.3162841796875 172.10577392578125 235.72824096679688 291.4707946777344
chair 0.21455620229244232 320.9875793457031 130.36058044433594 429.57501220703125 187.99954223632812
bottle 0.15669576823711395 124.71320343017578 74.22486877441406 158.41677856445312 148.8325958251953
diningtable 0.15378114581108093 161.77566528320312 258.8948974609375 493.26824951171875 398.6741943359375
chair 0.1490485519170761 310.4017639160156 223.65672302246094 474.5492858886719 295.7330017089844
diningtable 0.12820810079574585 245.18153381347656 165.44754028320312 489.8133239746094 288.5971984863281
chair 0.09008409827947617 374.1085510253906 133.85305786132812 478.4342041015625 410.1006774902344
chair 0.06136225163936615 11.837990760803223 88.47708892822266 129.71240234375 187.6796875
chair 0.05731317028403282 327.73736572265625 163.1929168701172 397.55364990234375 228.72543334960938
