sheep 0.9634236693382263 168.8297882080078 331.1956481933594 373.8371276855469 499.0574035644531
sheep 0.7498378753662109 157.42791748046875 334.88043212890625 285.49090576171875 474.4150695800781
train 0.695877730846405 195.43894958496094 148.07989501953125 375.0 272.9074401855469
sheep 0.6156772971153259 0.0 260.883056640625 231.13706970214844 495.4976806640625
car 0.39582011103630066 189.1474151611328 137.1895751953125 371.6158752441406 305.8743896484375
motorbike 0.2533787786960602 184.60665893554688 143.8753204345703 371.677734375 326.55364990234375
train 0.139825239777565 180.68873596191406 87.76326751708984 373.8454895019531 321.4514465332031
sheep 0.10797864943742752 312.98095703125 191.05345153808594 373.30322265625 231.07675170898438
sheep 0.10068319737911224 322.9097595214844 268.888427734375 372.8179016113281 349.5579833984375
train 0.09839645028114319 31.65033721923828 21.824535369873047 373.86676025390625 331.107666015625
person 0.09475283324718475 0.0 3.6095197200775146 373.7176513671875 500.0
sheep 0.08672662824392319 159.1068878173828 330.3901672363281 247.3697967529297 436.61578369140625
bus 0.06945464760065079 193.47430419921875 135.31735229492188 372.53582763671875 314.5461120605469
sheep 0.06311096251010895 16.056804656982422 308.7810974121094 232.91407775878906 422.0586242675781
bottle 0.06291904300451279 185.99935913085938 115.88580322265625 370.4229736328125 313.6341857910156
