person 0.9865368008613586 179.87843322753906 102.68389892578125 261.90185546875 198.44390869140625
person 0.9822816848754883 405.1856994628906 55.88328552246094 451.4017333984375 173.27496337890625
car 0.940375804901123 0.0 48.646095275878906 92.42597961425781 154.9329833984375
motorbike 0.9379387497901917 180.6744842529297 120.73021697998047 298.93182373046875 279.7828674316406
tvmonitor 0.33844617009162903 3.3111822605133057 178.0806884765625 101.39654541015625 274.4208679199219
boat 0.26024553179740906 2.7911882400512695 178.84860229492188 106.62564086914062 261.6996765136719
pottedplant 0.23614828288555145 463.354736328125 44.6253662109375 499.6952819824219 112.03610229492188
aeroplane 0.10240933299064636 0.0 179.94776916503906 106.88773345947266 285.6980895996094
boat 0.08776263892650604 20.780052185058594 223.05056762695312 495.52703857421875 365.7855529785156
pottedplant 0.07115854322910309 307.5018005371094 0.0 335.02825927734375 17.56951904296875
bicycle 0.05124897509813309 181.3130340576172 113.45382690429688 303.855712890625 286.1341857910156
train 0.050436679273843765 2.185986280441284 240.02915954589844 500.0 375.0
