boat 0.95256507396698 45.13100814819336 178.6947784423828 398.45465087890625 292.2931213378906
car 0.9091896414756775 404.6307678222656 201.1636962890625 468.3616943359375 233.40658569335938
car 0.8880311846733093 336.15985107421875 193.4970245361328 428.2595520019531 236.0462188720703
car 0.7220885157585144 79.70870208740234 190.7872772216797 144.1768341064453 218.05274963378906
bird 0.7218784093856812 415.97967529296875 260.9222717285156 470.1996765136719 291.4093933105469
car 0.6273101568222046 19.32044219970703 191.93663024902344 65.53462219238281 223.14590454101562
car 0.5145922899246216 310.3882751464844 195.17027282714844 355.1600341796875 222.2076873779297
boat 0.41553616523742676 38.622440338134766 0.0 383.0529479980469 280.6535339355469
car 0.335671991109848 19.658897399902344 192.97225952148438 106.71479797363281 224.6561737060547
boat 0.3155520558357239 417.0093688964844 260.158203125 472.3501281738281 292.6351318359375
car 0.27126896381378174 103.18533325195312 206.49227905273438 147.397705078125 231.62042236328125
boat 0.18452581763267517 388.3930969238281 227.7687225341797 455.1755065917969 286.16864013671875
boat 0.13826565444469452 36.065757751464844 243.4083251953125 99.08132934570312 293.73773193359375
aeroplane 0.13274282217025757 414.1320495605469 261.6438903808594 468.0275573730469 292.9723815917969
boat 0.10794040560722351 333.31439208984375 176.69924926757812 448.6738586425781 270.4623718261719
car 0.10212186723947525 401.39599609375 196.52796936035156 416.0704345703125 206.4045867919922
chair 0.09539537131786346 415.5974426269531 261.572021484375 470.71795654296875 292.3330078125
person 0.08885767310857773 162.50942993164062 230.86329650878906 173.9797821044922 251.58648681640625
car 0.0802340880036354 64.6236572265625 192.2203369140625 130.29656982421875 226.19784545898438
car 0.07296410948038101 322.0357360839844 178.52532958984375 435.4360046386719 248.39979553222656
bus 0.06590206921100616 1.2182141542434692 166.9788055419922 56.85160827636719 224.23086547851562
boat 0.05810880288481712 161.3253173828125 214.7236785888672 387.04998779296875 291.3171081542969
bird 0.05754382908344269 284.7941589355469 171.25596618652344 311.7195739746094 191.4792938232422
boat 0.05502719432115555 210.5916748046875 154.62615966796875 300.54998779296875 218.88172912597656
