tvmonitor 0.9933912754058838 31.98250961303711 137.99618530273438 139.001953125 230.04881286621094
sofa 0.9660859107971191 265.5132751464844 218.92018127441406 483.2697448730469 373.82574462890625
tvmonitor 0.9448442459106445 209.22622680664062 148.8716583251953 248.3019256591797 181.58702087402344
sofa 0.8194167017936707 191.21290588378906 190.2938690185547 392.7210998535156 279.0669250488281
person 0.6911857724189758 85.26748657226562 158.013427734375 127.2397232055664 203.4792022705078
diningtable 0.5543176531791687 0.0 302.52801513671875 252.39990234375 375.0
chair 0.18709991872310638 374.743896484375 192.11367797851562 422.66796875 230.8074493408203
chair 0.13938923180103302 87.55797576904297 294.7012634277344 252.37937927246094 369.4551696777344
sofa 0.1198713481426239 220.99339294433594 187.92691040039062 394.0086975097656 236.33274841308594
diningtable 0.07532361149787903 0.0 322.86285400390625 153.64100646972656 370.7096252441406
chair 0.07516583055257797 0.0 265.122802734375 70.49636840820312 317.4720458984375
chair 0.05428319796919823 259.725830078125 192.4773406982422 350.0129699707031 269.3822937011719
chair 0.05390523001551628 272.1197509765625 227.1245880126953 482.8276672363281 374.0526123046875
person 0.05201004445552826 56.5146598815918 157.347900390625 95.34954071044922 207.6535186767578
