bus 0.9888710379600525 406.6472473144531 187.13778686523438 497.946533203125 330.6920471191406
car 0.9378770589828491 247.1500244140625 229.19252014160156 294.0379638671875 246.99786376953125
car 0.8207165598869324 213.73875427246094 221.17315673828125 247.15823364257812 236.70530700683594
car 0.7836030721664429 17.067529678344727 223.04490661621094 49.18204116821289 238.46078491210938
car 0.7761950492858887 285.79632568359375 221.0462188720703 314.692626953125 233.6690673828125
car 0.7678510546684265 170.2903594970703 223.5207061767578 205.596923828125 237.2658233642578
bus 0.7417688965797424 0.4416901469230652 91.98158264160156 124.81639099121094 310.900634765625
car 0.7148270010948181 0.0 284.82781982421875 73.42447662353516 331.0
car 0.6676381230354309 0.5495587587356567 219.59445190429688 11.306195259094238 233.10157775878906
car 0.5545905232429504 130.84559631347656 221.13162231445312 152.52822875976562 233.20718383789062
car 0.547488272190094 347.2038269042969 223.63275146484375 360.2503356933594 233.57638549804688
car 0.532211184501648 354.3040771484375 220.2161407470703 380.1185302734375 232.30014038085938
person 0.4875345826148987 452.76055908203125 203.32589721679688 469.75238037109375 222.21510314941406
car 0.4266446828842163 123.98759460449219 222.85189819335938 139.37570190429688 238.73733520507812
car 0.3876115679740906 55.980316162109375 235.5106964111328 80.95943450927734 252.15028381347656
bus 0.3707812428474426 318.30401611328125 199.00692749023438 348.10260009765625 245.24964904785156
train 0.29974448680877686 0.9774088263511658 88.61547088623047 123.63053894042969 328.8196105957031
car 0.2933282256126404 80.27888488769531 222.87950134277344 93.046875 247.5272216796875
car 0.22350960969924927 318.809326171875 200.40721130371094 349.576416015625 243.2222900390625
car 0.22070416808128357 52.32423400878906 222.51434326171875 81.02586364746094 251.71714782714844
car 0.19735686480998993 145.6481170654297 221.14227294921875 159.7048797607422 231.6485595703125
person 0.1432882696390152 9.313621520996094 322.4383850097656 22.546064376831055 331.0
car 0.13034114241600037 61.11661148071289 229.16517639160156 81.73413848876953 248.03802490234375
car 0.09627287089824677 0.0 242.3062286376953 11.206807136535645 269.2599792480469
bus 0.08597617596387863 0.0 86.52241516113281 290.6591796875 331.0
motorbike 0.08214236050844193 1.0217515230178833 241.8475341796875 18.6586971282959 267.69024658203125
car 0.08196690678596497 2.9621176719665527 218.06607055664062 12.969825744628906 228.1312713623047
tvmonitor 0.06963741034269333 0.45612791180610657 90.02185821533203 120.41663360595703 227.40997314453125
car 0.06588540226221085 137.17037963867188 220.43980407714844 157.3813018798828 231.6618194580078
car 0.060047172009944916 68.14959716796875 223.6103515625 88.161865234375 246.7445526123047
car 0.05985834822058678 65.65573120117188 225.54620361328125 81.13643646240234 243.07652282714844
