diningtable 0.9832340478897095 120.01771545410156 183.77279663085938 350.10296630859375 371.7380676269531
chair 0.9593408703804016 248.76475524902344 190.63705444335938 348.5953674316406 371.1277160644531
chair 0.9245268106460571 156.3260955810547 219.94471740722656 257.173583984375 374.4267883300781
chair 0.8042426705360413 241.4927520751953 173.318603515625 324.213134765625 312.7347412109375
pottedplant 0.455099880695343 175.90859985351562 67.54385375976562 302.2000427246094 289.8771057128906
chair 0.21405793726444244 222.3482208251953 170.22158813476562 294.6453857421875 294.4479064941406
chair 0.19359108805656433 96.3043212890625 188.59268188476562 138.71543884277344 263.44122314453125
chair 0.15154021978378296 276.36566162109375 167.20985412597656 331.45330810546875 247.33944702148438
chair 0.11183224618434906 257.8017883300781 171.83560180664062 315.2831726074219 255.6823272705078
pottedplant 0.0894165113568306 229.0265350341797 74.98008728027344 293.5844421386719 203.62950134277344
chair 0.08878014981746674 101.98379516601562 203.7107391357422 137.0758514404297 222.0373077392578
diningtable 0.08749471604824066 157.1001434326172 180.8437957763672 330.4063415527344 309.0776062011719
chair 0.06606578826904297 252.05172729492188 179.07131958007812 312.95892333984375 187.89697265625
pottedplant 0.06426097452640533 225.1932830810547 133.9364013671875 259.8792419433594 206.6766815185547
chair 0.05875451862812042 113.51726531982422 184.48812866210938 233.11044311523438 325.7763366699219
chair 0.055484283715486526 254.36508178710938 209.17584228515625 321.88543701171875 292.80413818359375
person 0.055426258593797684 204.5697021484375 77.32282257080078 307.0038146972656 297.40631103515625
