person 0.9887022972106934 368.9435729980469 117.35873413085938 437.460205078125 267.1872253417969
motorbike 0.9710953235626221 7.960392951965332 110.06101989746094 226.53990173339844 374.4063415527344
motorbike 0.9556899666786194 229.06744384765625 112.311767578125 324.49102783203125 226.20999145507812
person 0.9486043453216553 0.028873251751065254 90.49628448486328 34.471988677978516 198.7713623046875
motorbike 0.3484151065349579 0.0941435843706131 131.88800048828125 117.71675872802734 375.0
motorbike 0.29300737380981445 98.14068603515625 101.02294921875 216.3212432861328 318.78607177734375
person 0.27687767148017883 277.9736633300781 119.09527587890625 312.2206726074219 190.48126220703125
person 0.15823028981685638 11.839850425720215 341.2520446777344 46.661476135253906 375.0
chair 0.15200163424015045 472.9902038574219 188.6028594970703 493.1565856933594 218.12637329101562
motorbike 0.058490317314863205 0.0 166.83912658691406 132.85293579101562 284.11724853515625
