car 0.9649208784103394 270.5826721191406 243.3587646484375 345.1720275878906 274.24322509765625
car 0.9520558714866638 145.63534545898438 250.3887481689453 223.7782440185547 273.352783203125
car 0.8134167194366455 436.6551818847656 248.6475830078125 500.0000305175781 279.95404052734375
person 0.7267014384269714 239.54443359375 246.0674591064453 249.22186279296875 274.33770751953125
car 0.7171749472618103 387.60302734375 250.87814331054688 424.0360107421875 273.54669189453125
person 0.6918441653251648 247.26071166992188 245.4158935546875 257.7042541503906 273.9756164550781
person 0.46653151512145996 255.1837158203125 248.6298370361328 263.2586364746094 273.18072509765625
car 0.4553859829902649 89.05047607421875 246.00885009765625 106.0779800415039 270.1412048339844
car 0.43579161167144775 44.467960357666016 251.1028594970703 81.78900909423828 270.6005554199219
car 0.4295881688594818 0.0 245.68002319335938 38.36346435546875 269.8475646972656
car 0.3900439739227295 82.7294692993164 243.1216278076172 131.8843231201172 270.2152099609375
person 0.30802011489868164 242.8748779296875 245.1212615966797 253.90008544921875 274.1461181640625
car 0.28278207778930664 125.03913879394531 253.57188415527344 155.73272705078125 274.07965087890625
person 0.2478542923927307 307.9922790527344 265.989990234375 318.0263671875 281.0
car 0.14229419827461243 336.7599182128906 239.39984130859375 382.55328369140625 275.8634338378906
person 0.13293807208538055 306.60882568359375 257.6441345214844 319.8968505859375 281.0
car 0.12532439827919006 91.3758316040039 245.1221923828125 152.9178466796875 274.72698974609375
person 0.1144348755478859 251.07176208496094 245.83871459960938 260.949951171875 273.6053771972656
car 0.10891325026750565 126.74177551269531 253.2671661376953 150.05955505371094 265.572021484375
person 0.10171609371900558 356.8345947265625 263.91644287109375 366.2430114746094 281.0
bicycle 0.10003485530614853 173.1840057373047 257.358154296875 189.6953582763672 280.6612548828125
person 0.08630282431840897 238.11305236816406 271.4249572753906 248.3042755126953 281.0
car 0.08476255089044571 27.352731704711914 250.50074768066406 82.7623062133789 276.8750305175781
car 0.06295496225357056 111.90766906738281 252.88751220703125 153.22230529785156 281.0
chair 0.0501214899122715 98.20925903320312 72.98725891113281 181.39724731445312 186.068359375
