person 0.99054354429245 18.36969566345215 0.0 239.7811737060547 279.6297607421875
person 0.9834198951721191 238.01951599121094 22.389923095703125 388.2657165527344 282.2132263183594
person 0.977551281452179 344.7322082519531 3.617027521133423 498.5029602050781 307.2854919433594
person 0.8703314661979675 191.59963989257812 1.0396664142608643 226.0057830810547 113.87592315673828
person 0.6675384044647217 177.64019775390625 5.162698745727539 211.24600219726562 101.45042419433594
person 0.6576606035232544 216.3813018798828 2.507012367248535 261.6078796386719 152.67767333984375
person 0.5896369814872742 152.484375 10.731409072875977 191.06201171875 98.75055694580078
person 0.5090965032577515 0.5666084289550781 1.131453275680542 68.07997131347656 213.52639770507812
person 0.4920354187488556 240.9127960205078 1.1578476428985596 365.54974365234375 183.60421752929688
person 0.48640283942222595 119.34785461425781 0.8091659545898438 162.67160034179688 83.9332504272461
person 0.4358006715774536 11.165066719055176 2.3928115367889404 123.07129669189453 258.6760559082031
chair 0.34535670280456543 296.5422668457031 95.80107116699219 386.32147216796875 215.9051513671875
person 0.2793070077896118 270.3630065917969 3.1283438205718994 463.8018493652344 268.94952392578125
person 0.20298989117145538 178.34620666503906 9.120938301086426 196.93763732910156 44.11927795410156
chair 0.1999204456806183 350.8988952636719 97.57628631591797 383.32427978515625 158.19424438476562
chair 0.1858544945716858 0.5026572346687317 42.775123596191406 68.01901245117188 215.44802856445312
person 0.1642322987318039 219.24803161621094 0.0 305.787841796875 166.98147583007812
person 0.16077664494514465 305.57989501953125 32.5753173828125 384.67218017578125 278.6077575683594
person 0.14678531885147095 177.29893493652344 9.674099922180176 198.4131317138672 76.76824188232422
person 0.13056743144989014 206.59414672851562 1.9652211666107178 244.5903778076172 121.41913604736328
person 0.11203363537788391 42.974937438964844 59.25133514404297 192.72535705566406 264.7730712890625
sofa 0.09640038758516312 0.0 85.1282958984375 62.405601501464844 222.91525268554688
person 0.09016180038452148 242.9015350341797 55.83928298950195 332.7974853515625 201.99818420410156
car 0.06902215629816055 0.0 33.4111213684082 67.38362884521484 208.46311950683594
person 0.05852365121245384 0.8516367077827454 81.52175903320312 51.58941650390625 194.0384979248047
bottle 0.05653136596083641 1.8198240995407104 26.222238540649414 67.40130615234375 209.51991271972656
person 0.05406959727406502 114.76847839355469 6.387740612030029 232.13775634765625 197.71835327148438
person 0.05116378888487816 120.6573486328125 3.4969966411590576 202.44871520996094 130.34739685058594
