person 0.9944302439689636 65.35269927978516 2.5308938026428223 272.7021179199219 477.0579528808594
person 0.9454028606414795 245.5068817138672 18.908519744873047 333.5049133300781 368.7150573730469
person 0.933368980884552 1.5086915493011475 2.334505319595337 66.197021484375 327.6423034667969
bicycle 0.6994648575782776 90.1133041381836 174.15098571777344 271.5710754394531 498.5422668457031
bicycle 0.6722282767295837 0.0 112.26204681396484 67.12470245361328 439.64166259765625
person 0.6131047010421753 1.2181564569473267 0.6944979429244995 60.1674690246582 172.2444610595703
person 0.44054263830184937 75.13384246826172 0.0 271.24945068359375 247.2768096923828
bicycle 0.39897581934928894 292.0440673828125 294.0712585449219 334.0 499.9999694824219
person 0.2888275682926178 17.56862449645996 2.5385613441467285 60.974308013916016 117.98829650878906
person 0.19887562096118927 187.91249084472656 29.36423110961914 328.9777526855469 463.802734375
bicycle 0.1796058863401413 156.53121948242188 173.23971557617188 329.7937316894531 496.697265625
bicycle 0.10253430902957916 14.630227088928223 138.15769958496094 203.52920532226562 475.5280456542969
bicycle 0.09512187540531158 258.6511535644531 196.71560668945312 332.7211608886719 499.9999694824219
person 0.08237720280885696 305.710205078125 120.02936553955078 332.4421081542969 362.0503234863281
