sofa 0.9963979721069336 37.47322082519531 206.7398681640625 493.96221923828125 366.66497802734375
chair 0.5561676621437073 215.75758361816406 150.51487731933594 255.32777404785156 214.94381713867188
chair 0.3480197787284851 160.0274658203125 160.3546600341797 222.56936645507812 219.89427185058594
pottedplant 0.34681400656700134 314.6308898925781 29.37120246887207 414.2112731933594 211.23556518554688
person 0.22561007738113403 68.9955062866211 67.00702667236328 81.72493743896484 88.69103240966797
chair 0.20251990854740143 25.201847076416016 150.6544647216797 211.21127319335938 301.6758728027344
tvmonitor 0.16323399543762207 456.5658874511719 158.02474975585938 485.02337646484375 191.9727020263672
bottle 0.13951221108436584 23.515350341796875 118.89291381835938 61.32332229614258 266.6787414550781
chair 0.12268342077732086 202.9193572998047 149.40235900878906 239.99822998046875 212.0866241455078
chair 0.11907298862934113 30.632667541503906 156.046875 163.9464569091797 259.3899841308594
chair 0.08275564759969711 255.90560913085938 152.21139526367188 276.3661193847656 211.58876037597656
chair 0.07192522287368774 199.688232421875 152.8444366455078 411.7051086425781 214.380126953125
chair 0.07054157555103302 145.2555389404297 165.59791564941406 179.7828826904297 219.12548828125
chair 0.06894038617610931 189.1475830078125 163.70382690429688 220.15159606933594 216.68408203125
