dog 0.9662606120109558 4.922111988067627 135.74073791503906 236.99258422851562 371.9821472167969
person 0.9622198939323425 196.08328247070312 20.384315490722656 498.9920654296875 375.0
horse 0.2795720100402832 6.926695823669434 125.08140563964844 240.84124755859375 373.43011474609375
person 0.2338208705186844 38.03608322143555 33.80852127075195 370.68609619140625 375.0
dog 0.19734592735767365 57.499671936035156 77.77149963378906 497.718017578125 367.256591796875
dog 0.14290320873260498 221.05775451660156 23.723331451416016 500.0 305.7923583984375
cat 0.12249970436096191 229.5967254638672 13.436965942382812 495.0450134277344 305.3783264160156
person 0.0708918571472168 312.1785583496094 95.59880828857422 499.66375732421875 373.6612243652344
person 0.0608820803463459 73.92342376708984 231.44740295410156 134.1051788330078 332.03302001953125
cow 0.05076960101723671 16.202350616455078 128.9557647705078 235.8850555419922 372.2179870605469
