motorbike 0.9866011738777161 4.090701103210449 5.152444839477539 496.0572204589844 373.3768615722656
bicycle 0.572255551815033 369.9963073730469 25.410776138305664 499.2616882324219 281.91717529296875
motorbike 0.5102895498275757 340.96490478515625 7.050890922546387 497.36346435546875 299.44140625
person 0.4360024929046631 66.2790298461914 23.336978912353516 412.8947448730469 283.6720275878906
bicycle 0.12101171165704727 39.75468444824219 9.509754180908203 495.4887390136719 323.75177001953125
person 0.10053207725286484 106.05020904541016 50.325008392333984 339.5968322753906 144.78416442871094
motorbike 0.09583049267530441 353.5223083496094 3.0917930603027344 493.7937927246094 85.75155639648438
cat 0.0896887555718422 193.45462036132812 34.50533676147461 340.2156066894531 142.07354736328125
bicycle 0.08780194073915482 0.0 154.2538604736328 448.3155822753906 375.0
aeroplane 0.08378512412309647 340.50653076171875 1.2335193157196045 494.5332946777344 48.01394271850586
bicycle 0.08217664062976837 261.43023681640625 5.359482765197754 495.189697265625 290.0779724121094
person 0.07814587652683258 118.14216613769531 101.50171661376953 200.3670654296875 144.28041076660156
dog 0.0704522654414177 192.9168243408203 47.907440185546875 342.9584045410156 137.6805877685547
chair 0.06645146757364273 246.5079803466797 2.4485957622528076 399.68267822265625 80.142578125
bottle 0.05304603651165962 359.9042663574219 4.418839454650879 492.35443115234375 86.79473876953125
