bus 0.9763128757476807 171.0741729736328 163.6405029296875 286.1174011230469 271.8746337890625
train 0.950850784778595 0.341800332069397 182.59036254882812 145.19483947753906 248.9599151611328
person 0.9376330375671387 290.79962158203125 228.3865966796875 309.821044921875 263.7896423339844
person 0.8572402000427246 320.5151062011719 230.6240692138672 332.514404296875 264.6037902832031
train 0.8410773873329163 398.61181640625 214.38235473632812 498.6308288574219 261.0077209472656
person 0.686100423336029 302.4134826660156 239.08782958984375 313.5570068359375 265.10284423828125
bus 0.6243863701820374 145.35618591308594 217.07920837402344 174.86920166015625 249.55702209472656
person 0.5296652913093567 288.55615234375 231.9123992919922 296.6438903808594 262.74359130859375
train 0.13952863216400146 145.87486267089844 216.35855102539062 174.45468139648438 249.77720642089844
person 0.10426046699285507 286.42425537109375 234.6455535888672 294.1331787109375 261.2107849121094
train 0.09961666166782379 0.7651602029800415 98.17962646484375 147.75213623046875 257.3245849609375
car 0.09029871225357056 145.78738403320312 218.5299072265625 174.24916076660156 249.92874145507812
person 0.08943217992782593 289.33868408203125 233.06808471679688 295.9455871582031 243.78076171875
bus 0.07532014697790146 145.74050903320312 177.0185089111328 176.8358612060547 249.645263671875
car 0.07521943002939224 113.16098022460938 231.8590545654297 138.52011108398438 248.52053833007812
car 0.06660103797912598 171.6125030517578 165.2982177734375 287.3143310546875 269.7554931640625
person 0.060718096792697906 284.2565002441406 236.8791046142578 291.7630615234375 258.0018310546875
bus 0.05746185779571533 15.821310043334961 191.93397521972656 138.5455780029297 249.4210205078125
