person 0.9315611720085144 28.95708465576172 101.13951873779297 364.8104248046875 463.9139404296875
sofa 0.7452023029327393 25.784954071044922 117.26323699951172 375.0 453.2116394042969
sofa 0.5626590847969055 153.0593719482422 113.28116607666016 375.0 376.296142578125
person 0.42927008867263794 14.01541519165039 96.02045440673828 165.89132690429688 460.9813232421875
person 0.21970303356647491 29.605937957763672 94.240478515625 375.0 272.643310546875
sofa 0.18580040335655212 251.37301635742188 113.16809844970703 375.0 180.38938903808594
person 0.13722054660320282 72.64753723144531 97.43618774414062 183.11595153808594 166.03672790527344
person 0.12849710881710052 147.14212036132812 71.68529510498047 367.68865966796875 387.7340393066406
chair 0.11674727499485016 119.86495971679688 127.75999450683594 375.0 485.16705322265625
sheep 0.10773269832134247 252.29107666015625 117.78584289550781 374.9678955078125 181.4645538330078
sofa 0.07806446403265 205.16815185546875 106.81995391845703 375.0 282.6736145019531
person 0.07183428108692169 28.273630142211914 92.351806640625 225.41668701171875 226.79000854492188
