tvmonitor 0.9656188488006592 225.47804260253906 79.35932922363281 293.8892822265625 150.2592315673828
tvmonitor 0.9629626870155334 106.31745910644531 96.16299438476562 189.9767608642578 178.0496063232422
chair 0.8677600622177124 217.2424774169922 134.8293914794922 321.77789306640625 243.29383850097656
diningtable 0.5204349160194397 5.082751274108887 207.4655303955078 498.63702392578125 375.0
boat 0.3077608346939087 395.929931640625 59.48306655883789 500.0 154.4990997314453
sofa 0.1861037015914917 337.8070373535156 156.30807495117188 494.9339294433594 311.0407409667969
tvmonitor 0.13826991617679596 295.6986999511719 192.96926879882812 359.1144104003906 260.40582275390625
pottedplant 0.10465914756059647 355.87005615234375 109.1847152709961 445.664306640625 171.3000946044922
tvmonitor 0.08404234051704407 107.5599365234375 186.7788543701172 238.1014862060547 281.81060791015625
chair 0.05494435131549835 369.255859375 167.74964904785156 498.71392822265625 313.5440979003906
