bottle 0.9662083387374878 10.663520812988281 9.229633331298828 164.3905792236328 437.8470458984375
pottedplant 0.35723963379859924 100.85601806640625 0.0 169.86727905273438 131.13441467285156
person 0.3520611822605133 1.1275445222854614 28.876853942871094 53.47389602661133 259.97296142578125
bottle 0.24502600729465485 3.4040515422821045 17.872060775756836 68.73143005371094 256.1261291503906
pottedplant 0.18658675253391266 52.766761779785156 0.0 155.32521057128906 82.10479736328125
car 0.10006631165742874 0.07183775305747986 34.43815994262695 50.376434326171875 256.6344299316406
bottle 0.0935918316245079 13.065852165222168 248.02142333984375 152.6821746826172 500.0000305175781
pottedplant 0.09033244848251343 15.888492584228516 0.0 164.4488983154297 174.35287475585938
bottle 0.09003514051437378 15.381094932556152 8.450828552246094 166.01319885253906 228.64956665039062
bottle 0.08175519853830338 2.035342216491699 0.0 48.695308685302734 423.8436584472656
pottedplant 0.07397621870040894 102.69146728515625 0.0 152.44744873046875 79.47406005859375
