dog 0.9870187044143677 107.15084838867188 73.69175720214844 236.17344665527344 263.74072265625
motorbike 0.9803867936134338 53.422325134277344 81.3968734741211 466.1205749511719 368.3615417480469
dog 0.9694328308105469 0.0 210.2198486328125 82.45014190673828 370.8197021484375
chair 0.7833349108695984 366.59375 84.75484466552734 436.28668212890625 180.57101440429688
person 0.765385627746582 368.3381652832031 45.72075653076172 385.9502258300781 122.79830932617188
person 0.7507111430168152 381.4892883300781 28.471281051635742 413.4809265136719 90.90980529785156
chair 0.7453886270523071 450.7948913574219 86.72420501708984 500.0 183.05294799804688
person 0.6905725002288818 427.6805419921875 19.59871482849121 469.1794128417969 137.01882934570312
cat 0.6714212894439697 108.04131317138672 76.01990509033203 228.1446990966797 264.4930419921875
person 0.6572045087814331 431.7872619628906 63.73298263549805 461.0002746582031 135.81236267089844
chair 0.5060616135597229 319.43426513671875 81.36308288574219 378.4565734863281 135.90628051757812
person 0.3835051357746124 374.7308349609375 26.69292640686035 412.9059753417969 132.31724548339844
cat 0.19469095766544342 0.20474833250045776 207.58775329589844 81.71842956542969 373.88873291015625
bottle 0.1664244681596756 151.7208251953125 69.64319610595703 166.73263549804688 107.4847640991211
person 0.16353219747543335 428.4822998046875 20.816556930541992 465.8742370605469 84.74593353271484
dog 0.10189179331064224 90.04232025146484 72.50151062011719 332.82855224609375 284.4045715332031
person 0.09543370455503464 92.98140716552734 65.63981628417969 287.9737854003906 275.88360595703125
