tvmonitor 0.5515277981758118 125.86322784423828 181.5629119873047 173.84352111816406 208.56881713867188
pottedplant 0.42695602774620056 148.1212158203125 214.34034729003906 179.53053283691406 276.5953674316406
pottedplant 0.38260743021965027 50.35745620727539 69.8697280883789 127.36219787597656 217.6651611328125
car 0.18246091902256012 401.2458190917969 230.04562377929688 462.8296203613281 262.8641357421875
pottedplant 0.17275868356227875 179.7441864013672 204.40151977539062 209.43824768066406 283.8630676269531
pottedplant 0.1497460901737213 175.646240234375 201.24810791015625 239.02333068847656 281.5134582519531
pottedplant 0.14316393435001373 230.44595336914062 200.77760314941406 266.8435974121094 279.9049987792969
person 0.12958171963691711 468.869384765625 219.5030975341797 479.04766845703125 252.7633056640625
person 0.0891706719994545 454.6544189453125 213.32427978515625 467.1468811035156 245.57298278808594
pottedplant 0.08299349248409271 246.71652221679688 201.68792724609375 344.12872314453125 279.63043212890625
pottedplant 0.0745370164513588 110.21390533447266 183.61911010742188 124.35789489746094 208.66961669921875
tvmonitor 0.07301128655672073 124.3702621459961 180.44827270507812 209.46780395507812 211.22900390625
person 0.06542888283729553 436.494873046875 216.33840942382812 450.00738525390625 238.4864501953125
pottedplant 0.06342386454343796 12.876969337463379 50.89079666137695 148.79306030273438 251.8700714111328
pottedplant 0.06004726514220238 204.00352478027344 216.59762573242188 234.67494201660156 278.5333251953125
pottedplant 0.052317023277282715 167.60826110839844 200.12156677246094 283.1685485839844 268.3826904296875
car 0.0500233992934227 420.7244567871094 233.22216796875 462.3254089355469 256.2479248046875
