person 0.9422669410705566 323.49847412109375 218.0495147705078 362.305908203125 290.2060546875
car 0.9126523733139038 161.64491271972656 265.3631591796875 499.06689453125 375.0
car 0.8070918917655945 0.2288174331188202 254.0050506591797 106.42281341552734 334.7628173828125
tvmonitor 0.5196347236633301 162.9846649169922 201.90713500976562 231.30577087402344 264.26910400390625
tvmonitor 0.3034155070781708 251.10946655273438 217.2726593017578 290.1698913574219 254.09786987304688
tvmonitor 0.2099224328994751 451.0369873046875 229.41310119628906 471.580078125 250.18429565429688
tvmonitor 0.15282827615737915 103.08016204833984 216.15841674804688 135.6878662109375 252.5428924560547
car 0.12851263582706451 366.84442138671875 243.37509155273438 420.7345886230469 266.6772766113281
tvmonitor 0.121217280626297 45.72439956665039 175.37120056152344 83.5807876586914 202.94032287597656
tvmonitor 0.10656633228063583 325.5977783203125 214.8376922607422 371.6816711425781 246.47203063964844
tvmonitor 0.09743830561637878 231.62254333496094 205.3069305419922 297.17987060546875 260.0943908691406
pottedplant 0.056461840867996216 406.6563415527344 217.261962890625 432.193603515625 238.95941162109375
bus 0.053230684250593185 113.36064147949219 268.1315002441406 171.7313232421875 339.81317138671875
car 0.051612235605716705 250.88987731933594 264.1513977050781 489.74530029296875 340.4433898925781
