sofa 0.9790863394737244 102.3379898071289 176.78834533691406 329.9245910644531 276.1517639160156
pottedplant 0.8036913275718689 69.27812194824219 89.63101196289062 161.7672119140625 201.7532501220703
chair 0.7325446009635925 135.5024871826172 158.44815063476562 174.30435180664062 197.35963439941406
bottle 0.5734394192695618 0.9522098302841187 246.71041870117188 26.387636184692383 294.8350524902344
chair 0.29376494884490967 41.490543365478516 173.1361846923828 95.43717956542969 239.07867431640625
chair 0.2778526544570923 39.68870544433594 140.4878692626953 98.00738525390625 212.597412109375
chair 0.2728060483932495 135.6079559326172 156.7807159423828 159.31765747070312 172.17959594726562
diningtable 0.22134290635585785 20.18170928955078 261.2569885253906 497.786376953125 371.9622802734375
pottedplant 0.19449904561042786 107.91608428955078 116.9250259399414 139.34263610839844 200.25143432617188
diningtable 0.15286590158939362 139.5410919189453 166.45877075195312 237.32928466796875 192.77793884277344
chair 0.14507269859313965 164.705078125 172.07090759277344 202.29537963867188 192.8697052001953
chair 0.13442547619342804 39.88557052612305 169.97988891601562 63.19257354736328 226.38079833984375
diningtable 0.11657083034515381 158.0944366455078 170.29798889160156 224.27980041503906 188.3686065673828
sofa 0.09715815633535385 38.34549331665039 140.29763793945312 97.15901184082031 212.94332885742188
chair 0.09262493997812271 135.39967346191406 160.36314392089844 154.68646240234375 193.9152374267578
chair 0.09102243185043335 39.59385681152344 139.31500244140625 71.26141357421875 205.9247589111328
pottedplant 0.08075490593910217 98.68450164794922 93.36038970947266 131.62232971191406 137.32044982910156
chair 0.07486502826213837 136.7077178955078 233.0468292236328 249.3226318359375 280.0349426269531
chair 0.07284369319677353 214.6121368408203 178.89407348632812 232.60479736328125 185.3212432861328
tvmonitor 0.06852107495069504 39.93244552612305 141.7839813232422 95.1703109741211 211.24935913085938
pottedplant 0.065925233066082 233.35865783691406 151.31680297851562 255.7938232421875 181.59202575683594
diningtable 0.06580797582864761 164.52798461914062 157.67721557617188 216.48269653320312 174.4166259765625
chair 0.059060852974653244 173.48321533203125 173.2139892578125 197.31507873535156 188.18931579589844
diningtable 0.05845274031162262 172.25367736816406 171.6083221435547 205.68048095703125 186.22975158691406
sofa 0.05671301111578941 0.0 235.43263244628906 456.0848388671875 370.2872314453125
chair 0.05635703727602959 188.31039428710938 173.73716735839844 228.54429626464844 187.55490112304688
