person 0.9845653176307678 203.91883850097656 81.24775695800781 492.9385986328125 374.0344543457031
bottle 0.974624514579773 127.30245208740234 104.25433349609375 226.9608917236328 345.65966796875
diningtable 0.5872572064399719 6.461324214935303 220.51104736328125 244.41220092773438 375.0
person 0.4723338186740875 89.00897216796875 202.89144897460938 123.60664367675781 247.50732421875
person 0.33723893761634827 73.08295440673828 210.78433227539062 110.50029754638672 254.6014862060547
chair 0.17596963047981262 0.9829260110855103 193.89988708496094 25.151681900024414 250.04347229003906
person 0.15442875027656555 71.6499252319336 209.32586669921875 95.86530303955078 238.23422241210938
tvmonitor 0.1179533526301384 0.06163277104496956 194.2575225830078 25.730350494384766 256.22039794921875
person 0.0730835497379303 123.56227111816406 96.938720703125 264.0228576660156 373.0767517089844
person 0.06968092173337936 81.22457122802734 202.68487548828125 109.9646987915039 233.4339599609375
bottle 0.0696103572845459 199.7507781982422 119.47160339355469 216.77174377441406 176.32907104492188
person 0.06560830771923065 89.06555938720703 203.38848876953125 103.98705291748047 224.6592559814453
car 0.06081446632742882 0.0 189.36770629882812 25.17678451538086 255.07107543945312
tvmonitor 0.051183465868234634 45.39262390136719 176.41854858398438 139.92396545410156 273.0568542480469
