cow 0.8928489685058594 8.729015350341797 0.0 412.4844055175781 446.0
sheep 0.8501584529876709 379.0444641113281 175.1666717529297 497.60943603515625 435.5016784667969
sheep 0.5977057814598083 276.7855529785156 192.90994262695312 499.910888671875 424.6815185546875
dog 0.2443743795156479 0.7195643186569214 4.882395267486572 435.4808654785156 424.1689758300781
person 0.22020743787288666 56.88724136352539 1.8688619136810303 170.09788513183594 100.26444244384766
dog 0.179245263338089 295.6058654785156 145.7750244140625 500.0 418.5300598144531
horse 0.13969933986663818 0.0 30.828025817871094 402.5467529296875 446.0
person 0.1107504665851593 20.772899627685547 1.8287184238433838 369.32037353515625 272.03546142578125
cat 0.08335310220718384 8.646693229675293 6.654441833496094 365.13189697265625 298.4705810546875
cat 0.08235844224691391 101.33360290527344 7.082757949829102 451.0141906738281 437.72821044921875
cow 0.07931827753782272 297.2180480957031 159.02365112304688 499.1198425292969 428.24456787109375
sheep 0.06838417053222656 1.7213821411132812 8.377114295959473 417.1703186035156 446.0
person 0.05392256751656532 9.95737361907959 4.548598289489746 178.5615234375 210.53216552734375
