dog 0.9982452392578125 29.606603622436523 204.57627868652344 398.6158447265625 367.26788330078125
dog 0.9947049021720886 73.6057357788086 149.56063842773438 464.6915588378906 254.9552001953125
dog 0.9781472086906433 126.6606674194336 60.56984329223633 292.2519836425781 158.2939910888672
dog 0.8967587947845459 54.83720397949219 62.957340240478516 224.5482635498047 138.316162109375
dog 0.862860381603241 41.25949478149414 128.84288024902344 446.3517150878906 331.49261474609375
sofa 0.42020776867866516 0.0 0.0 500.0 375.0
chair 0.3561079204082489 398.1557312011719 0.17661452293395996 458.7690124511719 77.02859497070312
dog 0.2985461950302124 31.404735565185547 42.38510513305664 361.1617736816406 204.24879455566406
chair 0.20590615272521973 403.6231994628906 0.015832185745239258 439.7801208496094 46.61914825439453
chair 0.19401510059833527 423.3821105957031 0.9240388870239258 500.0 158.88262939453125
dog 0.18530932068824768 10.102892875671387 52.45083236694336 328.17071533203125 316.54248046875
dog 0.17569223046302795 293.0335693359375 149.91659545898438 458.6958312988281 238.40985107421875
cow 0.1483559012413025 77.15758514404297 154.59719848632812 371.3116760253906 238.21824645996094
dog 0.13050556182861328 84.10662078857422 67.8135757446289 448.9880676269531 237.05409240722656
person 0.10585960000753403 0.0 97.72559356689453 79.3421859741211 352.5865478515625
sheep 0.09502556174993515 79.40804290771484 156.19668579101562 362.85882568359375 239.69546508789062
person 0.052335064858198166 12.334627151489258 0.0 475.38116455078125 346.2438049316406
