tvmonitor 0.9638193249702454 119.6863784790039 49.65189743041992 243.3758544921875 151.23399353027344
chair 0.8967153429985046 100.47064971923828 198.30381774902344 258.0791320800781 375.0
chair 0.7054628729820251 419.486083984375 95.46615600585938 500.0 361.2422180175781
diningtable 0.5054206252098083 56.57319259643555 138.11972045898438 442.70758056640625 373.478271484375
chair 0.39308297634124756 416.22698974609375 84.5523681640625 500.0 223.42221069335938
bottle 0.3814622759819031 363.21527099609375 153.28208923339844 386.2101745605469 194.44488525390625
sofa 0.3558630049228668 201.62612915039062 70.45355987548828 490.4942321777344 337.1746520996094
chair 0.3104955852031708 428.8868103027344 207.08438110351562 500.0 356.2768249511719
tvmonitor 0.2585703432559967 74.56332397460938 109.25717163085938 108.70094299316406 151.69232177734375
chair 0.21908125281333923 280.0038146972656 76.5718002319336 492.7090759277344 342.4864807128906
sofa 0.10368072986602783 336.4224548339844 76.25695037841797 486.3574523925781 350.8299560546875
sofa 0.1026633158326149 424.8699951171875 202.30825805664062 498.47161865234375 353.8297424316406
sofa 0.09528043866157532 411.6374816894531 80.44343566894531 499.5743713378906 329.8445739746094
pottedplant 0.05331497639417648 3.8621127605438232 28.49945068359375 66.68692779541016 315.2022399902344
sofa 0.05085587501525879 28.733102798461914 102.22559356689453 460.0654296875 354.0433349609375
