dog 0.9862717390060425 80.01354217529297 40.61608123779297 448.37176513671875 327.0165710449219
sofa 0.603538990020752 362.0547180175781 0.0 500.0 98.38775634765625
sheep 0.308957040309906 1.650522232055664 73.00103759765625 51.53275680541992 187.06060791015625
cat 0.3077530860900879 118.43806457519531 37.086524963378906 431.8146057128906 345.1059875488281
person 0.13994717597961426 444.9377136230469 12.913069725036621 498.7688293457031 288.768310546875
chair 0.13653071224689484 441.9166259765625 11.535801887512207 500.0 285.0877685546875
sofa 0.12390938401222229 351.3661804199219 7.081410884857178 500.0 201.22604370117188
chair 0.09586281329393387 348.65972900390625 8.694791793823242 500.0 205.44741821289062
chair 0.08580270409584045 352.0970764160156 0.0 500.0 92.61031341552734
dog 0.05280091613531113 60.13371658325195 109.38810729980469 331.177490234375 364.1039123535156
