person 0.9803968667984009 179.8291015625 73.2938003540039 328.2032165527344 375.0
person 0.9752947688102722 104.29842376708984 65.34010314941406 227.7724609375 375.0
person 0.9483896493911743 308.6731872558594 60.83192825317383 416.8061828613281 375.0
car 0.7705850601196289 75.98760986328125 148.84814453125 115.23772430419922 220.0128173828125
car 0.7472711205482483 15.744035720825195 145.463623046875 37.805419921875 161.00375366210938
car 0.5641574859619141 0.17238692939281464 142.09872436523438 18.505373001098633 163.78135681152344
car 0.44615787267684937 0.3239835798740387 181.91427612304688 18.170921325683594 302.8681335449219
bus 0.3663170039653778 52.514060974121094 120.74296569824219 75.94623565673828 157.1210479736328
car 0.2750237286090851 0.047595035284757614 148.2827606201172 3.643789768218994 165.1970672607422
pottedplant 0.2698918581008911 410.3532409667969 170.8642578125 482.57366943359375 246.39990234375
car 0.2594965398311615 34.04764175415039 138.9384307861328 52.26531982421875 155.0232391357422
car 0.21926474571228027 51.95878982543945 147.31874084472656 66.00264739990234 157.07437133789062
person 0.17751581966876984 230.01072692871094 73.50431823730469 301.0166320800781 152.8141632080078
pottedplant 0.1738240122795105 259.83599853515625 141.19483947753906 313.79132080078125 232.98753356933594
car 0.12122045457363129 65.83456420898438 146.88565063476562 75.0179672241211 155.85972595214844
car 0.11516278237104416 27.5768985748291 145.4664306640625 38.554595947265625 159.74258422851562
bus 0.10837384313344955 33.61568069458008 138.31597900390625 51.70611572265625 154.22323608398438
car 0.10409204661846161 7.996158599853516 144.33624267578125 18.021469116210938 162.96267700195312
bicycle 0.10231392085552216 26.797813415527344 176.78143310546875 319.86065673828125 372.4477233886719
bicycle 0.08944959938526154 24.9982852935791 276.2574462890625 200.46141052246094 372.4350280761719
person 0.06128132715821266 433.57818603515625 162.6576690673828 452.2062072753906 182.66452026367188
cow 0.05617177113890648 227.4361114501953 98.73178100585938 296.0648193359375 144.5106658935547
person 0.05158509314060211 217.8224334716797 74.9725570678711 313.9477233886719 262.4123229980469
