person 0.9893883466720581 42.61439895629883 6.815781116485596 202.12379455566406 377.0
tvmonitor 0.912502110004425 183.11630249023438 191.2906494140625 232.2268524169922 246.81597900390625
sofa 0.8878087997436523 291.05987548828125 197.7965545654297 467.3880310058594 348.6396179199219
tvmonitor 0.8578017354011536 431.4272766113281 186.8379364013672 498.10601806640625 300.1903076171875
tvmonitor 0.44762489199638367 211.91854858398438 143.515869140625 263.7834777832031 229.82264709472656
chair 0.27955910563468933 184.51681518554688 244.4166717529297 329.1446533203125 375.2599792480469
tvmonitor 0.24982552230358124 156.9676513671875 137.2955322265625 264.606689453125 233.86158752441406
tvmonitor 0.07914333045482635 444.35302734375 213.01486206054688 500.0 368.7680358886719
person 0.0706917941570282 451.404296875 218.0240478515625 498.59344482421875 377.0
chair 0.0630061998963356 410.2359924316406 208.0237274169922 454.323974609375 241.4868621826172
