bus 0.9966742992401123 103.0572738647461 30.546096801757812 436.7822570800781 311.2874755859375
car 0.9743503332138062 0.0 190.67820739746094 147.12161254882812 330.28466796875
person 0.949877142906189 437.1527404785156 208.42138671875 466.95538330078125 289.71539306640625
person 0.8097195625305176 479.80072021484375 206.22747802734375 498.61419677734375 256.06396484375
person 0.7771530747413635 466.61083984375 210.4820556640625 483.6988830566406 255.9691162109375
aeroplane 0.4815097749233246 449.63262939453125 17.75486183166504 490.3442077636719 81.74211120605469
person 0.3518962264060974 456.3871765136719 204.82305908203125 470.9616394042969 252.07508850097656
car 0.3348523676395416 413.3145751953125 327.9068603515625 500.0 375.0
person 0.3069896697998047 454.39166259765625 205.58033752441406 467.4887390136719 229.8115997314453
boat 0.22826668620109558 445.315185546875 16.717432022094727 496.1834716796875 83.708740234375
person 0.1617194265127182 472.1893310546875 207.6177520751953 491.98236083984375 256.7708740234375
person 0.12128835171461105 58.7585334777832 207.39198303222656 85.79936981201172 231.49122619628906
car 0.08417462557554245 437.55908203125 189.2810821533203 453.6768798828125 206.4296875
person 0.08053134381771088 458.16839599609375 206.03445434570312 469.89739990234375 225.27093505859375
