cow 0.7239358425140381 4.865821838378906 3.889460563659668 174.8314666748047 375.0
cow 0.6325002312660217 115.21922302246094 0.0 455.1897888183594 344.0244445800781
sheep 0.4764019846916199 120.40760803222656 0.0 458.97344970703125 329.96514892578125
horse 0.320272296667099 2.9049816131591797 0.0 160.9683837890625 372.74139404296875
horse 0.2350197583436966 125.29679107666016 0.0 361.8934631347656 333.76922607421875
dog 0.23185452818870544 135.75303649902344 6.549067497253418 383.2791748046875 335.958984375
sheep 0.16956304013729095 1.0994845628738403 0.0 153.0519561767578 375.0
person 0.13446910679340363 0.7277268767356873 3.313422203063965 162.33502197265625 375.0
horse 0.13079701364040375 40.886268615722656 1.6188812255859375 273.798095703125 358.5257263183594
cow 0.12625274062156677 31.938020706176758 6.878657341003418 283.4005126953125 350.54632568359375
sheep 0.12422853708267212 288.5603332519531 162.8237762451172 393.889892578125 231.0498809814453
bird 0.06660697609186172 133.4877166748047 3.6370038986206055 411.06097412109375 319.14434814453125
cat 0.06301059573888779 137.77566528320312 0.46586036682128906 381.2033386230469 336.0955505371094
sheep 0.057753633707761765 65.31045532226562 3.7313318252563477 329.42950439453125 369.48675537109375
sheep 0.050205085426568985 392.68072509765625 90.8016357421875 468.58233642578125 116.12083435058594
