person 0.9864112734794617 315.779296875 61.543880462646484 470.0286560058594 375.0
person 0.9740346074104309 1.294878602027893 145.43051147460938 150.59202575683594 375.0
bottle 0.919899046421051 365.24365234375 5.669312000274658 387.3157043457031 50.23562240600586
bottle 0.8062931895256042 411.69287109375 0.0 430.1239929199219 53.60316848754883
bottle 0.7309331297874451 315.53155517578125 165.90008544921875 348.9700622558594 284.94146728515625
bottle 0.546669065952301 385.52972412109375 8.29636001586914 413.73992919921875 52.184814453125
bottle 0.2900020480155945 390.0495300292969 6.385414123535156 403.1140441894531 26.875316619873047
bottle 0.28888049721717834 260.73236083984375 241.04043579101562 316.216796875 337.46405029296875
bottle 0.22981537878513336 314.7884826660156 166.2659454345703 343.71759033203125 235.12376403808594
tvmonitor 0.08149801194667816 356.5006103515625 101.03226470947266 465.51324462890625 145.38510131835938
bottle 0.07964381575584412 423.3572998046875 6.914162635803223 435.7613830566406 24.935049057006836
person 0.061004944145679474 455.113525390625 86.47764587402344 464.6816711425781 118.00929260253906
