bird 0.9688138961791992 19.833229064941406 113.19349670410156 251.29995727539062 322.0370788574219
bird 0.9526915550231934 192.77920532226562 88.06270599365234 392.01495361328125 274.2750549316406
bird 0.8927797079086304 305.59454345703125 57.76492691040039 457.7722473144531 231.7147674560547
sheep 0.5531538724899292 25.0789794921875 138.75743103027344 235.90481567382812 328.0840759277344
pottedplant 0.47819313406944275 0.6609454154968262 0.0 168.32888793945312 255.00035095214844
pottedplant 0.43321874737739563 7.167247295379639 87.66548919677734 210.2815704345703 320.7061767578125
bird 0.16860006749629974 286.652099609375 88.83580780029297 381.74053955078125 134.26901245117188
sheep 0.16747477650642395 191.64096069335938 97.49983978271484 383.777587890625 281.10430908203125
bird 0.1651034951210022 275.8642272949219 86.43840026855469 404.7798156738281 240.42861938476562
sheep 0.11075868457555771 304.3313293457031 71.89115142822266 450.8740234375 234.71707153320312
bird 0.10206715017557144 10.155341148376465 117.15542602539062 185.8263397216797 253.06739807128906
sheep 0.10106433182954788 288.3966979980469 90.6932601928711 380.1576843261719 135.52401733398438
bottle 0.09015566110610962 94.59320831298828 5.33556604385376 218.162109375 83.7732925415039
chair 0.0816722959280014 89.31745147705078 3.9870331287384033 211.35336303710938 77.84111785888672
pottedplant 0.07663311809301376 0.0 95.94689178466797 91.76447296142578 256.77392578125
pottedplant 0.07418926805257797 95.33519744873047 0.0 490.1087341308594 170.03668212890625
