bus 0.9961274266242981 8.685944557189941 75.5757064819336 491.0774230957031 261.92327880859375
bus 0.948971688747406 0.3616313338279724 104.49803161621094 16.95427131652832 193.3129425048828
person 0.7841776609420776 399.8343505859375 134.7782745361328 416.63031005859375 206.83724975585938
person 0.5879719853401184 399.55670166015625 131.11875915527344 439.3634033203125 206.0413818359375
person 0.5391836166381836 197.1427001953125 122.3649673461914 215.28001403808594 145.86376953125
person 0.4047064781188965 425.3056945800781 134.83554077148438 442.45904541015625 206.3759307861328
bus 0.37949439883232117 0.06746608763933182 109.21849060058594 2.454660177230835 187.22789001464844
person 0.35624492168426514 226.99832153320312 124.63634490966797 247.95057678222656 146.73768615722656
person 0.3169543743133545 330.9880065917969 126.14976501464844 367.7940368652344 157.9424285888672
person 0.2033127397298813 326.57952880859375 123.48629760742188 350.74365234375 153.0201873779297
bus 0.15241773426532745 1.9529765844345093 108.99967956542969 55.75728988647461 197.50001525878906
person 0.10890606790781021 360.6144714355469 128.1477813720703 374.575439453125 158.71681213378906
person 0.07716023921966553 422.70599365234375 127.52965545654297 439.9034729003906 185.2252655029297
person 0.06321298331022263 297.6247253417969 118.99810791015625 322.7257385253906 147.78753662109375
