pottedplant 0.4843462407588959 16.326169967651367 104.4379653930664 203.50930786132812 416.00079345703125
pottedplant 0.34171128273010254 110.60681915283203 274.50927734375 174.66738891601562 425.6505432128906
pottedplant 0.1567503809928894 48.677520751953125 285.6980285644531 109.25283813476562 403.16705322265625
pottedplant 0.11785061657428741 64.04837036132812 34.30903625488281 92.87416076660156 73.5064468383789
tvmonitor 0.11573566496372223 252.1546630859375 72.24444580078125 370.5965576171875 420.222412109375
pottedplant 0.09906433522701263 62.77769470214844 282.8252258300781 144.7144317626953 415.6600036621094
person 0.0656750351190567 153.12832641601562 131.1547088623047 202.55284118652344 178.6107940673828
bird 0.06227701157331467 342.6017761230469 5.167361736297607 351.63385009765625 20.476404190063477
pottedplant 0.05784481763839722 26.679615020751953 220.88864135742188 118.16678619384766 405.9786682128906
pottedplant 0.05763522535562515 83.67353820800781 359.40142822265625 110.01700592041016 403.32012939453125
