person 0.9800859689712524 94.06907653808594 62.03472137451172 244.0369873046875 428.1572265625
person 0.9793233871459961 1.8461602926254272 96.24446868896484 124.23686218261719 453.2259216308594
diningtable 0.576851487159729 0.0 389.1995544433594 301.0 497.5024719238281
bird 0.4640219509601593 190.42239379882812 4.331939220428467 233.8264923095703 61.378421783447266
bird 0.3665911853313446 105.54356384277344 1.8116308450698853 220.33706665039062 87.57361602783203
pottedplant 0.31822168827056885 29.558931350708008 350.4023742675781 109.5099105834961 455.4649353027344
bottle 0.2703893482685089 0.6612657308578491 272.2331848144531 15.200057983398438 435.4581298828125
bottle 0.26911577582359314 0.38463130593299866 309.4051208496094 15.495694160461426 371.8031311035156
person 0.20076479017734528 6.634069919586182 82.10749816894531 225.47332763671875 383.7725830078125
diningtable 0.17007344961166382 22.763824462890625 271.6535949707031 301.0 500.0
person 0.13279171288013458 0.5683586001396179 131.547119140625 23.964500427246094 461.5744323730469
pottedplant 0.11312391608953476 132.08657836914062 249.174560546875 301.0 499.32904052734375
person 0.08820564299821854 234.80233764648438 211.92445373535156 251.98252868652344 302.48040771484375
pottedplant 0.08775348216295242 164.18087768554688 260.0859069824219 291.2596740722656 418.57861328125
bird 0.07708051055669785 57.350521087646484 0.0 108.75138092041016 33.75338363647461
diningtable 0.07011112570762634 9.629246711730957 413.98431396484375 206.03155517578125 495.63623046875
person 0.06141408532857895 0.27982574701309204 157.1721954345703 18.5524959564209 215.46908569335938
chair 0.0605931393802166 201.0861053466797 256.64892578125 240.1915283203125 302.1761474609375
person 0.05683955177664757 218.20770263671875 33.589385986328125 298.7033386230469 342.6330261230469
