person 0.985567569732666 81.1965560913086 305.45477294921875 147.66229248046875 489.5048828125
person 0.9680753350257874 210.85569763183594 348.0447082519531 227.08090209960938 394.2928771972656
person 0.9117088913917542 10.222084045410156 302.5790710449219 58.3950080871582 464.9039611816406
person 0.8649479150772095 190.38160705566406 354.09130859375 206.564697265625 394.2247314453125
person 0.8299769163131714 2.225226879119873 296.8182067871094 38.887325286865234 477.8153991699219
person 0.6629108786582947 139.79769897460938 337.3460693359375 153.98948669433594 379.6345520019531
person 0.6174888610839844 180.19578552246094 333.75433349609375 194.0594940185547 365.6531066894531
person 0.5954747200012207 152.294189453125 331.50921630859375 168.00897216796875 376.3401794433594
person 0.4834006726741791 164.34121704101562 330.0574035644531 177.6407470703125 366.9467468261719
tvmonitor 0.31515663862228394 339.6965026855469 16.499582290649414 374.3691101074219 166.07574462890625
pottedplant 0.23098470270633698 43.554866790771484 128.86203002929688 104.8197250366211 410.068359375
pottedplant 0.1687920242547989 46.70320129394531 136.79449462890625 92.97123718261719 283.68804931640625
person 0.098741814494133 0.5542275309562683 293.829833984375 23.47762680053711 412.4031677246094
person 0.0905059427022934 176.3040008544922 332.89349365234375 187.69430541992188 361.4954833984375
pottedplant 0.08199074864387512 290.74981689453125 230.95834350585938 340.1951599121094 275.3235778808594
pottedplant 0.08024253696203232 42.79831314086914 266.1712341308594 103.73421478271484 400.0158386230469
person 0.06789085268974304 12.44969654083252 304.0077209472656 38.877525329589844 338.3423156738281
person 0.06420214474201202 188.8782196044922 333.8266296386719 197.81674194335938 360.72607421875
