chair 0.916763186454773 6.9527082443237305 33.109493255615234 178.53587341308594 271.3569641113281
chair 0.900680422782898 175.18995666503906 6.332505702972412 314.34869384765625 275.59722900390625
chair 0.8530899882316589 318.8639831542969 34.73027038574219 497.5897521972656 274.8310241699219
chair 0.821227490901947 325.6535949707031 3.7167723178863525 419.8904724121094 121.30329895019531
diningtable 0.7996141314506531 100.8908462524414 0.0 262.5596923828125 138.3412628173828
chair 0.7807058691978455 107.19385528564453 2.9320013523101807 195.1040802001953 176.5616912841797
diningtable 0.7210215330123901 80.73527526855469 0.0 339.39178466796875 264.0212097167969
chair 0.6769739389419556 105.5201187133789 7.872128009796143 187.51025390625 92.71050262451172
diningtable 0.4329438805580139 258.30279541015625 0.0 496.0833740234375 265.5999755859375
chair 0.36846113204956055 327.48333740234375 31.51274871826172 450.3305969238281 208.9687042236328
chair 0.23703286051750183 16.888172149658203 1.1155608892440796 113.73783111572266 39.57937240600586
diningtable 0.180665984749794 131.48397827148438 0.0 255.515380859375 88.8052749633789
diningtable 0.1756177544593811 206.99563598632812 1.635237693786621 443.75531005859375 195.80154418945312
chair 0.1657046228647232 133.1416473388672 0.0 261.0734558105469 163.68626403808594
chair 0.14230291545391083 177.09133911132812 2.9383842945098877 248.9275665283203 75.13379669189453
diningtable 0.1381523609161377 52.45037841796875 1.6756091117858887 257.7456970214844 46.190670013427734
diningtable 0.13809338212013245 289.1158752441406 4.1779303550720215 461.2484130859375 112.26437377929688
chair 0.12847360968589783 0.07562001049518585 3.6016273498535156 36.67953109741211 122.37863159179688
chair 0.08148094266653061 82.29987335205078 22.667421340942383 173.588134765625 116.33563995361328
chair 0.06975237280130386 66.91777038574219 28.192893981933594 181.51473999023438 195.6774444580078
diningtable 0.06853684037923813 64.34759521484375 1.204574465751648 325.5048522949219 99.81487274169922
diningtable 0.05232488736510277 253.1085662841797 0.0 384.9024658203125 123.2350082397461
