person 0.9869967699050903 138.4524688720703 56.161006927490234 417.93402099609375 375.0
person 0.878627598285675 1.0502549409866333 137.74880981445312 100.20374298095703 375.0
person 0.693175196647644 0.5265284180641174 140.465576171875 51.51885986328125 269.7052307128906
bottle 0.3546803295612335 34.12934875488281 339.6988830566406 106.00883483886719 375.0
sofa 0.22612136602401733 28.31122398376465 102.84546661376953 480.4001159667969 375.0
person 0.19168467819690704 9.96481990814209 341.02899169921875 108.3814468383789 375.0
cat 0.10181988775730133 0.0 341.0625 110.97929382324219 375.0
bottle 0.08256953209638596 78.74209594726562 342.00189208984375 108.73316192626953 369.7273864746094
bottle 0.07734241336584091 88.78865051269531 341.8062438964844 109.03580474853516 362.05645751953125
person 0.0595792680978775 43.210960388183594 65.66654205322266 323.7884826660156 375.0
