aeroplane 0.9986773133277893 0.0 85.9588623046875 500.0 364.41265869140625
person 0.980541467666626 186.45338439941406 198.84518432617188 223.35543823242188 318.9171142578125
person 0.8207337260246277 302.82855224609375 311.7689514160156 319.8258056640625 344.2293395996094
person 0.3985387980937958 279.4666442871094 314.3074951171875 292.865478515625 342.4403991699219
car 0.29098519682884216 204.32505798339844 310.4079895019531 278.6890563964844 346.9640808105469
bicycle 0.12867587804794312 317.408203125 310.8365478515625 334.9499816894531 350.7238464355469
person 0.126316636800766 266.8106689453125 317.5908508300781 278.27044677734375 342.258544921875
aeroplane 0.08389405906200409 0.0 83.90426635742188 378.60162353515625 258.2252502441406
boat 0.08379285782575607 66.93435668945312 325.7626953125 159.7831573486328 343.10260009765625
person 0.08077745139598846 318.0130310058594 311.45819091796875 333.10858154296875 345.6740417480469
aeroplane 0.07544689625501633 0.0 130.7843017578125 295.4053039550781 360.9470520019531
boat 0.0530121736228466 61.0567512512207 227.93197631835938 281.9313659667969 348.2826843261719
