person 0.9935552477836609 66.16197967529297 158.37278747558594 189.5620880126953 456.16571044921875
person 0.9906982779502869 136.4698486328125 61.371150970458984 247.2439422607422 402.4803161621094
tvmonitor 0.8892726898193359 56.02778625488281 148.7657012939453 148.7333221435547 247.7610321044922
person 0.751193106174469 91.38433837890625 105.41641998291016 227.80755615234375 430.60321044921875
person 0.6534041166305542 317.7609558105469 1.605994701385498 358.75469970703125 110.6410140991211
chair 0.4049244821071625 66.20646667480469 230.92703247070312 194.92630004882812 449.35400390625
bottle 0.35334381461143494 319.88409423828125 237.5400390625 373.4255065917969 350.8484191894531
bottle 0.24874773621559143 319.31329345703125 279.1753845214844 362.9103698730469 354.15032958984375
person 0.20010992884635925 228.30447387695312 178.93984985351562 295.04925537109375 393.67779541015625
person 0.19271989166736603 72.76714324951172 164.15087890625 191.71774291992188 317.581298828125
diningtable 0.14479583501815796 0.09166717529296875 234.80447387695312 277.4226379394531 404.24432373046875
sofa 0.10317783802747726 0.0 208.9647216796875 281.25653076171875 399.4625549316406
chair 0.08485937863588333 99.22457885742188 334.0469055175781 191.89437866210938 417.98760986328125
tvmonitor 0.0758545845746994 77.62942504882812 122.54756164550781 142.51222229003906 151.8394317626953
person 0.06284589320421219 4.2186713218688965 448.29180908203125 131.48179626464844 498.75555419921875
