diningtable 0.9883707761764526 0.0 4.315967559814453 500.0 375.0
person 0.7413020133972168 358.982177734375 2.322721481323242 498.3454284667969 86.16696166992188
pottedplant 0.4335654675960541 258.1301574707031 2.9032607078552246 330.8153076171875 52.94259262084961
person 0.3375566005706787 75.62313079833984 2.069242000579834 197.98190307617188 38.615604400634766
diningtable 0.25730133056640625 23.20638656616211 230.584228515625 500.0 372.14422607421875
bottle 0.22878731787204742 203.3623809814453 1.4194625616073608 223.81890869140625 50.66008377075195
diningtable 0.19568456709384918 206.84600830078125 62.64595413208008 500.0 251.1668243408203
chair 0.1554245948791504 0.0 0.0 87.24629211425781 155.6893310546875
pottedplant 0.12445983290672302 226.30653381347656 0.0 271.39178466796875 39.857669830322266
diningtable 0.08081232756376266 241.5911865234375 66.90972137451172 500.0 145.05477905273438
person 0.05800209939479828 9.15636157989502 1.6859865188598633 158.97726440429688 121.75150299072266
