diningtable 0.9794819951057434 53.27951431274414 255.22218322753906 386.0352783203125 374.6836853027344
person 0.9787807464599609 189.91676330566406 64.25872802734375 347.26129150390625 217.8059539794922
person 0.9466760158538818 347.33428955078125 159.46302795410156 441.9906921386719 370.8634033203125
person 0.9286404848098755 238.2908172607422 155.4739990234375 365.0387268066406 277.16448974609375
person 0.9065521359443665 7.709689617156982 186.4621124267578 146.17811584472656 367.8755187988281
person 0.8766393065452576 130.31028747558594 163.54591369628906 239.99301147460938 272.0304870605469
diningtable 0.8519489765167236 437.8858337402344 213.01268005371094 500.0 357.69073486328125
bottle 0.7826833724975586 481.9045715332031 202.02426147460938 494.4598388671875 235.1699981689453
diningtable 0.7373160123825073 375.370849609375 215.0115966796875 500.0 372.24591064453125
bottle 0.7052369117736816 178.57798767089844 233.0540771484375 195.50367736816406 265.22698974609375
diningtable 0.6611986756324768 436.125 216.40707397460938 500.0 256.96905517578125
bottle 0.604228675365448 198.62594604492188 245.5810546875 215.8745574951172 285.1031188964844
chair 0.6033585071563721 376.1073913574219 242.1896514892578 472.7108154296875 373.9853210449219
person 0.5822176337242126 130.14898681640625 107.62812805175781 170.09300231933594 163.6585693359375
person 0.5405733585357666 408.57684326171875 111.8814926147461 443.1212463378906 173.99945068359375
person 0.5298629403114319 155.9114227294922 120.2958984375 193.8583984375 182.8260498046875
diningtable 0.49094468355178833 218.2869873046875 215.98678588867188 500.0 370.47088623046875
person 0.42398974299430847 135.6896209716797 107.87892150878906 173.96524047851562 212.7473907470703
person 0.4217210114002228 394.6865539550781 151.61416625976562 448.04815673828125 231.72134399414062
chair 0.3577446937561035 381.4296569824219 294.6288757324219 456.7035827636719 373.3426208496094
chair 0.24610383808612823 86.70995330810547 168.452880859375 116.15742492675781 215.29449462890625
person 0.2377689629793167 190.35818481445312 111.01971435546875 212.6864013671875 147.38925170898438
person 0.21389555931091309 305.96832275390625 114.94435119628906 339.6197814941406 199.2089080810547
bottle 0.18489587306976318 228.99740600585938 238.5168914794922 243.8645782470703 274.0360412597656
bottle 0.1839032769203186 170.84959411621094 259.7582702636719 191.09579467773438 307.1515808105469
person 0.16481901705265045 253.23739624023438 156.3917236328125 426.8074645996094 375.0
chair 0.1492374837398529 421.89752197265625 230.44061279296875 474.1108093261719 372.9309997558594
chair 0.14732787013053894 16.046875 230.14108276367188 37.171348571777344 295.3744812011719
bottle 0.14591577649116516 176.2598419189453 253.42237854003906 195.40350341796875 298.2723388671875
bottle 0.09684911370277405 241.41664123535156 261.16741943359375 257.9334716796875 284.79278564453125
pottedplant 0.08528619259595871 0.0 131.00778198242188 46.504981994628906 277.6321105957031
chair 0.08257687836885452 111.08094024658203 160.0756378173828 146.4540252685547 227.5184783935547
bottle 0.07965699583292007 219.50457763671875 248.77297973632812 237.8272247314453 283.212158203125
person 0.07832083106040955 422.22540283203125 77.90117645263672 454.32257080078125 159.7513427734375
person 0.07022944837808609 395.760986328125 152.23680114746094 423.95538330078125 191.1770477294922
