tvmonitor 0.930374801158905 172.2826690673828 122.43437194824219 294.4872741699219 222.20828247070312
tvmonitor 0.9287904500961304 0.6300047636032104 178.3261260986328 84.80622863769531 285.2194519042969
chair 0.8221659064292908 77.93806457519531 231.13233947753906 291.8690185546875 374.8447265625
person 0.5777972936630249 319.8273620605469 183.32191467285156 339.2583923339844 207.49896240234375
bottle 0.560259997844696 348.083984375 226.86581420898438 365.1243591308594 257.2650451660156
person 0.5539380311965942 370.3921203613281 124.57068634033203 390.72454833984375 141.03741455078125
chair 0.4504260718822479 196.83570861816406 270.0950622558594 290.2605285644531 371.76513671875
bottle 0.31544432044029236 417.1241149902344 248.50181579589844 427.1185302734375 275.5971374511719
person 0.13674819469451904 323.53045654296875 185.510009765625 337.44000244140625 199.34548950195312
tvmonitor 0.11790022253990173 98.19091796875 171.55418395996094 182.66024780273438 232.560546875
chair 0.09463874250650406 298.088623046875 161.67820739746094 359.50555419921875 223.69471740722656
person 0.08188337832689285 0.014815947972238064 163.46157836914062 5.22389030456543 191.59927368164062
bottle 0.08015797287225723 412.2093200683594 239.10093688964844 423.9604797363281 260.1316833496094
bottle 0.0625297874212265 328.7529296875 292.99609375 364.0418395996094 332.85015869140625
