car 0.9783481955528259 0.0 0.6993850469589233 373.07049560546875 161.04742431640625
car 0.7321564555168152 242.59146118164062 0.23711243271827698 374.0942687988281 131.70001220703125
car 0.7071208357810974 353.1106872558594 0.0 374.4816589355469 62.775062561035156
car 0.448761910200119 1.2738418579101562 0.4040197432041168 142.02481079101562 46.13221740722656
car 0.44700559973716736 0.0 0.9710229635238647 185.8206024169922 155.90480041503906
car 0.2783365249633789 262.9462585449219 2.3614659309387207 371.64373779296875 55.62446975708008
car 0.24545592069625854 272.7812194824219 1.5355677604675293 367.936279296875 29.848562240600586
car 0.15980634093284607 195.33645629882812 0.9963696002960205 361.0352783203125 33.600669860839844
car 0.13934220373630524 350.01171875 0.0 374.48358154296875 124.45372009277344
diningtable 0.11300023645162582 0.8560895919799805 97.02580261230469 375.0 480.65093994140625
car 0.11113893240690231 0.0 0.4629417955875397 147.03500366210938 90.63938903808594
car 0.09429039806127548 5.588593482971191 1.818884253501892 266.7477111816406 51.29222869873047
person 0.07858756184577942 142.8450469970703 9.270710945129395 186.82601928710938 43.527713775634766
tvmonitor 0.07228495925664902 199.66629028320312 356.1400146484375 279.2060241699219 408.0924377441406
car 0.06285624951124191 0.0 0.3089439570903778 94.74622344970703 31.657257080078125
car 0.058850862085819244 311.4242858886719 0.29871031641960144 369.55517578125 26.03724479675293
tvmonitor 0.05581216886639595 0.0 105.4846420288086 372.513671875 492.15338134765625
