boat 0.964204728603363 402.89874267578125 164.19488525390625 463.2807312011719 200.78868103027344
boat 0.9494967460632324 43.12533187866211 161.1817169189453 361.1269836425781 203.48773193359375
boat 0.2941385805606842 62.91064453125 161.07321166992188 135.82931518554688 175.29444885253906
boat 0.24798889458179474 60.87355041503906 161.05838012695312 94.78834533691406 170.44937133789062
train 0.21808187663555145 60.0908317565918 160.66302490234375 132.7178955078125 175.00494384765625
train 0.21424004435539246 60.65796661376953 161.69229125976562 93.5037612915039 170.3035888671875
boat 0.11478836089372635 48.80658721923828 161.50631713867188 128.39785766601562 198.67845153808594
boat 0.09368610382080078 92.91554260253906 161.75514221191406 132.3708953857422 174.83102416992188
boat 0.09142515808343887 358.599609375 176.29891967773438 371.12786865234375 183.29495239257812
boat 0.08287736028432846 404.2445373535156 181.5005340576172 462.81097412109375 201.7598419189453
car 0.0684608742594719 329.6610412597656 163.60874938964844 348.82757568359375 173.6303253173828
car 0.06467070430517197 144.4900665283203 165.92576599121094 159.2256317138672 174.5396270751953
