person 0.9651291370391846 109.29418182373047 1.0895812511444092 146.46974182128906 110.66502380371094
bicycle 0.9510575532913208 32.65494918823242 57.18448257446289 207.9936981201172 184.83897399902344
person 0.8728078603744507 192.71206665039062 16.072261810302734 213.69757080078125 98.50120544433594
bicycle 0.869146466255188 170.606201171875 106.68518829345703 458.4729309082031 373.97369384765625
motorbike 0.5606351494789124 109.74244689941406 93.65768432617188 363.0069885253906 309.21746826171875
bicycle 0.49550989270210266 107.19584655761719 99.56714630126953 365.5218200683594 315.795654296875
motorbike 0.30792826414108276 155.34524536132812 163.67095947265625 306.87713623046875 303.0453186035156
pottedplant 0.30062806606292725 60.02332305908203 45.908973693847656 94.26277160644531 85.95179748535156
motorbike 0.1575060337781906 149.97134399414062 112.86266326904297 329.2013244628906 263.06005859375
motorbike 0.14558076858520508 178.8621063232422 98.23162078857422 459.3662414550781 368.02362060546875
bicycle 0.11610379070043564 64.46351623535156 67.3533706665039 275.4342346191406 218.94183349609375
motorbike 0.10636909306049347 162.27159118652344 191.9611358642578 276.5701904296875 258.9174499511719
car 0.08051034808158875 112.45934295654297 93.40086364746094 377.85479736328125 293.5831298828125
person 0.0801120400428772 114.47368621826172 0.0 143.75054931640625 63.094451904296875
person 0.07206407189369202 80.2090835571289 3.5094165802001953 149.1851806640625 147.66102600097656
motorbike 0.0717257633805275 168.56246948242188 187.78407287597656 362.9985656738281 367.70904541015625
bicycle 0.07145243138074875 169.6216278076172 193.5863494873047 365.0686950683594 373.4477233886719
bicycle 0.06835555285215378 121.6004409790039 172.05178833007812 286.5590515136719 308.0514221191406
bicycle 0.0549357645213604 195.4070281982422 94.92377471923828 377.5767822265625 226.4995574951172
