bird 0.9898985028266907 20.888628005981445 168.2808837890625 237.57650756835938 374.66253662109375
pottedplant 0.5676543712615967 10.22547435760498 191.93577575683594 257.72418212890625 500.0
sheep 0.5091838836669922 0.0 5.149072647094727 320.2514343261719 333.20184326171875
pottedplant 0.40090030431747437 0.011546974070370197 265.88836669921875 172.65884399414062 487.1497802734375
bird 0.36338645219802856 0.0 163.68109130859375 39.40083312988281 202.9530792236328
sheep 0.3485111594200134 2.3447914123535156 9.265921592712402 59.348358154296875 227.04107666015625
bird 0.32433995604515076 1.8623402118682861 224.21424865722656 215.02142333984375 482.7784729003906
boat 0.2609637975692749 3.0714633464813232 290.2648620605469 172.93284606933594 400.0463562011719
pottedplant 0.20410864055156708 239.95620727539062 268.6213684082031 326.9117431640625 419.6651611328125
bird 0.17463070154190063 2.0594770908355713 2.1577274799346924 319.82037353515625 407.9595947265625
bird 0.15110984444618225 0.17776654660701752 406.0485534667969 29.654884338378906 450.2339172363281
boat 0.13066081702709198 210.48622131347656 461.5309753417969 242.04800415039062 500.0
sheep 0.10860276222229004 2.930427312850952 162.88739013671875 39.01039123535156 201.4949951171875
pottedplant 0.09792111068964005 0.0 3.1933748722076416 50.352909088134766 209.88092041015625
pottedplant 0.08953586965799332 215.7205352783203 385.4688415527344 330.15380859375 500.0
tvmonitor 0.06534618884325027 1.2670676708221436 375.0111083984375 142.1090850830078 492.84027099609375
pottedplant 0.06345406919717789 42.40420913696289 317.3758544921875 313.049560546875 500.0
pottedplant 0.05811448395252228 163.377197265625 283.1034240722656 253.4462127685547 372.8836975097656
person 0.05712491273880005 50.23163604736328 280.9247131347656 160.9625701904297 366.84539794921875
chair 0.05619536340236664 1.6125367879867554 7.348256587982178 61.61154556274414 231.43240356445312
pottedplant 0.05369596183300018 173.8025665283203 271.3811950683594 327.3382263183594 500.0
