person 0.9973368048667908 142.1820831298828 85.4054946899414 320.5713195800781 373.9046325683594
chair 0.730811357498169 248.66061401367188 158.6317138671875 372.66162109375 375.0
car 0.7299936413764954 343.56756591796875 94.13949584960938 499.61846923828125 367.67474365234375
chair 0.3079196810722351 346.2176513671875 121.99397277832031 497.46734619140625 369.74139404296875
motorbike 0.24054588377475739 10.793804168701172 143.46499633789062 398.1230773925781 370.6087646484375
chair 0.2362818717956543 355.5506896972656 19.9527530670166 500.0 250.1635284423828
chair 0.20636264979839325 17.30316734313965 6.860933303833008 347.02398681640625 298.09210205078125
car 0.20564404129981995 138.60350036621094 13.172249794006348 473.4706726074219 372.1972351074219
diningtable 0.18165019154548645 0.0 271.7581481933594 316.7178039550781 373.7736511230469
boat 0.1613238900899887 10.96783447265625 41.74922180175781 445.0321044921875 370.3106994628906
chair 0.15466123819351196 12.300348281860352 198.76773071289062 108.02759552001953 278.4397277832031
car 0.13490767776966095 0.0 272.80096435546875 220.41636657714844 370.68646240234375
car 0.13466717302799225 350.8216857910156 20.20740509033203 500.0 252.27310180664062
boat 0.131720170378685 360.14654541015625 3.8803839683532715 499.2347717285156 239.56715393066406
chair 0.12341256439685822 363.8235168457031 29.653894424438477 442.98260498046875 229.4630584716797
chair 0.12289855629205704 431.7757873535156 333.62652587890625 500.0 374.6288757324219
bicycle 0.11872806400060654 3.663884401321411 18.218708038330078 430.1961364746094 361.57098388671875
car 0.11487628519535065 2.2715413570404053 234.0333709716797 343.9521179199219 370.93389892578125
chair 0.09497450292110443 30.678855895996094 175.79049682617188 380.6287536621094 367.7754211425781
motorbike 0.09304768592119217 342.1368103027344 115.03240966796875 485.3293151855469 375.0
chair 0.07832922041416168 1.3888576030731201 0.0 203.77833557128906 235.8295440673828
chair 0.07602466642856598 45.07124710083008 211.8618621826172 120.68778991699219 272.3996887207031
tvmonitor 0.07407601922750473 346.5865478515625 123.63137817382812 500.0 371.1535339355469
motorbike 0.07321231812238693 9.1272611618042 252.184326171875 347.8150939941406 375.0
chair 0.06536789983510971 1.2599236965179443 312.3095397949219 65.6156005859375 374.99072265625
person 0.05917373672127724 39.56342315673828 82.01431274414062 293.5258483886719 341.6125183105469
diningtable 0.058192797005176544 347.9565124511719 153.9998016357422 495.00091552734375 370.3271789550781
car 0.057617127895355225 12.860654830932617 150.75289916992188 403.7493896484375 364.603515625
bus 0.05472693219780922 98.69184875488281 5.274109840393066 491.7364501953125 324.31640625
