chair 0.9664360880851746 209.52626037597656 218.86016845703125 288.3994140625 371.12200927734375
chair 0.17596091330051422 109.94036102294922 202.2188720703125 141.1333770751953 308.89788818359375
person 0.17112360894680023 128.97323608398438 73.55948638916016 138.32745361328125 100.66077423095703
tvmonitor 0.1541052758693695 463.4801940917969 170.3621826171875 496.94659423828125 317.29815673828125
tvmonitor 0.12621158361434937 414.377197265625 35.85047912597656 496.7789611816406 327.59906005859375
chair 0.1157587468624115 82.22925567626953 171.42724609375 113.9266586303711 315.573974609375
chair 0.09689129889011383 98.58914184570312 306.4580383300781 139.2078399658203 345.1885070800781
tvmonitor 0.08064094185829163 111.47164154052734 207.10971069335938 140.34129333496094 285.6398010253906
pottedplant 0.05687505379319191 128.8842010498047 72.90470123291016 139.20864868164062 98.16421508789062
person 0.05217844247817993 101.0127944946289 70.8942642211914 137.589111328125 213.1881866455078
