train 0.9982498288154602 70.63314056396484 90.50187683105469 461.5210266113281 314.9480285644531
person 0.8303419947624207 445.06939697265625 201.01278686523438 455.0317077636719 229.29129028320312
person 0.8141021728515625 413.1379699707031 154.43731689453125 423.28216552734375 173.31983947753906
person 0.4298795759677887 493.8685607910156 204.03860473632812 500.0 219.26646423339844
sheep 0.3474479615688324 50.44425582885742 224.51393127441406 62.65391159057617 235.01344299316406
cow 0.22262175381183624 50.099586486816406 224.56199645996094 62.81956481933594 235.291015625
pottedplant 0.16577881574630737 283.0910949707031 112.39854431152344 328.7265930175781 153.20521545410156
dog 0.16260464489459991 104.92452239990234 9.66374397277832 230.96237182617188 127.57917022705078
train 0.08721417188644409 64.83747100830078 201.19354248046875 424.68701171875 308.1288757324219
tvmonitor 0.08253233879804611 135.17562866210938 168.42759704589844 180.2647705078125 243.55369567871094
train 0.07966247946023941 0.0 243.92982482910156 85.258544921875 290.8238830566406
sheep 0.07685459405183792 109.83185577392578 9.271398544311523 229.39974975585938 111.83686065673828
car 0.06619372963905334 50.62752151489258 224.6363525390625 61.804298400878906 234.45948791503906
sheep 0.06003956496715546 65.75714874267578 222.88096618652344 77.98684692382812 233.8362274169922
cow 0.05040082335472107 65.505615234375 222.91839599609375 78.63996887207031 235.28121948242188
