aeroplane 0.9822025299072266 242.55320739746094 82.39808654785156 455.3312683105469 195.7670135498047
person 0.9805086255073547 87.50828552246094 85.32913208007812 148.16281127929688 310.6170654296875
person 0.9796114563941956 139.11553955078125 105.19861602783203 191.2365264892578 313.20599365234375
person 0.9001032114028931 33.87196731567383 150.57412719726562 58.037967681884766 217.46340942382812
person 0.8745314478874207 298.89898681640625 171.18812561035156 312.748291015625 214.8623809814453
person 0.737072765827179 213.49989318847656 176.85768127441406 227.28988647460938 211.87062072753906
aeroplane 0.6158384084701538 19.966026306152344 73.00764465332031 460.0962219238281 209.67681884765625
person 0.5783258080482483 205.9560089111328 176.31703186035156 214.6282501220703 209.12350463867188
person 0.5069411396980286 192.0330047607422 176.25927734375 201.80862426757812 209.8878173828125
person 0.4139404296875 326.6497802734375 186.45138549804688 334.7361755371094 213.2213592529297
person 0.38084501028060913 321.528076171875 186.65098571777344 330.0489501953125 212.0157928466797
person 0.29378342628479004 316.35546875 181.1134033203125 324.1463317871094 210.00689697265625
boat 0.20995081961154938 439.9400329589844 172.6370849609375 451.6060485839844 200.71685791015625
boat 0.09849503636360168 443.7012023925781 169.55410766601562 462.9155578613281 202.76145935058594
boat 0.08978878706693649 393.00146484375 176.70797729492188 421.6826171875 209.8219757080078
boat 0.08585996925830841 9.895414352416992 190.61000061035156 67.697265625 231.27955627441406
aeroplane 0.06621770560741425 166.7618865966797 137.4615478515625 472.4080810546875 206.18099975585938
car 0.06473369896411896 17.436899185180664 145.28079223632812 91.43387603759766 212.45884704589844
person 0.058247555047273636 197.25869750976562 176.9033203125 211.84469604492188 210.08042907714844
aeroplane 0.05460064858198166 414.3264465332031 175.09828186035156 435.5916442871094 204.31753540039062
person 0.05458864942193031 322.6781921386719 178.02371215820312 335.34619140625 211.5973358154297
