person 0.9940791130065918 311.2388916015625 50.32878494262695 474.8201599121094 326.863525390625
person 0.9843924045562744 19.95049476623535 51.6846809387207 254.50074768066406 293.29901123046875
person 0.9727498888969421 81.40168762207031 49.141422271728516 254.2228546142578 179.92361450195312
motorbike 0.8974384069442749 39.00231170654297 114.20642852783203 267.44488525390625 337.5020751953125
motorbike 0.6829155683517456 304.78485107421875 102.99494934082031 469.79608154296875 355.05963134765625
person 0.6131709218025208 34.69902420043945 54.9490852355957 210.82862854003906 208.11744689941406
person 0.30550333857536316 19.426570892333984 78.09821319580078 104.49360656738281 322.8211669921875
person 0.12576745450496674 404.7989807128906 122.51982116699219 471.59088134765625 353.1904296875
motorbike 0.05369621515274048 174.91493225097656 120.82019805908203 267.5559387207031 329.71832275390625
person 0.05116605758666992 317.01678466796875 51.53019332885742 463.44183349609375 189.55699157714844
