dog 0.9617563486099243 4.060057640075684 9.541827201843262 354.4490661621094 333.0
person 0.4974099099636078 165.76930236816406 1.357690453529358 498.0658874511719 333.0
cat 0.21972189843654633 157.39944458007812 8.428503036499023 500.0 285.6300048828125
cat 0.188782200217247 4.117599010467529 25.109905242919922 342.76123046875 333.0
dog 0.17622365057468414 144.3642120361328 0.0 500.0 333.0
dog 0.13810817897319794 1.3658013343811035 12.73598861694336 207.78765869140625 184.69509887695312
sofa 0.133262038230896 0.0 0.0 481.48541259765625 333.0
dog 0.11789453029632568 140.76739501953125 2.375462770462036 312.2899169921875 240.27467346191406
person 0.08960717916488647 12.02423095703125 2.3553922176361084 339.0945129394531 291.1158447265625
cow 0.05255401134490967 162.47817993164062 0.0 499.3014831542969 331.6844177246094
