person 0.9879921674728394 209.10614013671875 14.876287460327148 500.0 332.93890380859375
car 0.9393619298934937 85.59883117675781 130.41046142578125 135.87266540527344 155.0986785888672
car 0.9173489809036255 202.58290100097656 140.9916534423828 246.0357666015625 178.7532501220703
motorbike 0.9153064489364624 0.48732835054397583 166.71571350097656 100.98318481445312 298.3245544433594
tvmonitor 0.8177449703216553 31.060955047607422 294.4728698730469 157.87255859375 333.0
motorbike 0.6105623245239258 51.2574462890625 166.05445861816406 106.17325592041016 252.52792358398438
tvmonitor 0.2561589181423187 40.03044128417969 240.8496551513672 189.420654296875 329.65008544921875
pottedplant 0.1951330602169037 432.174072265625 51.26899719238281 498.8708190917969 180.89425659179688
person 0.17219316959381104 473.3675842285156 138.3333282470703 499.6069030761719 177.06419372558594
chair 0.13671891391277313 453.46783447265625 142.59149169921875 496.7255554199219 181.72805786132812
chair 0.05877437815070152 190.98377990722656 190.32936096191406 245.7751007080078 333.0
