horse 0.9384490251541138 1.0135929584503174 0.0 479.66912841796875 375.0
dog 0.3081815540790558 153.45396423339844 2.098245620727539 486.7213134765625 374.67095947265625
cat 0.24213707447052002 163.12255859375 8.64264965057373 484.2401123046875 374.80499267578125
bus 0.2108176052570343 426.41998291015625 5.1061248779296875 495.2898254394531 255.2546844482422
person 0.18858841061592102 10.652825355529785 0.0 470.650634765625 337.1639709472656
person 0.0994553342461586 436.2917785644531 66.81160736083984 495.6258239746094 370.62139892578125
sheep 0.08365096151828766 160.24708557128906 0.0 482.45806884765625 375.0
cow 0.06946631520986557 73.77613067626953 8.332886695861816 494.85931396484375 369.99493408203125
person 0.06764595955610275 448.5551452636719 169.84872436523438 497.6140441894531 359.8262634277344
pottedplant 0.06739091873168945 406.8424987792969 0.0 499.45550537109375 256.44036865234375
