pottedplant 0.9658780097961426 0.0 61.960208892822266 246.10255432128906 455.4749755859375
pottedplant 0.8976796269416809 108.75415802001953 2.0806498527526855 227.58331298828125 132.00534057617188
cat 0.21405023336410522 0.0 68.06043243408203 243.31581115722656 439.4765319824219
bird 0.20986835658550262 0.6273378133773804 73.49105834960938 251.40980529785156 429.7861022949219
pottedplant 0.1473534107208252 241.42144775390625 3.5781283378601074 250.8893280029297 19.163057327270508
chair 0.1043531522154808 227.61378479003906 386.6919250488281 255.00001525878906 499.7023010253906
pottedplant 0.10196109116077423 227.79718017578125 0.3226531445980072 250.6988983154297 19.7108211517334
bottle 0.07361096888780594 0.0 69.52782440185547 245.4795684814453 441.0643310546875
dog 0.0721496194601059 2.0510623455047607 66.1562271118164 251.1023712158203 447.0409240722656
diningtable 0.06795552372932434 14.227424621582031 352.4330749511719 252.55227661132812 500.0000305175781
