person 0.9901897311210632 7.169206142425537 38.43922805786133 158.08306884765625 333.2829284667969
person 0.980091392993927 163.431884765625 14.773750305175781 344.23663330078125 336.0
person 0.6562634706497192 302.5558776855469 25.46297264099121 344.6920166015625 304.08441162109375
person 0.3668212294578552 273.4639587402344 14.752999305725098 341.66351318359375 334.3663330078125
bottle 0.17821110785007477 243.83084106445312 259.2104797363281 294.6586608886719 279.2419128417969
chair 0.10582815110683441 139.36854553222656 216.080810546875 192.24195861816406 313.2698059082031
bicycle 0.08684098720550537 26.640077590942383 271.65643310546875 342.1676940917969 335.17706298828125
person 0.07877686619758606 304.4172058105469 24.118518829345703 345.28228759765625 171.97946166992188
chair 0.06634511053562164 6.3937554359436035 306.9419250488281 205.94271850585938 334.86480712890625
bicycle 0.05825197324156761 97.29239654541016 222.02561950683594 342.0950622558594 336.0
person 0.05691855773329735 3.232598066329956 112.6231460571289 50.878170013427734 336.0
bottle 0.0515492781996727 4.79533576965332 0.0 33.47151565551758 45.26470184326172
