motorbike 0.9161425828933716 0.0 96.83338928222656 260.5588684082031 498.8415832519531
car 0.7286598086357117 3.419473171234131 183.4911346435547 204.87669372558594 492.44891357421875
person 0.45831677317619324 176.78916931152344 249.73387145996094 186.33340454101562 275.23138427734375
person 0.29661092162132263 204.27613830566406 247.65133666992188 213.68093872070312 279.17755126953125
aeroplane 0.263677716255188 92.794677734375 153.7281494140625 256.79718017578125 221.88072204589844
bicycle 0.213541179895401 2.635695219039917 10.349778175354004 264.8749694824219 429.05133056640625
train 0.14015114307403564 0.0 113.05976104736328 213.2376708984375 500.0
bicycle 0.08456753194332123 4.7909650802612305 107.43363952636719 259.6099548339844 258.6585388183594
tvmonitor 0.06589570641517639 1.4296842813491821 221.28994750976562 188.67678833007812 475.33453369140625
motorbike 0.05323726311326027 155.70294189453125 260.333251953125 206.0104522705078 415.8018493652344
