dog 0.9929553866386414 75.58695983886719 206.80458068847656 239.2472381591797 298.1524658203125
car 0.987789511680603 0.8219003677368164 55.716224670410156 316.27423095703125 491.9347839355469
car 0.950640857219696 347.2674560546875 183.07781982421875 374.87872314453125 211.12567138671875
car 0.6823825836181641 252.46888732910156 195.29098510742188 272.34503173828125 205.78111267089844
chair 0.34155362844467163 0.9939515590667725 210.90025329589844 69.81993103027344 331.3035583496094
sofa 0.0983717069029808 0.0 184.5138397216797 251.76739501953125 374.205322265625
chair 0.08325272053480148 93.7127685546875 159.7089385986328 128.0131378173828 202.37091064453125
car 0.07785594463348389 270.497802734375 195.6399383544922 286.60101318359375 205.24610900878906
bus 0.06241922080516815 5.534577369689941 148.8721160888672 287.0174865722656 495.0237121582031
sofa 0.06029525026679039 0.0 211.02047729492188 68.05210876464844 338.0754699707031
