bus 0.99619460105896 63.23253631591797 75.87447357177734 426.79022216796875 287.7457275390625
person 0.9833561182022095 314.8760986328125 143.1053009033203 377.1568603515625 322.807861328125
person 0.9718255996704102 375.3296203613281 140.50772094726562 425.9308776855469 341.4674072265625
person 0.9177958369255066 144.5748748779297 109.74871063232422 198.4545440673828 179.4927215576172
bus 0.7982903122901917 275.0240173339844 64.882080078125 487.7938537597656 293.04058837890625
bus 0.7399262189865112 18.54026222229004 176.4496307373047 72.45256805419922 245.4564208984375
tvmonitor 0.5376708507537842 368.01629638671875 48.28896713256836 500.0 281.1898193359375
person 0.5120566487312317 160.22213745117188 111.11984252929688 191.73976135253906 147.00173950195312
bus 0.5064008235931396 368.93017578125 63.144142150878906 496.93194580078125 276.76312255859375
car 0.33702754974365234 0.8362149596214294 165.829345703125 33.272499084472656 251.34805297851562
car 0.31829091906547546 10.462920188903809 176.582275390625 71.10419464111328 250.87071228027344
person 0.17475858330726624 164.05458068847656 110.87281799316406 196.3420867919922 168.69065856933594
train 0.10641495138406754 21.128332138061523 173.5001220703125 70.60631561279297 236.72621154785156
train 0.09327483177185059 362.0034484863281 49.563873291015625 499.00799560546875 286.9689636230469
car 0.09258165955543518 367.4537353515625 45.783992767333984 496.6306457519531 287.4736328125
car 0.08644723147153854 58.775352478027344 66.84031677246094 341.2981872558594 281.9713134765625
aeroplane 0.06948487460613251 379.3373718261719 57.7598762512207 499.8805847167969 92.96578216552734
tvmonitor 0.05893873795866966 270.04083251953125 60.998538970947266 488.1063537597656 306.1673889160156
