person 0.9940978288650513 102.13262939453125 123.69599914550781 341.1354064941406 375.0
car 0.9178703427314758 266.1783752441406 109.35692596435547 498.84979248046875 375.0
aeroplane 0.8121742010116577 20.525087356567383 175.46141052246094 69.22911071777344 187.90432739257812
car 0.5397973656654358 63.82230758666992 98.31719207763672 481.21173095703125 372.2400817871094
aeroplane 0.2580956220626831 49.559547424316406 67.09506225585938 460.0349426269531 375.0
boat 0.24211688339710236 57.82130813598633 95.06040954589844 470.1363525390625 374.9841613769531
car 0.13696540892124176 273.61895751953125 318.4868469238281 315.02557373046875 352.8649597167969
chair 0.11989282816648483 412.8740234375 195.08688354492188 495.3072814941406 273.6938171386719
person 0.05633147805929184 0.0 7.415614128112793 363.6817321777344 69.0073471069336
tvmonitor 0.05409085378050804 354.7530517578125 255.20822143554688 423.8565979003906 282.6465759277344
