dog 0.9813670516014099 131.92811584472656 95.78619384765625 500.0000305175781 296.88934326171875
dog 0.8288673162460327 140.8253631591797 94.70403289794922 324.3724670410156 247.0041046142578
person 0.7575685381889343 11.759705543518066 11.39470100402832 464.8229064941406 293.70611572265625
person 0.6533877849578857 13.65576457977295 15.519895553588867 368.7930603027344 163.5569305419922
dog 0.4707685708999634 137.32815551757812 101.4386978149414 245.30889892578125 200.51283264160156
dog 0.3500623404979706 52.56129837036133 76.32113647460938 329.8437194824219 291.9139709472656
sofa 0.3262425363063812 0.0 0.0 500.0000305175781 306.0
person 0.15600447356700897 129.91497802734375 21.213218688964844 414.7220458984375 141.6627655029297
person 0.1379643678665161 71.57635498046875 13.282618522644043 321.82373046875 258.17083740234375
person 0.12759284675121307 224.38235473632812 0.8463022708892822 500.0000305175781 305.805908203125
person 0.09823992848396301 122.11463165283203 8.333242416381836 496.3902587890625 197.54861450195312
cat 0.08520873636007309 121.6261978149414 40.982643127441406 497.1800842285156 299.4703369140625
person 0.08161960542201996 228.7069549560547 13.797226905822754 484.7359924316406 148.67572021484375
person 0.062104810029268265 164.09832763671875 93.87671661376953 312.532470703125 248.60220336914062
