pottedplant 0.8928702473640442 5.180607318878174 6.730879306793213 190.0105438232422 306.80126953125
pottedplant 0.6926489472389221 14.639883041381836 1.075890064239502 343.86773681640625 331.24298095703125
pottedplant 0.6255978345870972 179.3044891357422 18.65670394897461 296.8514709472656 330.1268615722656
bottle 0.5524579882621765 339.036865234375 203.0420379638672 415.1556091308594 302.53704833984375
person 0.2785484194755554 378.2655944824219 3.755824089050293 451.14202880859375 221.009521484375
pottedplant 0.1328490525484085 81.94002532958984 0.0 239.3692169189453 334.0
diningtable 0.12026092410087585 111.27933502197266 216.89064025878906 499.9999694824219 325.3477478027344
pottedplant 0.11980057507753372 193.34671020507812 78.64347076416016 294.9010314941406 256.2254638671875
pottedplant 0.10073363035917282 192.483154296875 141.75645446777344 290.6299743652344 306.6217956542969
person 0.0877419039607048 401.5281677246094 196.3199462890625 416.4263000488281 213.24462890625
chair 0.08168960362672806 264.3055419921875 174.44859313964844 350.9287109375 243.30377197265625
pottedplant 0.08063853532075882 69.27037811279297 101.20357513427734 195.5028076171875 296.98291015625
pottedplant 0.058800939470529556 349.06744384765625 5.092557430267334 491.2776184082031 324.76214599609375
person 0.050339531153440475 466.38494873046875 82.38712310791016 491.74072265625 221.98617553710938
