cow 0.9816762208938599 132.29869079589844 57.037349700927734 384.61627197265625 333.0
cow 0.9800620675086975 6.107454299926758 49.40374755859375 248.05459594726562 328.4383544921875
cow 0.9748709797859192 290.5902099609375 50.127864837646484 500.0 333.0
cow 0.964606761932373 49.525062561035156 14.968521118164062 333.21490478515625 94.59825897216797
sheep 0.7311140894889832 442.30267333984375 55.263118743896484 500.0 86.2636947631836
cow 0.2940603792667389 250.5551300048828 17.8853702545166 335.07818603515625 73.09681701660156
cow 0.18799908459186554 237.28536987304688 124.44446563720703 455.29638671875 331.65545654296875
sheep 0.16246864199638367 47.46882247924805 17.09482765197754 196.51771545410156 97.57282257080078
cow 0.13245783746242523 0.0 64.00811767578125 223.1502227783203 173.03994750976562
sheep 0.1250150501728058 53.867286682128906 15.269002914428711 329.9547424316406 98.57976531982422
cow 0.09588257223367691 42.49488830566406 22.990234375 346.5389709472656 156.0439453125
cow 0.06816112995147705 443.41278076171875 54.80592727661133 500.0 85.79068756103516
sheep 0.06185544654726982 259.5987548828125 19.689647674560547 278.1959228515625 33.86736297607422
cow 0.06171105429530144 161.90110778808594 18.835769653320312 338.46685791015625 78.4075698852539
cow 0.06027708947658539 259.5615234375 19.777263641357422 278.19671630859375 33.817359924316406
horse 0.05929213762283325 315.88970947265625 58.58657455444336 497.61541748046875 333.0
