person 0.974425196647644 98.02983856201172 4.196734428405762 491.5973205566406 375.0
bottle 0.964168906211853 91.64680480957031 78.88544464111328 181.060302734375 227.55471801757812
bottle 0.7894978523254395 63.72633743286133 176.4290313720703 94.48685455322266 216.0689239501953
bottle 0.4479920268058777 40.995784759521484 278.82196044921875 137.0764923095703 375.0
sofa 0.3493046760559082 0.9893593192100525 5.601646900177002 121.93255615234375 198.5589141845703
sofa 0.19239625334739685 1.454194188117981 81.49240112304688 500.0 353.77471923828125
chair 0.18934094905853271 84.26948547363281 65.01285552978516 500.0 319.04461669921875
bottle 0.13041120767593384 61.44388198852539 1.0485899448394775 105.82443237304688 45.23350143432617
diningtable 0.08197908848524094 0.0 130.720458984375 500.0 359.0914306640625
chair 0.07140674442052841 0.0 10.341360092163086 124.6771469116211 188.25259399414062
chair 0.0694393664598465 4.081969738006592 243.97210693359375 134.64141845703125 375.0
chair 0.06434312462806702 368.6620788574219 90.86822509765625 500.0 270.0786437988281
sofa 0.05183069407939911 358.92059326171875 90.73152160644531 500.0 268.64520263671875
