car 0.9113876819610596 0.0 101.48477935791016 166.3196563720703 184.3081817626953
car 0.582967221736908 21.119211196899414 100.62195587158203 168.57290649414062 144.25579833984375
aeroplane 0.5783864259719849 0.0 15.205522537231445 485.41802978515625 233.503662109375
car 0.4909721612930298 0.0 82.4308853149414 223.087158203125 207.8594512939453
car 0.36548104882240295 0.0 93.81131744384766 45.20668411254883 179.62628173828125
aeroplane 0.2519046366214752 0.0 4.220425128936768 447.99835205078125 131.2686767578125
boat 0.23395057022571564 0.9634508490562439 1.3813178539276123 482.1291809082031 242.0466766357422
boat 0.22506940364837646 343.080078125 0.2109672725200653 364.32281494140625 30.308719635009766
train 0.2218322455883026 4.407134532928467 8.618514060974121 415.3291320800781 231.07366943359375
boat 0.1860974282026291 17.756694793701172 3.4727556705474854 437.02679443359375 134.22097778320312
car 0.13406947255134583 26.249340057373047 99.76374053955078 42.73383712768555 141.46047973632812
aeroplane 0.1206509917974472 186.81536865234375 0.0 414.58612060546875 83.66740417480469
boat 0.10080273449420929 143.18142700195312 0.0 412.9390563964844 78.11319732666016
bird 0.09654632955789566 261.5600891113281 201.54502868652344 284.84320068359375 215.78135681152344
car 0.0798259750008583 2.5734786987304688 94.77006530761719 87.91751098632812 180.51466369628906
boat 0.07229909300804138 11.8772554397583 213.25543212890625 96.12313842773438 243.93653869628906
car 0.06613196432590485 0.0 17.812471389770508 352.91943359375 218.55857849121094
pottedplant 0.06433632224798203 66.1297836303711 175.12205505371094 96.81898498535156 221.2989044189453
chair 0.05667762830853462 341.30487060546875 0.5786285400390625 364.92437744140625 30.265945434570312
car 0.054513171315193176 137.33563232421875 97.80662536621094 167.37930297851562 143.82455444335938
