car 0.8938350677490234 413.6891784667969 90.60606384277344 498.6282043457031 154.9686737060547
person 0.7397871017456055 9.244278907775879 188.79779052734375 424.22052001953125 356.6839294433594
person 0.7193995714187622 57.748233795166016 118.48898315429688 498.0483093261719 289.2781982421875
sofa 0.6470800042152405 0.753434956073761 76.79198455810547 498.3287658691406 370.7989807128906
person 0.43216177821159363 296.3397216796875 170.80735778808594 499.15863037109375 375.0
bus 0.37050315737724304 409.4767761230469 53.219573974609375 496.6439514160156 156.3993377685547
person 0.23289954662322998 2.7959513664245605 207.61785888671875 228.6278839111328 283.58209228515625
person 0.1935960203409195 7.48828649520874 59.0634880065918 333.6591491699219 374.4455261230469
chair 0.17698734998703003 5.074692726135254 13.165655136108398 375.52337646484375 265.9576110839844
person 0.14305411279201508 132.27821350097656 111.98622131347656 451.9690856933594 237.66543579101562
person 0.12638649344444275 125.30831146240234 204.8146209716797 216.74545288085938 285.68670654296875
person 0.12248877435922623 89.08631896972656 200.8417205810547 215.2066192626953 317.3277587890625
chair 0.1096971333026886 28.430173873901367 284.0202941894531 104.58306884765625 372.64569091796875
person 0.10897094756364822 4.563437461853027 161.93141174316406 288.4605712890625 289.2510070800781
person 0.08209437876939774 14.3131742477417 89.15647888183594 362.79449462890625 235.06655883789062
chair 0.07832378894090652 0.0 80.99055480957031 500.0 369.18267822265625
sofa 0.06335288286209106 131.839111328125 197.57028198242188 497.3642883300781 373.5410461425781
