cat 0.9896174669265747 7.132181644439697 48.9286994934082 323.70318603515625 375.0
cat 0.5964134931564331 156.48492431640625 68.0112533569336 489.5471496582031 367.8558654785156
chair 0.5279543399810791 252.74310302734375 0.7223939895629883 493.3372802734375 95.58858489990234
person 0.4328707754611969 4.4173479080200195 1.4936113357543945 342.2457275390625 190.98057556152344
dog 0.2170483022928238 0.0 31.060482025146484 339.1619567871094 375.0
chair 0.2087552845478058 137.41558837890625 4.464597702026367 484.1159973144531 151.80751037597656
dog 0.1870143860578537 160.5149688720703 46.09089279174805 498.3248596191406 375.0
sofa 0.16196832060813904 0.0 0.0 311.0245361328125 220.18524169921875
cat 0.15314888954162598 5.095533847808838 13.502569198608398 459.91949462890625 249.1527862548828
chair 0.13627447187900543 0.0 0.0 274.8642272949219 209.30091857910156
chair 0.12184249609708786 11.438409805297852 0.0 475.39752197265625 243.5021209716797
car 0.08307646960020065 0.0 0.0 251.12294006347656 167.59219360351562
bicycle 0.0733734667301178 224.2196807861328 1.4737415313720703 495.6775207519531 106.93938446044922
person 0.06965767592191696 140.14608764648438 4.559619426727295 367.634765625 147.37669372558594
sofa 0.06708978116512299 0.0 0.0 500.0 375.0
cow 0.05947350710630417 271.61944580078125 0.0 492.7087097167969 101.70518493652344
diningtable 0.05659786984324455 15.245076179504395 38.110042572021484 500.0 375.0
chair 0.053962815552949905 95.32457733154297 20.842193603515625 500.0 369.58746337890625
person 0.05140652507543564 2.0913846492767334 4.388165473937988 177.89376831054688 199.11550903320312
