bird 0.992443859577179 214.30821228027344 154.04869079589844 261.7528076171875 206.61692810058594
bird 0.4204750061035156 314.38824462890625 204.89486694335938 331.4887390136719 216.66336059570312
pottedplant 0.18511758744716644 10.4591703414917 8.07809829711914 347.3972473144531 323.1676025390625
dog 0.17008519172668457 3.757197856903076 10.045838356018066 367.78900146484375 366.4248962402344
bird 0.1675347536802292 314.806884765625 234.1284942626953 333.9828796386719 254.18409729003906
pottedplant 0.1514672189950943 62.79377746582031 71.96095275878906 214.94003295898438 228.37879943847656
cat 0.14688706398010254 0.0 1.8375921249389648 366.8263244628906 373.8918151855469
bird 0.1400795727968216 6.972279071807861 10.949063301086426 386.0969543457031 368.44110107421875
sheep 0.09275554865598679 1.9301939010620117 15.649266242980957 377.0638122558594 355.3004150390625
chair 0.086042620241642 428.35992431640625 146.15399169921875 499.045654296875 353.29718017578125
person 0.08219417929649353 1.9436920881271362 3.619694709777832 74.70848083496094 375.0
chair 0.07836885750293732 389.66448974609375 7.252306938171387 497.7136535644531 324.4615173339844
dog 0.07603826373815536 79.79975128173828 248.514404296875 281.2468566894531 375.0
dog 0.07374594360589981 39.35173034667969 149.8102264404297 323.47283935546875 364.5384826660156
cow 0.06962668895721436 293.1851806640625 129.5505828857422 349.2004699707031 204.6737823486328
