horse 0.9217581748962402 7.034965515136719 79.00959014892578 324.84527587890625 484.84625244140625
chair 0.7269877195358276 0.0 168.91043090820312 327.5902099609375 499.1849365234375
chair 0.3275265693664551 2.108269214630127 264.0965270996094 233.91140747070312 491.63018798828125
cat 0.21412073075771332 4.579410552978516 96.92704010009766 302.0508117675781 469.5849304199219
cat 0.13308797776699066 92.65491485595703 203.84469604492188 332.1389465332031 479.78887939453125
tvmonitor 0.12842264771461487 15.45833683013916 223.46327209472656 333.0 477.18927001953125
chair 0.12308481335639954 0.28271031379699707 265.8467712402344 125.87162017822266 422.953857421875
person 0.09753549844026566 38.53681182861328 65.10875701904297 315.53436279296875 440.59735107421875
sofa 0.0731319934129715 0.0 198.0207977294922 333.0 488.48504638671875
pottedplant 0.06937352567911148 218.14126586914062 197.9338836669922 329.37786865234375 485.61663818359375
tvmonitor 0.060317348688840866 8.09669017791748 328.92352294921875 259.22491455078125 473.3620300292969
person 0.057048190385103226 219.09197998046875 135.8555450439453 332.7472839355469 487.0291442871094
