dog 0.9954918026924133 16.689895629882812 136.94735717773438 366.208251953125 297.3743896484375
chair 0.8854062557220459 301.8035888671875 3.7023138999938965 499.8279724121094 200.79359436035156
chair 0.8551517724990845 11.187798500061035 3.654813766479492 189.34646606445312 145.2569122314453
diningtable 0.7673925161361694 113.84940338134766 0.0 495.9001770019531 204.71319580078125
sheep 0.64095538854599 371.4343566894531 49.770931243896484 423.6404724121094 115.25413513183594
sheep 0.5683289766311646 348.40570068359375 53.748016357421875 382.93902587890625 103.71549987792969
chair 0.5451465249061584 208.3415985107422 4.4319748878479 416.80712890625 151.44021606445312
chair 0.49058687686920166 145.16897583007812 2.726597785949707 302.71234130859375 144.39260864257812
chair 0.39481213688850403 120.36161804199219 0.0 451.3105773925781 218.63096618652344
chair 0.32483381032943726 75.82997131347656 0.0 186.869873046875 112.34012603759766
sheep 0.2910568416118622 12.723459243774414 114.07918548583984 56.894779205322266 152.87173461914062
sheep 0.27851974964141846 317.0295715332031 50.13740158081055 402.8876037597656 115.58870697021484
chair 0.20973020792007446 0.0 2.696843147277832 194.4380645751953 273.3988952636719
chair 0.1718415915966034 408.5330505371094 30.619426727294922 500.0 192.24948120117188
chair 0.15968139469623566 7.828488826751709 38.642791748046875 410.0321350097656 277.64996337890625
chair 0.1425665318965912 374.9472351074219 0.36647558212280273 496.48046875 120.38514709472656
sheep 0.1401294767856598 426.13629150390625 86.83456420898438 496.60150146484375 134.81231689453125
chair 0.1378747969865799 286.8394470214844 41.011962890625 383.6485900878906 134.661865234375
chair 0.12503230571746826 256.18634033203125 1.4965760707855225 395.59796142578125 114.26729583740234
dog 0.12305767089128494 189.33360290527344 138.1124267578125 359.4764404296875 296.1675720214844
diningtable 0.11870814859867096 151.7661895751953 0.13550519943237305 357.3996276855469 151.49447631835938
cow 0.11719677597284317 375.218994140625 50.66912078857422 424.44390869140625 112.87093353271484
sofa 0.08850294351577759 382.6153259277344 30.303375244140625 494.9576721191406 196.97763061523438
diningtable 0.07418078184127808 214.27381896972656 11.668367385864258 440.22283935546875 166.03916931152344
sheep 0.07069598883390427 13.067671775817871 101.10163879394531 85.39478302001953 156.32810974121094
chair 0.06826004385948181 296.8432312011719 17.548234939575195 430.5048522949219 144.71499633789062
sheep 0.0677332654595375 353.4872131347656 53.29690170288086 390.4465026855469 84.7716293334961
sheep 0.0656166598200798 380.8444519042969 50.40467071533203 423.22003173828125 89.03617858886719
bird 0.06537323445081711 423.8249816894531 85.99994659423828 499.81329345703125 133.47610473632812
person 0.06464752554893494 375.8668518066406 45.68769836425781 428.3125915527344 111.45072937011719
sofa 0.06035689264535904 285.437744140625 10.995290756225586 495.40863037109375 203.97177124023438
dog 0.060343459248542786 322.9111328125 42.23153305053711 428.48370361328125 134.04293823242188
sheep 0.05867734178900719 330.6553039550781 36.54645538330078 428.915283203125 131.53851318359375
cat 0.05570058897137642 18.535865783691406 147.2750701904297 296.4031677246094 293.23516845703125
chair 0.05428588017821312 120.02783966064453 1.1136817932128906 187.4183807373047 72.42245483398438
dog 0.05397501960396767 149.96502685546875 25.701583862304688 445.50872802734375 272.9968566894531
chair 0.0514679029583931 181.31784057617188 38.63147735595703 258.5422668457031 149.0064697265625
sheep 0.05030088871717453 376.33837890625 42.649635314941406 448.1771545410156 84.10777282714844
