bicycle 0.9748172163963318 5.148796558380127 32.08907699584961 384.0545654296875 357.070068359375
car 0.8362399339675903 0.0 130.84925842285156 35.60239791870117 162.6469268798828
person 0.7119903564453125 236.5202178955078 17.536224365234375 385.212646484375 354.6058349609375
motorbike 0.23533286154270172 356.02581787109375 46.56211853027344 498.6513366699219 292.62713623046875
motorbike 0.1718083918094635 286.908935546875 5.7202863693237305 478.66650390625 359.0252380371094
bicycle 0.12044692039489746 178.38833618164062 74.158447265625 380.2019348144531 342.1668395996094
pottedplant 0.1083754375576973 146.93222045898438 43.079368591308594 208.9529571533203 150.51194763183594
person 0.08556690812110901 118.71623229980469 263.8248596191406 165.05799865722656 321.6457214355469
tvmonitor 0.07230167090892792 424.23077392578125 107.79190063476562 465.4723205566406 164.17547607421875
bicycle 0.07142935693264008 94.2525863647461 111.91523742675781 332.71746826171875 292.0572204589844
chair 0.06754256039857864 208.4461669921875 19.069561004638672 368.0971984863281 323.27532958984375
tvmonitor 0.066774383187294 265.0252685546875 20.225126266479492 329.0040283203125 91.19973754882812
car 0.06640441715717316 361.533447265625 55.509796142578125 500.0 319.1141357421875
tvmonitor 0.05979614332318306 226.11952209472656 103.27772521972656 263.7536315917969 128.65232849121094
pottedplant 0.057373445481061935 362.8407897949219 12.359619140625 427.78729248046875 143.55197143554688
motorbike 0.05653376132249832 354.8950500488281 114.99296569824219 490.54364013671875 235.81900024414062
motorbike 0.052469730377197266 227.58763122558594 11.121797561645508 401.1085205078125 349.5074462890625
