pottedplant 0.8251625299453735 353.6478271484375 9.770984649658203 443.9880065917969 90.86705017089844
pottedplant 0.6213012933731079 215.36717224121094 11.054134368896484 479.01397705078125 297.6940612792969
person 0.6041622757911682 228.81748962402344 11.019307136535645 408.4371643066406 257.3934326171875
pottedplant 0.34327688813209534 89.12017059326172 163.94505310058594 250.71156311035156 316.684814453125
tvmonitor 0.23965725302696228 114.51970672607422 93.0144271850586 278.64849853515625 206.25250244140625
pottedplant 0.16557784378528595 6.516146183013916 169.18479919433594 161.1890106201172 318.0
dog 0.11178835481405258 350.2111511230469 161.09068298339844 438.41259765625 286.4375915527344
pottedplant 0.10457132011651993 221.59368896484375 4.496545791625977 256.72906494140625 48.340118408203125
person 0.10411764681339264 228.19329833984375 202.40261840820312 272.2938537597656 296.137451171875
pottedplant 0.100068598985672 220.2438201904297 2.2057502269744873 263.37921142578125 109.23352813720703
horse 0.08054809272289276 366.9574279785156 196.01181030273438 441.22467041015625 290.24798583984375
person 0.0759035050868988 245.38418579101562 109.3634033203125 353.9994812011719 288.2254333496094
cow 0.07582519948482513 371.2872314453125 202.6525421142578 443.22576904296875 287.6934814453125
bird 0.07184890657663345 226.06573486328125 18.303098678588867 472.9626159667969 301.8226318359375
person 0.06544636189937592 2.2179505825042725 58.7033576965332 144.2643280029297 314.6925354003906
bird 0.057518888264894485 21.104734420776367 141.01910400390625 44.009639739990234 186.37533569335938
pottedplant 0.0527382530272007 73.7138442993164 180.6833038330078 175.30894470214844 318.0
person 0.051397860050201416 50.86228942871094 0.0 416.34228515625 318.0
