person 0.9925094842910767 168.4879608154297 175.34423828125 258.6193542480469 290.03466796875
person 0.9199408888816833 0.6122696399688721 178.57611083984375 19.486026763916016 312.199462890625
person 0.8278887867927551 170.81275939941406 177.63783264160156 219.54681396484375 257.07794189453125
boat 0.792591392993927 10.944242477416992 74.07791900634766 367.3453369140625 478.296630859375
chair 0.6273662447929382 268.2661437988281 256.3742370605469 361.3401794433594 421.95556640625
pottedplant 0.5012917518615723 26.234607696533203 39.1646614074707 367.64788818359375 490.7142639160156
chair 0.4400270879268646 166.76138305664062 219.2242431640625 214.82766723632812 258.0285339355469
chair 0.3724041283130646 187.96388244628906 246.55052185058594 367.1936950683594 500.0
chair 0.3209208846092224 141.85398864746094 255.8019561767578 222.85301208496094 288.4619445800781
diningtable 0.25898492336273193 24.48604965209961 189.37942504882812 364.93902587890625 494.4805603027344
chair 0.22230792045593262 17.77416229248047 88.47106170654297 362.6786193847656 500.0
chair 0.19576163589954376 116.97746276855469 46.87350845336914 265.7279357910156 160.2576141357422
chair 0.07747594267129898 335.3149719238281 212.81954956054688 373.9118347167969 388.68292236328125
bus 0.07209259271621704 15.957155227661133 63.154842376708984 355.4359130859375 482.56280517578125
chair 0.059897784143686295 166.75343322753906 218.66448974609375 229.51824951171875 284.1169128417969
person 0.05617322772741318 21.46219825744629 202.1287078857422 40.192073822021484 255.6474151611328
person 0.05398258566856384 313.6649475097656 221.19912719726562 353.1849060058594 256.0409240722656
