bicycle 0.9800012707710266 58.51594543457031 20.767255783081055 432.1334228515625 333.911376953125
bicycle 0.9094167351722717 402.1759033203125 48.810455322265625 500.0 285.8159484863281
tvmonitor 0.3856741786003113 236.1036834716797 1.0728117227554321 359.69537353515625 46.12834930419922
bicycle 0.2235318124294281 277.9007263183594 8.12145709991455 491.4185485839844 300.5960388183594
chair 0.17091460525989532 80.31462097167969 268.3282775878906 144.05450439453125 348.3771667480469
person 0.07351439446210861 259.1282043457031 0.9664211869239807 315.1884765625 17.84109878540039
tvmonitor 0.07207666337490082 382.4541320800781 0.1410289704799652 497.03228759765625 43.110870361328125
tvmonitor 0.06982281059026718 13.296401023864746 66.84049224853516 134.73495483398438 160.94549560546875
chair 0.05594173073768616 89.45072174072266 30.417417526245117 426.60650634765625 345.546630859375
tvmonitor 0.0531950406730175 123.84119415283203 297.19073486328125 257.54278564453125 373.0931701660156
bottle 0.05118821561336517 81.14517211914062 268.652099609375 145.1607208251953 351.1440124511719
