person 0.9935723543167114 127.33733367919922 164.01466369628906 259.0676574707031 333.0
sofa 0.9918220639228821 59.60157775878906 186.1101837158203 443.26983642578125 325.57196044921875
person 0.9862967729568481 259.7583923339844 163.0177459716797 372.8964538574219 333.0
person 0.40381139516830444 383.90191650390625 147.0262908935547 497.15716552734375 235.7059783935547
sofa 0.36499887704849243 77.58292388916016 200.95826721191406 293.9857482910156 329.8966064453125
chair 0.26269015669822693 381.0447082519531 3.6744847297668457 500.0 210.8509521484375
person 0.19358286261558533 120.14315795898438 182.7361602783203 195.19207763671875 330.0758361816406
bird 0.1699131727218628 373.7132873535156 149.05230712890625 499.5587158203125 227.89260864257812
pottedplant 0.1562008410692215 79.35093688964844 217.534423828125 115.7930908203125 262.45379638671875
sofa 0.15372949838638306 236.4949951171875 173.34710693359375 428.70751953125 333.0
person 0.12399452179670334 299.7971496582031 174.72024536132812 428.42364501953125 330.9640808105469
sofa 0.09029493480920792 374.7625732421875 130.24925231933594 500.0 257.4585266113281
chair 0.0852549746632576 371.900146484375 98.50897979736328 500.0 244.6964874267578
dog 0.06259423494338989 375.44110107421875 150.74130249023438 500.0 227.05123901367188
person 0.061127547174692154 150.5792999267578 204.64349365234375 198.06472778320312 263.8695068359375
chair 0.05745244026184082 246.1039581298828 186.40538024902344 420.5150451660156 331.3040771484375
