person 0.842609167098999 406.51220703125 0.7045215368270874 468.9644775390625 28.944194793701172
diningtable 0.662981390953064 25.703845977783203 4.91396427154541 500.0 373.40234375
chair 0.2967177927494049 232.04965209960938 100.62683868408203 449.5320129394531 347.7540588378906
person 0.2792030870914459 369.1009216308594 0.6822878122329712 420.4720458984375 28.70071029663086
tvmonitor 0.2554655373096466 223.16912841796875 98.89742279052734 440.74664306640625 295.74554443359375
pottedplant 0.14005126059055328 63.605926513671875 136.2810821533203 225.1251678466797 312.24090576171875
person 0.11225930601358414 261.9715576171875 38.515018463134766 447.0022277832031 375.0
pottedplant 0.09382190555334091 236.38270568847656 68.00997924804688 431.83880615234375 307.572509765625
bird 0.07781656831502914 126.52264404296875 195.13723754882812 179.94773864746094 250.9156951904297
bottle 0.0750383511185646 233.93695068359375 63.030364990234375 438.49896240234375 312.45257568359375
pottedplant 0.05978547781705856 51.43251419067383 15.50464153289795 450.5850830078125 310.9318542480469
chair 0.058941490948200226 41.51258087158203 118.05548858642578 287.1550598144531 368.0890197753906
diningtable 0.057215940207242966 206.65603637695312 76.45598602294922 500.0 374.1578369140625
person 0.05429510772228241 322.9950256347656 0.8661621809005737 409.1747131347656 32.214237213134766
diningtable 0.05163871496915817 36.93994140625 105.41729736328125 368.6855163574219 363.47088623046875
