bus 0.9898321628570557 45.355926513671875 88.20693969726562 325.116455078125 366.6199645996094
car 0.8238574266433716 0.5299115180969238 213.72119140625 46.9066276550293 279.9130859375
pottedplant 0.49468061327934265 174.20596313476562 191.7556915283203 188.06149291992188 244.76161193847656
person 0.44763755798339844 243.53750610351562 149.5107421875 277.1785583496094 209.83563232421875
pottedplant 0.20149916410446167 198.50469970703125 186.61944580078125 222.19496154785156 245.5757598876953
train 0.17689955234527588 49.05101013183594 123.3089370727539 333.7431640625 375.1363830566406
car 0.14076876640319824 0.12047052383422852 213.5784912109375 154.0697784423828 289.14337158203125
person 0.13511040806770325 165.39901733398438 189.70062255859375 186.92274475097656 235.3994903564453
tvmonitor 0.08010578900575638 199.9324188232422 288.9551696777344 242.96917724609375 315.0421142578125
tvmonitor 0.07090859860181808 36.902774810791016 154.08248901367188 58.11178970336914 180.0133819580078
person 0.07031506299972534 232.28662109375 182.24436950683594 273.25811767578125 229.13034057617188
pottedplant 0.06677801162004471 198.51487731933594 152.485595703125 245.64013671875 243.32020568847656
