tvmonitor 0.9574942588806152 109.44573974609375 81.38337707519531 242.60507202148438 189.66851806640625
tvmonitor 0.8087254166603088 481.5635070800781 215.7274169921875 498.7630615234375 290.162841796875
tvmonitor 0.7942736744880676 186.2412567138672 212.1626739501953 243.6879425048828 242.67742919921875
tvmonitor 0.5160192847251892 313.6385803222656 132.4036102294922 489.8445739746094 279.28277587890625
tvmonitor 0.504757285118103 30.72530746459961 163.69204711914062 94.46444702148438 301.396484375
tvmonitor 0.42706650495529175 260.3465576171875 155.24554443359375 315.84136962890625 267.8025817871094
person 0.38828200101852417 474.8772277832031 115.64326477050781 487.76995849609375 134.33558654785156
pottedplant 0.382887601852417 33.388179779052734 132.65093994140625 73.40985107421875 169.46324157714844
diningtable 0.29997655749320984 272.6976013183594 259.7183532714844 500.0 375.0
diningtable 0.20281630754470825 30.706037521362305 259.7630310058594 500.0 371.5874938964844
tvmonitor 0.18151889741420746 459.7167663574219 217.16961669921875 498.5765075683594 291.74822998046875
chair 0.1700345128774643 455.8909912109375 109.22775268554688 495.1189270019531 137.42169189453125
tvmonitor 0.09363532811403275 456.6365966796875 109.24188232421875 492.74615478515625 137.4733123779297
person 0.08122764527797699 461.45892333984375 114.18466186523438 488.9453125 134.1941680908203
person 0.058022160083055496 460.463134765625 212.28378295898438 498.6827087402344 353.74212646484375
