diningtable 0.9405348896980286 28.784881591796875 277.5386962890625 291.0494689941406 500.0
chair 0.9141904711723328 169.9751739501953 321.15533447265625 339.5049133300781 495.9530944824219
chair 0.9106725454330444 34.34916305541992 311.1649475097656 180.23617553710938 496.7950439453125
chair 0.769260585308075 21.660539627075195 272.0205383300781 93.92911529541016 448.20452880859375
tvmonitor 0.2691098749637604 35.08177185058594 49.9549446105957 231.25265502929688 226.10638427734375
bottle 0.24088671803474426 216.21702575683594 146.4977569580078 230.78512573242188 183.52520751953125
chair 0.21331317722797394 330.1513671875 390.8910827636719 375.0 471.98785400390625
bottle 0.21032458543777466 156.83050537109375 23.954021453857422 168.71849060058594 51.74087142944336
tvmonitor 0.20092734694480896 1.7107281684875488 96.44964599609375 17.719066619873047 124.49478912353516
sheep 0.17161166667938232 340.9621887207031 237.17901611328125 368.010986328125 355.80084228515625
sofa 0.16156671941280365 21.83208656311035 267.4042663574219 90.82899475097656 420.0447998046875
chair 0.16150209307670593 125.43326568603516 292.8221435546875 284.5967712402344 489.9322509765625
chair 0.11520557105541229 21.016845703125 274.37884521484375 181.20697021484375 426.3297119140625
tvmonitor 0.07995957881212234 211.03468322753906 69.77229309082031 241.62950134277344 102.84380340576172
sofa 0.07445023208856583 165.04591369628906 309.5570068359375 340.5276794433594 488.3910217285156
sofa 0.06616123765707016 19.431339263916016 277.36236572265625 280.15057373046875 483.469970703125
person 0.05238908901810646 340.37689208984375 240.91183471679688 367.6089782714844 384.927734375
