bus 0.9963349103927612 7.194218635559082 85.28211975097656 491.30645751953125 251.0602264404297
person 0.9241971969604492 251.2123565673828 158.39427185058594 349.12579345703125 190.34454345703125
person 0.7430830597877502 323.44610595703125 159.53475952148438 348.4473876953125 189.6278839111328
person 0.5492827296257019 154.72320556640625 135.7203369140625 169.01104736328125 153.24546813964844
person 0.2023584097623825 329.25177001953125 158.55239868164062 348.14190673828125 178.58851623535156
person 0.19171245396137238 299.2164306640625 158.77398681640625 348.3087158203125 190.49514770507812
chair 0.08954466134309769 305.0846862792969 274.4295349121094 479.3846740722656 375.0
person 0.07273794710636139 236.16253662109375 135.13108825683594 252.07408142089844 153.04229736328125
person 0.06718011945486069 250.45167541503906 158.64590454101562 316.950439453125 182.1403045654297
person 0.060737431049346924 286.54095458984375 158.92860412597656 346.9512634277344 175.82936096191406
