motorbike 0.9671420454978943 33.82440948486328 10.321800231933594 134.80982971191406 332.5087585449219
motorbike 0.9659476280212402 131.60714721679688 10.369080543518066 240.25076293945312 333.0
motorbike 0.961869478225708 327.71923828125 15.453585624694824 459.9350280761719 320.9808349609375
motorbike 0.9307866096496582 231.81936645507812 47.517333984375 353.6104736328125 325.2297058105469
motorbike 0.85146164894104 426.90106201171875 118.7638168334961 498.98028564453125 275.7625732421875
car 0.642071008682251 429.1518859863281 113.51306915283203 500.0 265.2026672363281
motorbike 0.28741323947906494 327.3834228515625 73.85047912597656 430.69677734375 241.5007781982422
motorbike 0.2758186161518097 230.96609497070312 94.09273529052734 364.9734191894531 225.12945556640625
person 0.25030064582824707 238.30068969726562 22.07213592529297 357.3698425292969 245.86390686035156
car 0.227393239736557 321.7140197753906 98.58731079101562 374.031982421875 162.6600799560547
car 0.17107588052749634 0.8634921312332153 154.96871948242188 50.650489807128906 256.3101501464844
motorbike 0.161794513463974 323.2026062011719 34.76777267456055 424.9947204589844 181.16091918945312
person 0.07606236636638641 430.6577453613281 47.21590805053711 500.0 267.4856262207031
motorbike 0.0757329910993576 86.25865936279297 6.308992385864258 205.90872192382812 329.427734375
motorbike 0.06568688154220581 0.0 17.640092849731445 93.71461486816406 269.9312438964844
car 0.05161445587873459 325.48748779296875 96.91152954101562 423.831298828125 159.2914276123047
