person 0.9907338619232178 39.037689208984375 92.7000503540039 274.8077392578125 344.6053466796875
person 0.9850672483444214 273.9222412109375 129.1737518310547 454.2081298828125 349.8821716308594
diningtable 0.754170298576355 36.39513397216797 326.198486328125 500.0 374.5557861328125
chair 0.4277918040752411 413.0586853027344 189.2371826171875 500.0 348.80902099609375
diningtable 0.3413582146167755 0.0 304.6702575683594 315.64794921875 375.0
diningtable 0.07906776666641235 269.2116394042969 333.21734619140625 493.7952575683594 375.0
bottle 0.07199007272720337 4.766542911529541 0.0 67.61304473876953 279.34130859375
pottedplant 0.059784773737192154 55.645267486572266 0.0 124.98116302490234 167.5150909423828
bus 0.05550026893615723 2.4387331008911133 0.0 69.1593017578125 302.93359375
pottedplant 0.054507944732904434 0.8296751976013184 0.0 68.95889282226562 272.8734436035156
chair 0.051703132688999176 410.6295166015625 17.535537719726562 499.2516174316406 348.43426513671875
