person 0.9747605323791504 69.37578582763672 288.3311767578125 84.72624969482422 355.91925048828125
person 0.9373711943626404 91.67254638671875 292.6913757324219 118.5426254272461 352.6086120605469
person 0.9145886301994324 163.5616912841797 302.0545349121094 184.60284423828125 352.1916198730469
person 0.9009990096092224 142.99526977539062 295.1007385253906 160.84408569335938 348.5531005859375
person 0.897820770740509 188.73031616210938 297.8554992675781 203.61383056640625 343.4171447753906
person 0.8560183048248291 80.40005493164062 300.7437438964844 93.70950317382812 346.69512939453125
person 0.8316230773925781 256.63104248046875 283.2359924316406 276.18585205078125 316.1065979003906
person 0.6735612154006958 181.5320587158203 292.09063720703125 192.07760620117188 322.2905578613281
person 0.38829487562179565 200.54754638671875 293.8258361816406 209.2266387939453 342.9785461425781
person 0.27311959862709045 104.8263168334961 293.1759033203125 119.03084564208984 352.646728515625
person 0.19170914590358734 184.50343322753906 292.3965148925781 193.72824096679688 314.9716796875
chair 0.11320958286523819 319.9736328125 310.4739685058594 337.95404052734375 374.0219421386719
person 0.11276788264513016 191.31951904296875 290.94305419921875 202.49423217773438 305.8277587890625
chair 0.0961972028017044 319.2591247558594 307.9301452636719 337.3975830078125 334.69854736328125
bus 0.0744810551404953 158.16436767578125 131.7872314453125 189.44300842285156 260.39288330078125
boat 0.0636218711733818 158.3194122314453 133.84779357910156 189.96644592285156 252.1693572998047
person 0.05250636488199234 177.80262756347656 292.290771484375 187.81141662597656 318.21270751953125
