person 0.9864689111709595 160.8385772705078 123.4789047241211 255.05545043945312 375.0
person 0.9668889045715332 243.12452697753906 155.48663330078125 346.52606201171875 375.0
pottedplant 0.8653542995452881 390.12847900390625 150.82940673828125 464.46221923828125 284.2438049316406
pottedplant 0.6488214731216431 16.757532119750977 250.6166229248047 80.77680969238281 325.1064453125
pottedplant 0.5503803491592407 280.2349548339844 41.60069274902344 386.4604797363281 126.50068664550781
pottedplant 0.28663188219070435 46.937774658203125 281.2676086425781 82.55462646484375 332.6933288574219
boat 0.2401638627052307 368.8954772949219 118.00507354736328 395.8406677246094 263.7834167480469
pottedplant 0.12604542076587677 389.4010009765625 202.2841339111328 436.327880859375 284.9864196777344
person 0.10126801580190659 180.72824096679688 123.96297454833984 249.83047485351562 210.60301208496094
tvmonitor 0.0983082577586174 368.0872497558594 246.83074951171875 388.4389343261719 280.19158935546875
pottedplant 0.08753998577594757 330.8113708496094 275.6441345214844 434.1685485839844 375.0
pottedplant 0.0734863430261612 457.50689697265625 304.63238525390625 499.0990905761719 375.0
