bird 0.9866691827774048 252.6739501953125 36.7821159362793 368.7889404296875 321.654296875
cat 0.373657763004303 43.121192932128906 227.6424102783203 103.25137329101562 277.1001281738281
tvmonitor 0.36230558156967163 395.0859069824219 79.77409362792969 471.8179016113281 158.2568817138672
tvmonitor 0.26052340865135193 375.7731628417969 174.4419708251953 496.8664245605469 329.66363525390625
sheep 0.14294877648353577 42.27066421508789 225.76988220214844 106.38607025146484 280.3791809082031
tvmonitor 0.1421278864145279 31.28623390197754 202.9436492919922 377.51416015625 333.0
tvmonitor 0.13099847733974457 154.1137237548828 247.48887634277344 339.4530029296875 329.9253234863281
cow 0.12346018105745316 40.820701599121094 224.9920654296875 106.56010437011719 281.6914367675781
bird 0.11910505592823029 41.12674331665039 225.4384002685547 102.97145080566406 278.70001220703125
chair 0.10809289664030075 308.5562744140625 204.06483459472656 478.29364013671875 330.6057434082031
tvmonitor 0.10173050314188004 185.45602416992188 279.4595947265625 285.0918884277344 328.4859619140625
sheep 0.0952657088637352 250.9821014404297 33.136817932128906 367.34564208984375 328.3721618652344
tvmonitor 0.095120370388031 165.07693481445312 253.9339599609375 263.78033447265625 333.0
bird 0.09165193140506744 77.23172760009766 35.4725456237793 360.9991149902344 319.2158203125
person 0.08609358221292496 249.7900390625 9.910898208618164 364.9872131347656 328.508544921875
dog 0.07743296772241592 41.42262268066406 227.22909545898438 104.96162414550781 278.1859436035156
chair 0.07521765679121017 368.7231140136719 174.66346740722656 498.87310791015625 328.9312438964844
person 0.07183853536844254 38.251617431640625 213.35977172851562 106.51512145996094 333.0
chair 0.06526605039834976 250.3251495361328 178.08119201660156 375.3747863769531 328.881103515625
person 0.05210879072546959 206.55422973632812 295.8722839355469 217.85533142089844 316.9141540527344
bird 0.050889402627944946 199.07395935058594 65.72518157958984 222.43251037597656 106.62681579589844
