dog 0.9931772947311401 92.1953125 165.53810119628906 419.2438049316406 291.87469482421875
dog 0.8369010090827942 6.151210308074951 222.57705688476562 410.2927551269531 371.6009216308594
sofa 0.4945521354675293 0.0 103.19004821777344 500.0 374.21929931640625
sofa 0.24551831185817719 393.6117248535156 157.4711151123047 497.23809814453125 317.58917236328125
tvmonitor 0.2302863746881485 275.083251953125 5.264439582824707 491.2503356933594 154.15335083007812
cat 0.10675855726003647 2.3417088985443115 234.09434509277344 357.4189147949219 371.90802001953125
cat 0.09978867322206497 136.16476440429688 164.73538208007812 364.6622314453125 269.6202087402344
dog 0.0983009934425354 182.91343688964844 243.58602905273438 500.0 369.4512023925781
person 0.09442847222089767 0.0 74.17023468017578 483.2614440917969 366.75177001953125
dog 0.08667420595884323 63.26108169555664 148.66024780273438 489.0107116699219 365.49310302734375
sofa 0.06608345359563828 236.6848602294922 151.92767333984375 500.0 353.64202880859375
person 0.05221732333302498 39.47769546508789 231.62591552734375 341.0572509765625 375.0
