aeroplane 0.9950560331344604 0.0 52.02195358276367 490.4474792480469 214.94631958007812
aeroplane 0.8763959407806396 395.3581237792969 195.99517822265625 500.0 221.11387634277344
aeroplane 0.5243365168571472 130.83587646484375 121.30179595947266 495.8843994140625 220.59286499023438
tvmonitor 0.4589295983314514 456.11767578125 117.93219757080078 498.726806640625 179.4118194580078
aeroplane 0.317614883184433 415.18841552734375 114.68614959716797 500.0 218.23866271972656
car 0.12041893601417542 435.2659606933594 192.0681610107422 455.27728271484375 205.37074279785156
train 0.10220751166343689 456.6844787597656 119.14704132080078 499.7283630371094 181.32420349121094
boat 0.09951207786798477 455.4825744628906 115.31488800048828 499.9111022949219 180.2814178466797
aeroplane 0.09211934357881546 452.8255615234375 114.48607635498047 499.7274169921875 180.43072509765625
aeroplane 0.08426317572593689 394.5533752441406 159.88955688476562 500.0 220.3473358154297
bus 0.08207947015762329 455.0109558105469 116.55191040039062 499.0995788574219 184.40667724609375
train 0.06710733473300934 440.6190490722656 115.45329284667969 500.0 206.52438354492188
boat 0.06434664130210876 48.463653564453125 154.6090850830078 91.77924346923828 171.0718536376953
