bicycle 0.9963414072990417 2.198410749435425 28.767200469970703 496.743408203125 361.8973083496094
bicycle 0.4935283064842224 6.348386287689209 40.5518684387207 255.5873565673828 239.52499389648438
pottedplant 0.4600412845611572 114.15959167480469 100.26000213623047 214.76611328125 158.40431213378906
chair 0.3483794033527374 114.53530883789062 61.86962890625 234.89637756347656 226.40390014648438
pottedplant 0.2584443688392639 111.28160858154297 95.80722045898438 160.70184326171875 139.40420532226562
bicycle 0.1921173632144928 0.0 93.45598602294922 207.0963592529297 363.1308288574219
bicycle 0.13000665605068207 104.03996276855469 32.457603454589844 237.9656219482422 229.1219482421875
pottedplant 0.11598743498325348 108.83882904052734 61.715614318847656 181.46865844726562 141.22744750976562
pottedplant 0.11260989308357239 115.371337890625 50.57489776611328 243.9181671142578 230.2543487548828
chair 0.101934514939785 108.21648406982422 34.33747100830078 222.31407165527344 141.60446166992188
person 0.06540311127901077 54.28486251831055 216.79603576660156 93.65117645263672 306.8697204589844
pottedplant 0.05905687436461449 107.49662780761719 34.99931716918945 218.12448120117188 143.6758270263672
