bus 0.9974952936172485 237.0818328857422 200.09642028808594 396.7075500488281 345.84783935546875
bus 0.9918863773345947 137.2373504638672 228.6914825439453 243.71861267089844 334.50616455078125
bus 0.9673432111740112 4.761790752410889 216.37498474121094 143.0411376953125 320.70166015625
person 0.3094337284564972 168.31031799316406 259.3158874511719 190.55316162109375 277.1219787597656
bus 0.3077314794063568 63.30341720581055 225.89437866210938 161.8780975341797 319.44305419921875
bus 0.2543463110923767 17.163253784179688 219.4276580810547 237.51702880859375 333.4169006347656
aeroplane 0.24527452886104584 22.269149780273438 445.76123046875 167.03863525390625 489.251220703125
aeroplane 0.22377245128154755 0.7295334339141846 408.2186584472656 140.35214233398438 470.3652038574219
aeroplane 0.09363192319869995 17.864360809326172 462.7194519042969 154.8347930908203 495.7044372558594
aeroplane 0.06303442269563675 0.0 427.27947998046875 252.2209930419922 495.1595153808594
bus 0.05394219607114792 228.9958038330078 240.75599670410156 247.54103088378906 334.5137634277344
