sofa 0.9664185643196106 116.94932556152344 120.44769287109375 255.10098266601562 209.80099487304688
sofa 0.9096677899360657 0.0 108.51612091064453 170.2852325439453 195.21136474609375
sofa 0.9016247987747192 248.35189819335938 115.9935073852539 450.09051513671875 209.14572143554688
sofa 0.7659693360328674 250.89300537109375 103.32423400878906 491.2936096191406 258.5524597167969
sofa 0.7543824911117554 254.40585327148438 161.6210174560547 479.63873291015625 319.26123046875
sofa 0.5880988836288452 276.2837219238281 94.9315185546875 488.9608154296875 187.177001953125
tvmonitor 0.4755098521709442 266.337646484375 166.46041870117188 471.0505676269531 323.25933837890625
sofa 0.25812697410583496 293.0281677246094 67.43378448486328 500.0 151.08494567871094
chair 0.186994269490242 262.426025390625 171.478515625 483.31103515625 322.0677490234375
chair 0.11157482117414474 318.1725158691406 27.881792068481445 400.5531311035156 102.1002197265625
sofa 0.09786946326494217 271.1975402832031 14.12191390991211 409.2286682128906 118.08293914794922
chair 0.08172519505023956 405.7046813964844 163.8539581298828 493.4739990234375 263.1683349609375
chair 0.06569675356149673 354.19482421875 76.97537231445312 399.334228515625 102.49219512939453
chair 0.06479372084140778 319.0526428222656 100.55740356445312 455.39630126953125 181.43939208984375
diningtable 0.06309071183204651 315.77105712890625 96.96368408203125 500.0 173.31466674804688
diningtable 0.060552410781383514 288.11907958984375 92.08727264404297 494.4817810058594 253.79847717285156
