tvmonitor 0.979820728302002 146.54002380371094 144.8630828857422 295.829833984375 288.2178039550781
person 0.9358636140823364 335.1540222167969 138.26148986816406 465.4747009277344 293.62548828125
bottle 0.8874938488006592 226.19146728515625 272.3429260253906 249.87396240234375 327.66998291015625
diningtable 0.8837724328041077 220.48516845703125 274.9562072753906 497.9740295410156 374.0
person 0.7725217342376709 156.21408081054688 260.0647277832031 227.59912109375 368.96142578125
bottle 0.7708470225334167 324.2859191894531 303.62237548828125 359.5447692871094 373.10504150390625
bottle 0.5555112957954407 376.464111328125 269.4960021972656 408.33404541015625 344.3016662597656
chair 0.4083584249019623 138.18043518066406 254.27328491210938 162.9873809814453 298.4554748535156
person 0.3846186101436615 103.47435760498047 309.66162109375 206.66233825683594 374.0
person 0.34212765097618103 383.8753356933594 210.633544921875 497.8548583984375 295.11517333984375
person 0.28958261013031006 332.0108642578125 137.04078674316406 406.6865539550781 279.7347717285156
chair 0.24301600456237793 453.394287109375 223.20689392089844 499.5866394042969 289.67706298828125
chair 0.1138944923877716 459.08514404296875 221.6011199951172 498.8364562988281 257.3110656738281
sofa 0.09890158474445343 324.1442565917969 218.1736602783203 498.4476318359375 300.3741760253906
chair 0.09799423068761826 199.2633514404297 272.9773864746094 235.1170196533203 318.7967834472656
bottle 0.057043347507715225 324.9346008300781 209.78956604003906 333.285888671875 226.5214080810547
person 0.056731536984443665 1.6510555744171143 269.2563781738281 59.23908615112305 372.1847229003906
sofa 0.05547328293323517 448.3691101074219 222.56878662109375 499.326171875 297.27423095703125
chair 0.053948450833559036 105.90020751953125 309.4261779785156 225.0136260986328 373.200927734375
