train 0.9460427165031433 167.9645233154297 7.946191310882568 327.8840026855469 480.3955993652344
bottle 0.6629928946495056 194.1717071533203 278.11163330078125 242.384033203125 316.322265625
train 0.45770347118377686 157.33377075195312 193.48655700683594 181.2928466796875 265.34771728515625
bottle 0.41172724962234497 198.01292419433594 277.7828369140625 229.21835327148438 307.643798828125
boat 0.40491124987602234 204.69253540039062 0.0 331.0 367.2768249511719
car 0.39444711804389954 81.11363983154297 238.15281677246094 99.80414581298828 250.41128540039062
bottle 0.28131648898124695 207.40097045898438 285.75201416015625 237.5248260498047 316.115478515625
train 0.19974273443222046 161.75323486328125 235.75244140625 331.0 371.69677734375
train 0.13730253279209137 194.22560119628906 279.49053955078125 331.0 492.2616882324219
boat 0.13376954197883606 162.652587890625 169.63040161132812 331.0 492.63677978515625
bus 0.11605711281299591 176.4302520751953 153.1734619140625 224.86553955078125 263.7341003417969
bottle 0.11515019088983536 219.8072052001953 296.1173400878906 238.41651916503906 316.2898254394531
train 0.10414068400859833 153.978515625 141.57986450195312 322.1613464355469 274.4828186035156
bus 0.09082773327827454 162.6234130859375 193.35252380371094 180.614990234375 248.27047729492188
boat 0.08864366263151169 269.590576171875 5.023514270782471 331.0 372.76690673828125
train 0.08709597587585449 267.2125549316406 315.5442199707031 329.5132141113281 484.2463073730469
train 0.07294294983148575 165.8932342529297 168.29061889648438 227.8985137939453 265.06884765625
bottle 0.06800837069749832 211.3575897216797 288.8256530761719 226.34197998046875 305.2682800292969
bottle 0.06760112941265106 231.43882751464844 306.97930908203125 255.40505981445312 330.00750732421875
boat 0.06559669226408005 167.45553588867188 246.3915252685547 328.9863586425781 364.4934387207031
aeroplane 0.057406388223171234 174.61827087402344 261.01580810546875 329.9869384765625 367.8967590332031
train 0.05369530990719795 125.44567108154297 215.67581176757812 327.9486083984375 475.57562255859375
bus 0.050771571695804596 167.29830932617188 18.596384048461914 327.5269470214844 378.56787109375
