cow 0.9125058650970459 216.35643005371094 161.85186767578125 296.48736572265625 222.85073852539062
sheep 0.749884843826294 462.83758544921875 167.57852172851562 499.668212890625 219.4003448486328
cow 0.4975340962409973 463.08807373046875 166.92262268066406 500.0 218.5431365966797
cow 0.35339242219924927 131.91720581054688 170.75564575195312 206.8858642578125 198.3748779296875
sheep 0.16804900765419006 216.1539306640625 161.20846557617188 293.6552429199219 221.49929809570312
horse 0.16725963354110718 131.01168823242188 169.9669647216797 207.88124084472656 198.68797302246094
bird 0.09591256082057953 130.43991088867188 169.6224822998047 202.39654541015625 195.77658081054688
pottedplant 0.09542202949523926 359.93951416015625 162.75296020507812 396.90570068359375 198.07650756835938
sheep 0.08827278017997742 131.54367065429688 170.11378479003906 201.82672119140625 198.5919189453125
dog 0.0871390551328659 128.28262329101562 169.745849609375 201.60536193847656 197.17860412597656
horse 0.06487645208835602 463.3837890625 166.19012451171875 499.4405517578125 218.84524536132812
horse 0.06272462755441666 216.5682830810547 160.152099609375 293.0002746582031 221.8756561279297
car 0.053687505424022675 285.7519226074219 175.9210968017578 323.648681640625 189.0030059814453
