diningtable 0.9877538084983826 23.89922523498535 2.127166986465454 500.0000305175781 281.0
chair 0.5815706849098206 391.2813415527344 0.46510523557662964 500.0000305175781 22.128190994262695
bottle 0.3379695415496826 299.248046875 0.4505282938480377 357.43499755859375 87.93904876708984
chair 0.17848481237888336 249.8450469970703 0.0 499.16448974609375 22.493982315063477
chair 0.09728360921144485 347.11968994140625 0.3218187093734741 407.9804382324219 9.379043579101562
diningtable 0.08682805299758911 315.760986328125 111.34196472167969 500.0000305175781 281.0
bottle 0.08052308857440948 154.4752197265625 14.494135856628418 222.81805419921875 95.65119934082031
pottedplant 0.07536996155977249 228.76126098632812 105.14189910888672 254.18875122070312 129.86370849609375
chair 0.06966549158096313 281.1070556640625 0.1642221063375473 445.49554443359375 10.902477264404297
diningtable 0.06727705895900726 0.0 61.24821472167969 337.7274475097656 281.0
pottedplant 0.05481097102165222 259.90142822265625 99.9021987915039 302.0417785644531 131.69752502441406
