person 0.9857490658760071 321.5891418457031 43.70349884033203 418.9184265136719 278.9588623046875
person 0.9807434678077698 416.8493957519531 85.19261932373047 495.1055908203125 268.3756103515625
dog 0.9703974723815918 111.00090789794922 163.1074676513672 261.9840087890625 304.5118408203125
person 0.9629113078117371 238.83218383789062 169.1868438720703 270.2265625 231.32762145996094
person 0.9536669254302979 307.43585205078125 134.2401123046875 393.41131591796875 237.8389892578125
person 0.8546955585479736 53.63237762451172 140.40777587890625 96.33207702636719 216.75827026367188
person 0.8388990759849548 195.13340759277344 135.4793243408203 213.3350067138672 171.79246520996094
horse 0.8310155272483826 0.15888725221157074 156.2637176513672 98.55936431884766 305.36834716796875
person 0.7372790575027466 208.43179321289062 136.6559600830078 222.12786865234375 171.888671875
person 0.6246098875999451 122.73291015625 134.171630859375 149.60472106933594 170.45797729492188
person 0.323545902967453 272.09906005859375 123.92908477783203 390.7236328125 285.2446594238281
person 0.18024110794067383 120.6242904663086 135.51829528808594 139.3983917236328 166.45960998535156
horse 0.17860610783100128 108.48783874511719 158.6934814453125 263.48199462890625 307.8561706542969
person 0.1775873452425003 124.72016906738281 137.48316955566406 136.49130249023438 148.3131866455078
person 0.176208034157753 133.83102416992188 133.79769897460938 145.37315368652344 148.14759826660156
person 0.1760757863521576 130.35374450683594 133.96958923339844 148.26890563964844 158.31781005859375
person 0.15129265189170837 43.602603912353516 141.65309143066406 97.53878021240234 276.3291015625
chair 0.12257062643766403 92.8725357055664 194.44102478027344 159.7682342529297 269.5896301269531
person 0.11792135238647461 216.08604431152344 170.12973022460938 269.3138122558594 252.234130859375
chair 0.11203522980213165 406.7386779785156 183.7250213623047 489.1277160644531 277.0210876464844
person 0.1081947386264801 463.5556640625 93.9898910522461 496.8796081542969 267.83050537109375
person 0.09494514763355255 208.58212280273438 136.88619995117188 218.5581817626953 151.81689453125
person 0.08943074196577072 122.10481262207031 137.5076904296875 136.1004180908203 155.4919891357422
cow 0.08360404521226883 109.12860107421875 160.5464324951172 267.55328369140625 304.8338317871094
person 0.07523370534181595 111.5577621459961 133.03721618652344 148.87222290039062 223.6160125732422
person 0.07292012125253677 208.91111755371094 220.6156768798828 236.58656311035156 255.12515258789062
sheep 0.06105251610279083 108.03892517089844 164.13101196289062 263.9940490722656 310.1771545410156
cow 0.0595504492521286 0.5564963817596436 161.51841735839844 99.65570831298828 306.5411682128906
person 0.055558957159519196 206.8184051513672 137.5259552001953 219.21214294433594 160.72564697265625
sheep 0.05320000648498535 0.19572246074676514 163.75376892089844 100.29362487792969 307.4659729003906
