dog 0.9820852875709534 195.20269775390625 95.65496826171875 451.720458984375 287.4551696777344
person 0.9808022975921631 5.7215094566345215 55.06331253051758 228.86500549316406 259.5544128417969
person 0.4658900201320648 114.94745635986328 62.52857208251953 421.1878662109375 268.45941162109375
dog 0.41258540749549866 194.59820556640625 91.24724578857422 327.87200927734375 259.5921630859375
sofa 0.26818811893463135 98.65258026123047 60.10634994506836 453.18426513671875 285.9122619628906
tvmonitor 0.1585659682750702 209.40493774414062 1.94990873336792 495.12872314453125 111.94660186767578
chair 0.14270715415477753 0.07344723492860794 2.1876025199890137 32.717308044433594 82.240966796875
person 0.11478681117296219 4.611761569976807 92.09166717529297 139.89830017089844 241.95582580566406
horse 0.10075633972883224 221.34083557128906 93.27840423583984 448.1131896972656 297.0887451171875
person 0.08466005325317383 105.07337188720703 9.180107116699219 372.2790222167969 177.83908081054688
person 0.06695159524679184 272.2816162109375 102.1650161743164 384.8857116699219 139.9248809814453
cow 0.06444945931434631 214.39793395996094 92.02804565429688 454.55633544921875 292.38970947265625
sheep 0.06103643774986267 214.00927734375 93.50022888183594 452.1407470703125 296.873291015625
