cat 0.9894322156906128 91.07611846923828 346.2962646484375 183.55836486816406 416.4445495605469
chair 0.5361514687538147 194.2861328125 291.5333251953125 267.884521484375 389.7538146972656
chair 0.23427221179008484 41.0975341796875 242.5312957763672 274.25146484375 412.0143127441406
chair 0.21118031442165375 37.92707824707031 8.36562442779541 279.20086669921875 433.0592956542969
chair 0.1912078708410263 79.32709503173828 287.5338439941406 235.2579345703125 394.7218933105469
boat 0.19068636000156403 72.10630798339844 3.477100133895874 303.2352600097656 423.3494873046875
bicycle 0.18344126641750336 30.075931549072266 0.0 320.0521240234375 478.32257080078125
person 0.11899930983781815 104.39466857910156 7.968595027923584 366.66717529296875 478.2548828125
pottedplant 0.10000511258840561 144.4373016357422 240.18235778808594 178.71487426757812 295.38580322265625
chair 0.07510145008563995 186.44387817382812 170.96099853515625 266.7981872558594 394.599365234375
chair 0.05449534207582474 138.22073364257812 249.36944580078125 269.2941589355469 395.89715576171875
