car 0.654560923576355 1.463956356048584 0.6309413909912109 500.0 366.78118896484375
car 0.6288317441940308 1.3503527641296387 1.4825963973999023 188.0277862548828 143.7162628173828
dog 0.5904393196105957 106.33252716064453 79.29432678222656 267.9649353027344 277.954345703125
cow 0.34926897287368774 102.60443878173828 74.15013885498047 275.8123779296875 240.95864868164062
sheep 0.2755032181739807 107.14339447021484 76.72718811035156 262.1776123046875 237.9515838623047
car 0.2643835246562958 17.865802764892578 1.8963038921356201 186.63694763183594 79.73713684082031
person 0.18830353021621704 84.67361450195312 64.15727996826172 460.0215148925781 310.0540466308594
car 0.17663460969924927 0.0 11.81447982788086 248.68724060058594 235.92149353027344
dog 0.14618869125843048 92.16229248046875 59.8731575012207 323.3392028808594 357.9414367675781
person 0.13947303593158722 117.556884765625 81.46553802490234 294.72076416015625 363.74658203125
boat 0.1055450290441513 18.68311309814453 26.41190528869629 500.0 375.0
car 0.10470492392778397 115.46842956542969 5.273623466491699 500.0 142.3084716796875
sofa 0.09969007223844528 1.9345167875289917 0.0 500.0 333.37115478515625
person 0.09315889328718185 29.599761962890625 31.685386657714844 337.0696105957031 343.99542236328125
tvmonitor 0.08886170387268066 342.79302978515625 167.44998168945312 497.6250305175781 312.5017395019531
motorbike 0.08313069492578506 0.0 1.8382644653320312 500.0 375.0
sheep 0.0728185772895813 115.17374420166016 93.19754791259766 293.8757019042969 353.66204833984375
chair 0.06085020303726196 7.649012088775635 14.574236869812012 233.67080688476562 252.408935546875
sofa 0.05936018005013466 211.97898864746094 0.0 500.0 242.72222900390625
cow 0.05895591899752617 108.96809387207031 83.80464172363281 293.3446960449219 356.6820068359375
chair 0.05200646445155144 27.117889404296875 43.001304626464844 418.1988830566406 374.17498779296875
dog 0.050828877836465836 91.22644805908203 36.16877365112305 460.61767578125 245.06298828125
car 0.050774794071912766 0.0 0.6538671255111694 174.93646240234375 44.82234573364258
person 0.05065092444419861 103.53269958496094 73.75173950195312 334.5106201171875 250.57992553710938
