person 0.9986948370933533 112.36542510986328 133.84927368164062 239.62451171875 435.3630676269531
car 0.990675687789917 23.260934829711914 184.34506225585938 361.7209777832031 415.9859313964844
person 0.9742916226387024 294.76934814453125 109.6006088256836 335.031005859375 243.6733856201172
person 0.9204680323600769 21.058452606201172 192.88522338867188 75.88479614257812 244.2885284423828
person 0.6182397603988647 131.3859405517578 110.14352416992188 164.77584838867188 164.8992462158203
car 0.6062204241752625 25.192569732666016 179.2145538330078 180.24667358398438 415.02099609375
bicycle 0.5197893381118774 133.98451232910156 261.1816711425781 220.5105438232422 481.58001708984375
person 0.47938108444213867 160.06536865234375 116.14855194091797 177.42971801757812 138.211669921875
bicycle 0.34754958748817444 79.62681579589844 0.0 272.5552978515625 367.8343505859375
motorbike 0.2285984456539154 15.336633682250977 27.568721771240234 296.63360595703125 432.74212646484375
person 0.21953146159648895 46.13819885253906 193.75135803222656 72.97026062011719 239.91578674316406
car 0.13415639102458954 185.7715606689453 157.82777404785156 362.0801086425781 400.84912109375
person 0.12624576687812805 37.78019332885742 56.95732116699219 247.52499389648438 413.7510986328125
person 0.09905644506216049 16.606115341186523 22.954635620117188 134.25433349609375 257.3295593261719
bicycle 0.08668339252471924 241.5587921142578 149.6007537841797 284.5133972167969 185.04722595214844
person 0.07586465775966644 17.531658172607422 196.3678741455078 75.44017028808594 295.47052001953125
person 0.05351174995303154 25.05487060546875 55.990142822265625 212.0503387451172 251.2525634765625
