sheep 0.9909734129905701 193.18667602539062 71.4307861328125 375.0 500.0
sheep 0.9905582666397095 40.0484619140625 72.6135482788086 216.34197998046875 363.4470520019531
sheep 0.9577678442001343 203.33985900878906 23.59992218017578 367.9371337890625 203.2511444091797
sheep 0.840400218963623 304.1590576171875 0.0 375.0 32.70591354370117
sheep 0.44610267877578735 0.542224645614624 97.96211242675781 109.28277587890625 260.6366271972656
sheep 0.3523895740509033 14.164216995239258 74.16307830810547 173.9284210205078 274.1378173828125
cow 0.17881055176258087 303.6047058105469 0.0 375.0 32.36262512207031
cow 0.1052573174238205 198.64529418945312 21.753273010253906 374.07818603515625 203.1110076904297
sheep 0.10510879009962082 97.69884490966797 74.54331970214844 211.9556884765625 231.74026489257812
sheep 0.09192592650651932 301.574462890625 3.1171910762786865 372.3433837890625 65.89685821533203
sheep 0.09118258208036423 46.46968460083008 205.432373046875 208.211181640625 333.41119384765625
cow 0.0684916228055954 48.259300231933594 65.56110382080078 215.90524291992188 364.170166015625
bird 0.06623736023902893 48.18433380126953 153.80319213867188 210.86077880859375 355.01153564453125
cow 0.06380509585142136 11.252124786376953 72.41776275634766 179.30010986328125 273.82818603515625
cow 0.060878511518239975 300.3030700683594 0.0 375.0 85.48319244384766
sheep 0.055782802402973175 74.94462585449219 93.18830108642578 314.6424865722656 383.4421691894531
sheep 0.05045497044920921 297.54296875 6.7197184562683105 373.0746765136719 118.22496032714844
