person 0.9961255192756653 36.9608039855957 59.82054138183594 205.9488525390625 373.74005126953125
person 0.9904468059539795 298.3570251464844 59.30448532104492 413.20184326171875 273.4174499511719
person 0.9882807731628418 186.39956665039062 90.06830596923828 298.7448425292969 302.8470153808594
person 0.5272151231765747 315.33123779296875 201.10472106933594 335.3772888183594 257.76318359375
pottedplant 0.5082084536552429 399.6229248046875 218.20941162109375 496.5632019042969 341.02178955078125
sofa 0.3407585024833679 0.0 275.14068603515625 65.16546630859375 368.1785888671875
person 0.2913261651992798 317.5173034667969 199.95098876953125 334.2366638183594 235.10643005371094
chair 0.23044325411319733 317.15521240234375 202.37054443359375 369.76629638671875 303.32086181640625
chair 0.22220735251903534 266.78045654296875 298.40277099609375 321.1227111816406 357.309814453125
chair 0.13496913015842438 0.0025944237131625414 247.13104248046875 66.27099609375 365.9951477050781
person 0.10597796738147736 319.7669982910156 199.62257385253906 335.084716796875 220.17967224121094
chair 0.09603885561227798 315.5417175292969 330.6407470703125 346.4960632324219 355.9183044433594
chair 0.08120348304510117 0.6353976130485535 242.9981231689453 20.820457458496094 281.5204772949219
bottle 0.0738929882645607 418.48529052734375 180.04107666015625 433.41571044921875 240.63031005859375
chair 0.07185430079698563 271.556396484375 288.373291015625 406.0324401855469 352.6007385253906
bottle 0.061661750078201294 419.2754211425781 346.66156005859375 500.0 375.0
person 0.056845325976610184 316.56683349609375 200.79100036621094 367.63751220703125 273.6324157714844
chair 0.05514903366565704 323.3554992675781 180.34063720703125 428.8509521484375 304.87982177734375
sofa 0.054531317204236984 0.0 284.6680908203125 452.4471435546875 368.55426025390625
chair 0.051514312624931335 89.9139633178711 290.6594543457031 476.56103515625 371.6825256347656
