person 0.9925368428230286 254.0074462890625 123.10895538330078 284.5386962890625 191.6001434326172
person 0.985267162322998 408.6129455566406 94.39236450195312 444.02117919921875 183.0543975830078
car 0.591706395149231 329.329833984375 103.80329895019531 379.55206298828125 165.44302368164062
bus 0.5743436813354492 329.0347595214844 102.59793090820312 380.0647277832031 166.61720275878906
diningtable 0.5053444504737854 449.4403991699219 77.57514190673828 499.537841796875 183.48123168945312
pottedplant 0.4342917799949646 13.988454818725586 104.05692291259766 28.939563751220703 132.82083129882812
bicycle 0.4261638820171356 256.5623779296875 155.21449279785156 282.89373779296875 201.7113800048828
car 0.368770033121109 358.8353271484375 96.45634460449219 378.7243347167969 107.93865966796875
pottedplant 0.18336129188537598 28.285465240478516 103.25778198242188 46.24391174316406 132.6381072998047
person 0.17859238386154175 112.61675262451172 32.63087844848633 142.70407104492188 152.5811004638672
boat 0.12733536958694458 449.238525390625 67.07366180419922 500.0 188.77357482910156
pottedplant 0.07777244597673416 40.59838104248047 101.02127838134766 61.2691535949707 133.08290100097656
bicycle 0.06870956718921661 260.9303894042969 160.26673889160156 276.2351379394531 198.60791015625
pottedplant 0.06809412688016891 32.803035736083984 35.5526123046875 77.87059783935547 134.0219268798828
bird 0.050382062792778015 72.93955993652344 120.90106201171875 81.75261688232422 138.0608367919922
