boat 0.974277138710022 34.23472595214844 157.52687072753906 473.8210144042969 295.1521911621094
pottedplant 0.4836602509021759 144.37884521484375 0.0 492.7088928222656 239.29713439941406
person 0.22071373462677002 66.55599212646484 352.1839599609375 75.14637756347656 370.39007568359375
person 0.13084957003593445 89.88519287109375 354.205810546875 96.35580444335938 367.992431640625
car 0.1037021204829216 223.7366180419922 167.1054229736328 244.82980346679688 185.36021423339844
sofa 0.09918075799942017 2.7488722801208496 240.20648193359375 470.45263671875 368.3293762207031
person 0.09153099358081818 109.46695709228516 356.0435485839844 115.2232437133789 368.8885192871094
person 0.06603145599365234 84.24253845214844 351.645751953125 90.22643280029297 368.63165283203125
person 0.0660286471247673 45.29306411743164 352.93011474609375 54.3642578125 366.9997863769531
person 0.059403546154499054 54.40977478027344 353.3311767578125 61.92723083496094 369.53265380859375
boat 0.05832839012145996 6.750797748565674 19.81683349609375 444.46038818359375 276.45062255859375
pottedplant 0.05010418966412544 190.9876251220703 0.0 405.91766357421875 175.46780395507812
