person 0.9921476244926453 97.39683532714844 46.34160232543945 436.48492431640625 290.3951416015625
person 0.7587518095970154 93.47679138183594 40.16400909423828 286.20074462890625 263.88397216796875
sofa 0.4622748792171478 0.0 0.0 431.664794921875 333.0
person 0.41079479455947876 99.19300079345703 40.65750503540039 362.01806640625 178.0655517578125
sofa 0.39570555090904236 121.5001449584961 0.0 500.0 237.16854858398438
chair 0.3533998429775238 163.5015106201172 7.146490573883057 472.7449645996094 177.83688354492188
chair 0.2970184087753296 83.01219177246094 145.60105895996094 462.6752014160156 333.0
chair 0.2272375375032425 134.28762817382812 165.90603637695312 241.06878662109375 325.6932373046875
chair 0.1762830913066864 129.1219482421875 2.9257161617279053 383.69781494140625 122.75811767578125
chair 0.17239375412464142 190.58570861816406 66.30728912353516 329.00518798828125 150.23114013671875
car 0.1646239161491394 0.0 244.0255126953125 79.70547485351562 330.1707763671875
sofa 0.1173572987318039 41.944175720214844 15.99854850769043 400.9105529785156 196.9285430908203
chair 0.09374339133501053 471.2605285644531 14.559539794921875 499.44097900390625 298.8804931640625
chair 0.09023591130971909 200.0730438232422 16.064456939697266 495.83740234375 329.0697021484375
person 0.0827634260058403 100.54708099365234 110.01490783691406 129.34848022460938 146.78138732910156
chair 0.08013739436864853 13.980106353759766 2.065317392349243 186.44873046875 102.22124481201172
car 0.07862072438001633 169.57398986816406 0.47137439250946045 463.52484130859375 118.79994201660156
chair 0.07330969721078873 162.91482543945312 217.12802124023438 448.99798583984375 332.74517822265625
person 0.06249379739165306 14.550265312194824 27.67702865600586 258.7906799316406 326.46484375
car 0.05854550004005432 470.2796325683594 0.0 499.7611999511719 322.06585693359375
person 0.05561206489801407 451.1595153808594 18.22614288330078 499.4635925292969 330.28485107421875
chair 0.05378948897123337 11.106212615966797 3.4871606826782227 286.8355407714844 153.5450897216797
person 0.053160104900598526 248.5868377685547 129.3112030029297 431.3106994628906 241.193603515625
chair 0.05304916575551033 72.3868408203125 21.082252502441406 380.3915100097656 192.46791076660156
