cat 0.9760057330131531 4.123056411743164 50.630027770996094 245.38107299804688 191.56741333007812
sheep 0.8670309782028198 198.1470489501953 86.74327087402344 394.412109375 296.34576416015625
cat 0.7251191139221191 11.978269577026367 51.165470123291016 375.5157470703125 258.9033508300781
cat 0.6116787791252136 197.9296112060547 64.97698974609375 382.8250427246094 283.93316650390625
cat 0.601081371307373 199.5941162109375 74.85960388183594 342.969482421875 198.00152587890625
dog 0.4004517197608948 186.19607543945312 68.16035461425781 397.80670166015625 291.17181396484375
sheep 0.287598192691803 203.43772888183594 77.28471374511719 342.8812255859375 194.41165161132812
dog 0.14887267351150513 193.58746337890625 76.22664642333984 343.22308349609375 185.86062622070312
cat 0.09325044602155685 100.84850311279297 33.5310173034668 371.5143127441406 195.87391662597656
dog 0.08133627474308014 12.126574516296387 44.590415954589844 399.07464599609375 284.6163635253906
cat 0.06772544234991074 5.424748420715332 82.24836730957031 147.75587463378906 191.21041870117188
sheep 0.06261832267045975 17.91594886779785 44.79212951660156 391.20556640625 286.7095947265625
cat 0.059067122638225555 137.5758514404297 44.36377716064453 254.84593200683594 209.7743682861328
dog 0.057736288756132126 0.0 45.56077194213867 203.84921264648438 224.3580322265625
cat 0.05651462823152542 118.06497192382812 52.65753936767578 301.2038879394531 265.71612548828125
