train 0.9995194673538208 47.37876892089844 0.0 491.54107666015625 370.8603210449219
train 0.6649223566055298 279.03826904296875 1.4732980728149414 496.88653564453125 306.0630798339844
train 0.624505877494812 67.93797302246094 80.47013092041016 206.61666870117188 213.548095703125
bus 0.2715787887573242 276.4638977050781 20.732044219970703 497.3155517578125 268.19110107421875
bus 0.16733430325984955 152.93295288085938 85.14740753173828 204.59597778320312 184.30276489257812
chair 0.11410801857709885 156.87118530273438 140.77955627441406 195.1873016357422 186.69879150390625
train 0.10560500621795654 303.27130126953125 30.322044372558594 498.5310363769531 195.23541259765625
tvmonitor 0.09616788476705551 0.09069836884737015 103.95475769042969 16.52113914489746 203.2624053955078
person 0.08584994077682495 109.93852996826172 97.74327850341797 163.8515625 204.4604034423828
car 0.08035890012979507 278.4828186035156 22.202266693115234 499.6575012207031 270.84027099609375
chair 0.07695887982845306 148.2584991455078 138.3464813232422 187.7374725341797 211.09536743164062
