dog 0.9876331090927124 77.3644027709961 63.93106460571289 261.8098449707031 265.2805480957031
dog 0.9613819122314453 64.64321899414062 60.0847282409668 500.0 268.94793701171875
cat 0.8063173294067383 297.6872253417969 64.92974853515625 496.70135498046875 242.53416442871094
cat 0.4884604513645172 83.22854614257812 65.32508850097656 500.0 261.32659912109375
dog 0.48693662881851196 291.9326477050781 62.470645904541016 500.0 241.99923706054688
sheep 0.3038041591644287 76.48722076416016 65.4000244140625 252.77362060546875 271.9275817871094
cat 0.2787579596042633 167.6566162109375 58.19260025024414 383.7620849609375 238.33367919921875
cat 0.23638667166233063 300.790771484375 62.72547912597656 382.604248046875 230.24200439453125
dog 0.22538310289382935 72.54830932617188 117.54044342041016 378.7143249511719 264.4510803222656
sofa 0.11287787556648254 34.146881103515625 22.424236297607422 500.0 289.1508483886719
dog 0.10711370408535004 162.93972778320312 61.368350982666016 394.1259460449219 236.47219848632812
dog 0.09722286462783813 298.7085266113281 67.91897583007812 384.2929382324219 230.3285675048828
sheep 0.09210065752267838 141.82167053222656 64.92168426513672 252.8527374267578 134.24253845214844
cat 0.06434307992458344 414.5975036621094 70.4423599243164 497.916015625 238.500244140625
cat 0.06362573802471161 79.47451782226562 64.39395904541016 254.8142547607422 270.7899169921875
chair 0.06265213340520859 13.064305305480957 0.0 227.3385772705078 168.92083740234375
sheep 0.05148755759000778 315.4534912109375 58.96253967285156 500.0 250.55874633789062
dog 0.051110610365867615 428.090576171875 72.67798614501953 500.0 233.9656219482422
