sheep 0.9936825037002563 45.667667388916016 84.11246490478516 376.9035949707031 225.96713256835938
sheep 0.9898508787155151 241.1821746826172 162.52688598632812 430.5303039550781 329.4483947753906
sheep 0.9327967166900635 219.70220947265625 91.31990051269531 375.22882080078125 212.15933227539062
sheep 0.25240030884742737 162.88710021972656 123.742431640625 398.8691101074219 296.45806884765625
sheep 0.24166283011436462 35.81398391723633 85.19833374023438 393.78662109375 350.57763671875
bird 0.11598066240549088 486.1456604003906 32.14611053466797 496.7406005859375 42.825645446777344
sheep 0.07912319153547287 219.45338439941406 232.19522094726562 242.4411163330078 254.1542510986328
sheep 0.07779844105243683 49.48161315917969 80.57133483886719 191.274169921875 213.54989624023438
sheep 0.06121649965643883 52.389686584472656 95.76075744628906 234.435791015625 371.843017578125
aeroplane 0.06108861044049263 300.49151611328125 5.4071526527404785 397.01287841796875 46.584312438964844
