person 0.9805487394332886 3.836280107498169 78.75859832763672 221.56268310546875 332.0
person 0.9671721458435059 192.38905334472656 94.5939712524414 319.1533508300781 332.0
person 0.8976354598999023 296.12652587890625 124.8643798828125 497.1336364746094 332.0
bottle 0.830321192741394 219.2533721923828 290.6171569824219 250.81370544433594 332.0
person 0.6855323314666748 396.69482421875 153.5327911376953 452.8846740722656 205.31561279296875
person 0.5819680094718933 463.9526062011719 146.97430419921875 499.7912902832031 300.2978515625
person 0.556617259979248 365.65289306640625 169.0766143798828 386.7603759765625 195.40867614746094
person 0.1351487636566162 20.302959442138672 50.529415130615234 473.34771728515625 331.67315673828125
person 0.12397125363349915 447.131591796875 183.36434936523438 466.19219970703125 201.64913940429688
tvmonitor 0.12184611707925797 0.0 9.562920570373535 208.85409545898438 186.74656677246094
person 0.1059536561369896 398.7378234863281 153.4825439453125 485.89996337890625 302.5487365722656
person 0.09020616114139557 129.01849365234375 77.93495178222656 226.65261840820312 332.0
person 0.0787956640124321 9.067865371704102 61.311580657958984 295.7015380859375 245.7533721923828
