motorbike 0.8295925259590149 2.6222786903381348 81.47074890136719 481.33917236328125 375.0
motorbike 0.7046803832054138 12.331463813781738 0.0 272.5982971191406 60.52272415161133
aeroplane 0.24827177822589874 0.0 86.56402587890625 500.0 355.1316833496094
diningtable 0.2163461297750473 28.63118553161621 100.45423889160156 500.0 375.0
chair 0.18739181756973267 46.34025573730469 96.48306274414062 484.54840087890625 373.3179931640625
person 0.18199118971824646 323.4158020019531 7.3077392578125 500.0 172.73133850097656
car 0.1736767590045929 0.0 76.51402282714844 490.5622253417969 364.0534973144531
person 0.13861319422721863 67.25580596923828 3.0455517768859863 498.7392272949219 177.4639892578125
car 0.11600338667631149 1.022618055343628 82.68534088134766 31.628908157348633 233.4849853515625
chair 0.06751009821891785 5.556088924407959 68.41261291503906 163.26344299316406 338.81536865234375
sofa 0.06301121413707733 19.311128616333008 89.17639923095703 486.6200256347656 362.8417663574219
motorbike 0.05676371604204178 0.0 51.99407196044922 158.15267944335938 357.4807434082031
tvmonitor 0.055794473737478256 0.5867602229118347 90.74665832519531 29.934429168701172 199.36073303222656
motorbike 0.051560159772634506 0.25979307293891907 0.0 154.72409057617188 55.34591293334961
