person 0.9907177090644836 76.99760437011719 59.290950775146484 242.0305938720703 500.0
chair 0.9380457997322083 7.262300491333008 160.38323974609375 74.6282730102539 288.6943664550781
diningtable 0.9334238171577454 186.77261352539062 280.5409851074219 333.0 500.0
chair 0.8338027596473694 0.2788962721824646 183.9393768310547 42.44377136230469 325.8774719238281
chair 0.7683900594711304 4.339076995849609 154.90673828125 58.020240783691406 243.37806701660156
diningtable 0.5440775156021118 0.0 172.93246459960938 89.2890396118164 293.6612854003906
pottedplant 0.2820732295513153 230.97540283203125 297.979736328125 302.61962890625 340.29193115234375
diningtable 0.2551013231277466 0.0 171.92613220214844 73.78730773925781 228.90135192871094
diningtable 0.1222992017865181 0.3259352445602417 174.95460510253906 50.71097946166992 330.8636474609375
chair 0.095102958381176 7.999367713928223 153.51272583007812 54.81230926513672 177.7633056640625
person 0.08630594611167908 105.22484588623047 58.51242446899414 241.54550170898438 311.5462646484375
