person 0.9848388433456421 2.8157620429992676 3.990812301635742 282.0096130371094 373.87640380859375
bird 0.9295039772987366 417.2960510253906 120.4512939453125 454.9754333496094 156.7348175048828
pottedplant 0.748440146446228 102.59032440185547 0.0 252.2156524658203 205.1319122314453
bird 0.6548465490341187 277.8114318847656 104.31127166748047 303.0929260253906 133.7192840576172
diningtable 0.6204962730407715 197.7096405029297 211.94688415527344 489.0246276855469 371.8564758300781
pottedplant 0.4999942183494568 221.2384796142578 2.415947914123535 474.0766906738281 237.3385772705078
boat 0.397747665643692 365.6327819824219 49.0590705871582 497.7611083984375 259.9851379394531
bird 0.3642328083515167 382.9908142089844 116.52068328857422 422.4563903808594 150.8262939453125
bird 0.2497660517692566 376.31817626953125 135.2978057861328 400.1502685546875 160.1385498046875
tvmonitor 0.23857097327709198 362.1532897949219 42.59687805175781 494.4185485839844 264.9659423828125
pottedplant 0.2378775179386139 355.91802978515625 19.552852630615234 495.3603210449219 257.1402587890625
bird 0.2296912521123886 396.2878112792969 126.04254913330078 418.785400390625 151.82691955566406
bird 0.19598358869552612 391.9379577636719 119.72694396972656 439.4363098144531 153.72911071777344
pottedplant 0.17047685384750366 185.30142211914062 0.0 259.3778991699219 174.42518615722656
bottle 0.13401943445205688 228.59539794921875 16.400020599365234 367.2723693847656 221.79666137695312
bird 0.11826223134994507 397.4793701171875 128.14683532714844 455.43316650390625 177.2486572265625
chair 0.10846114903688431 366.23187255859375 43.66066360473633 500.0 258.8862609863281
person 0.1083654910326004 18.274232864379883 191.9532470703125 275.4374084472656 371.89459228515625
chair 0.09946282207965851 139.39752197265625 207.68312072753906 216.95069885253906 272.6421203613281
bird 0.09132828563451767 407.66644287109375 121.19160461425781 446.9024963378906 146.6470947265625
bird 0.08277060836553574 381.138427734375 127.85517883300781 417.11865234375 159.14573669433594
boat 0.0559149906039238 370.7191467285156 118.52105712890625 459.1632385253906 250.7628173828125
bird 0.05331066623330116 417.99859619140625 121.31600952148438 438.6553955078125 139.14645385742188
bird 0.052906665951013565 392.5973815917969 121.13706970214844 416.37908935546875 143.7839813232422
pottedplant 0.05215301364660263 36.229248046875 1.003553867340088 215.42332458496094 190.95428466796875
bottle 0.05197446048259735 238.35198974609375 206.64837646484375 270.2018127441406 229.990478515625
