bus 0.9958030581474304 126.46797943115234 0.0 419.8601989746094 288.0
bus 0.9897067546844482 88.7808837890625 108.0254898071289 144.29483032226562 225.27029418945312
bus 0.9754419922828674 57.76617431640625 154.3200225830078 89.18046569824219 194.38427734375
bus 0.5758838057518005 52.10944366455078 160.96255493164062 62.94709396362305 186.00650024414062
bus 0.22618864476680756 123.44351196289062 108.16493225097656 144.3584442138672 223.9409942626953
bus 0.19245760142803192 45.184181213378906 161.79725646972656 59.70844268798828 183.75489807128906
bus 0.13283216953277588 106.31793212890625 6.614824295043945 276.1629333496094 255.55909729003906
bus 0.12186677008867264 85.97098541259766 72.45238494873047 174.58543395996094 234.37010192871094
bus 0.09163478761911392 81.38202667236328 16.20330810546875 211.70361328125 277.53857421875
bottle 0.08585548400878906 124.39456939697266 0.0 432.0000305175781 288.0
bus 0.08069460093975067 44.34400177001953 165.65200805664062 49.5041389465332 180.69314575195312
person 0.07919234782457352 236.89987182617188 106.64293670654297 251.5159149169922 125.8397216796875
train 0.06423427909612656 86.46224212646484 0.0 428.3724060058594 258.9440612792969
bus 0.06355898827314377 50.08244323730469 162.98851013183594 58.021392822265625 185.86228942871094
bus 0.05550914630293846 43.86943435668945 164.4959716796875 53.528194427490234 180.72145080566406
car 0.05477192997932434 116.43461608886719 0.0 427.1286926269531 288.0
