chair 0.9858616590499878 111.39742279052734 0.0 379.3255615234375 124.65096282958984
person 0.9523947238922119 378.8359680175781 12.25655746459961 492.0557556152344 101.89561462402344
person 0.9240525364875793 437.72210693359375 14.673925399780273 496.9240417480469 83.78760528564453
dog 0.8106132745742798 11.511898040771484 268.4227600097656 181.77294921875 374.4820251464844
dog 0.6011530160903931 100.20616149902344 99.83345031738281 462.1395568847656 286.0458679199219
cat 0.5256206393241882 104.10040283203125 101.92695617675781 451.87109375 287.1374816894531
chair 0.3819535970687866 115.9782485961914 0.8983540534973145 195.4110107421875 71.58341979980469
sheep 0.27090752124786377 99.35392761230469 101.47140502929688 447.5069885253906 285.1930847167969
bottle 0.17862345278263092 451.9317932128906 99.355224609375 480.0254821777344 129.1817626953125
chair 0.14920233190059662 106.35807037353516 18.78952407836914 453.52569580078125 275.210205078125
bottle 0.14845722913742065 421.39556884765625 99.60794067382812 452.9604187011719 132.25399780273438
person 0.14806443452835083 393.63946533203125 45.55738830566406 492.6801452636719 93.32699584960938
bottle 0.14022959768772125 407.9759826660156 87.76618194580078 450.7316589355469 132.86190795898438
person 0.13236358761787415 113.03524017333984 35.30219268798828 448.61883544921875 288.2530517578125
person 0.09764285385608673 7.347164630889893 252.45974731445312 173.98399353027344 370.26318359375
chair 0.0927664041519165 129.62173461914062 18.584033966064453 175.97012329101562 54.37834167480469
diningtable 0.0803191140294075 38.82756423950195 1.3014006614685059 344.0177307128906 127.03932189941406
sofa 0.0747586265206337 64.9731674194336 43.66127014160156 490.3843994140625 318.3313903808594
sofa 0.06982187926769257 386.5462341308594 47.133018493652344 496.53216552734375 137.02224731445312
sheep 0.0639621689915657 11.410941123962402 266.07049560546875 166.42015075683594 375.0
person 0.06107496842741966 440.4540100097656 16.47416877746582 495.2646484375 52.17998123168945
car 0.05792611837387085 0.18289075791835785 285.8042297363281 48.65188980102539 373.04248046875
bottle 0.05205477401614189 435.8128967285156 100.15135192871094 475.5743408203125 130.9031524658203
