person 0.9867839813232422 105.2815170288086 60.79457473754883 330.550537109375 321.08197021484375
person 0.9856770038604736 314.70928955078125 62.09023666381836 483.5425720214844 333.0
person 0.9735775589942932 3.58066987991333 3.266129493713379 103.39414978027344 259.65545654296875
diningtable 0.9112087488174438 3.67838454246521 245.13262939453125 326.4018859863281 331.9557189941406
person 0.73285311460495 88.43578338623047 72.50689697265625 153.43861389160156 191.4987030029297
person 0.5791529417037964 87.20926666259766 67.9081802368164 121.8615951538086 111.6377182006836
person 0.5790035724639893 1.653504490852356 77.48670196533203 38.15834426879883 261.9781799316406
person 0.3291621208190918 96.38124084472656 72.32210540771484 195.2379913330078 247.94581604003906
pottedplant 0.30141082406044006 211.53314208984375 1.6886210441589355 301.5461120605469 73.80084228515625
chair 0.2827063202857971 293.1363525390625 213.1963653564453 349.9960632324219 329.54083251953125
bottle 0.2550870478153229 239.8170928955078 1.8042876720428467 261.8788757324219 36.83536911010742
chair 0.22453567385673523 297.9873046875 176.1800994873047 357.7832946777344 224.22923278808594
chair 0.17960134148597717 311.01190185546875 221.28712463378906 345.26971435546875 286.3376159667969
person 0.1671590805053711 118.8234634399414 86.55280303955078 154.4061737060547 120.72582244873047
person 0.1592547744512558 103.4341812133789 83.07311248779297 155.73194885253906 142.57415771484375
pottedplant 0.13488860428333282 300.7867736816406 174.84266662597656 363.2970886230469 240.0066375732422
person 0.13487523794174194 90.61329650878906 68.26490020751953 140.2201690673828 124.35008239746094
chair 0.07814926654100418 246.3332061767578 194.6002197265625 354.8429870605469 333.0
person 0.07073082774877548 88.9930648803711 69.59603118896484 130.1981964111328 163.94833374023438
person 0.06639014184474945 26.371761322021484 75.0101089477539 152.71629333496094 211.28549194335938
chair 0.0615680068731308 115.38288116455078 184.07191467285156 337.3056335449219 324.6023254394531
bottle 0.0592847540974617 476.0517883300781 143.5177001953125 499.4212951660156 293.6117248535156
chair 0.05704830586910248 87.31499481201172 98.36015319824219 156.6755828857422 197.88182067871094
