sofa 0.7828349471092224 151.33493041992188 279.50201416015625 375.0 500.0
sofa 0.777581512928009 45.14738464355469 145.69393920898438 363.517333984375 481.9501647949219
chair 0.6876724362373352 47.141990661621094 139.7464141845703 369.30517578125 478.6405029296875
chair 0.49263277649879456 98.51654815673828 141.94248962402344 316.2061462402344 223.79981994628906
car 0.2589031159877777 317.7576904296875 290.23126220703125 373.6777038574219 360.0594787597656
sofa 0.2382737249135971 87.74855041503906 141.66969299316406 320.0066833496094 229.4127960205078
chair 0.1620064079761505 75.58783721923828 145.3870849609375 333.4576721191406 318.7197570800781
motorbike 0.07826787978410721 22.518539428710938 134.7446746826172 364.2786865234375 485.12628173828125
horse 0.07278860360383987 141.50880432128906 96.52338409423828 167.5779266357422 121.00807189941406
chair 0.07062619924545288 141.7921600341797 255.44052124023438 375.0 495.2466125488281
tvmonitor 0.06188849359750748 0.0 62.085723876953125 98.58426666259766 143.0711669921875
person 0.05651320889592171 366.73095703125 247.4789581298828 374.243896484375 302.8143005371094
person 0.054115165024995804 31.34555435180664 143.83583068847656 362.2232360839844 480.43182373046875
