pottedplant 0.9067926406860352 280.3456726074219 199.47271728515625 342.12579345703125 306.7943420410156
pottedplant 0.8958598971366882 0.0 34.717926025390625 185.065185546875 319.6493225097656
pottedplant 0.8859511613845825 338.4439697265625 112.117919921875 433.1312561035156 306.3368835449219
pottedplant 0.8022131323814392 141.33795166015625 137.85089111328125 293.60626220703125 316.92864990234375
pottedplant 0.7373674511909485 115.96932983398438 174.32061767578125 173.93711853027344 249.0090789794922
pottedplant 0.5947095155715942 94.71603393554688 231.19845581054688 178.33396911621094 329.9831237792969
pottedplant 0.5131783485412598 411.6349182128906 239.22698974609375 481.5220642089844 291.5458679199219
pottedplant 0.42832306027412415 405.6379699707031 120.33428192138672 489.0169982910156 290.9140625
pottedplant 0.2606627643108368 98.40512084960938 128.88290405273438 186.40284729003906 245.49244689941406
chair 0.15653708577156067 108.71581268310547 177.67576599121094 172.5452117919922 258.1385498046875
pottedplant 0.1506461650133133 288.3439025878906 201.8148651123047 332.1554870605469 254.16876220703125
pottedplant 0.13735073804855347 96.6554183959961 168.05029296875 168.34231567382812 229.8034210205078
pottedplant 0.07092554867267609 66.27153015136719 69.27801513671875 182.7706756591797 286.0421142578125
chair 0.05282958596944809 205.2437744140625 109.12029266357422 289.13916015625 131.4144744873047
