sofa 0.9935710430145264 191.22854614257812 173.63450622558594 498.8179016113281 371.3609619140625
dog 0.8885762691497803 337.2524719238281 221.21316528320312 401.4550476074219 271.2166748046875
person 0.8547767400741577 271.3694763183594 212.58302307128906 326.6764831542969 253.88165283203125
sofa 0.42691177129745483 203.19569396972656 175.0919647216797 396.214111328125 284.5418701171875
bottle 0.30540382862091064 114.98192596435547 233.1199951171875 159.43356323242188 279.015869140625
sofa 0.1399695873260498 255.99169921875 172.4579315185547 388.77301025390625 252.0293426513672
sofa 0.12294772267341614 0.0 332.0029296875 41.660518646240234 375.0
diningtable 0.12167556583881378 95.91114044189453 270.5344543457031 372.3406066894531 375.0
sofa 0.07210475951433182 307.4755554199219 208.888671875 494.43194580078125 371.50103759765625
tvmonitor 0.05386411398649216 113.70417785644531 238.07872009277344 157.70416259765625 280.2945251464844
chair 0.05372484400868416 0.0 333.0221862792969 42.40135192871094 375.0
