person 0.9915016889572144 6.898067951202393 35.9351806640625 254.9286346435547 213.00001525878906
person 0.8271086812019348 103.19084930419922 81.51344299316406 223.91928100585938 167.960205078125
person 0.79485023021698 103.95941162109375 20.228363037109375 269.03826904296875 192.7893524169922
sofa 0.6694716215133667 53.75733947753906 24.31279945373535 313.23779296875 211.00193786621094
person 0.6316800117492676 66.93238067626953 80.42320251464844 225.1285400390625 212.96780395507812
person 0.3897024989128113 0.9375569224357605 113.8765869140625 204.78594970703125 213.00001525878906
chair 0.29549697041511536 63.980350494384766 28.227962493896484 320.0 212.35975646972656
chair 0.2803216278553009 51.62754821777344 1.3971747159957886 187.88726806640625 106.83025360107422
sofa 0.27343857288360596 15.182806015014648 9.542838096618652 294.0343322753906 123.42150115966797
sofa 0.2613810896873474 71.44009399414062 106.23690795898438 178.5705108642578 163.00677490234375
person 0.16912858188152313 147.3098907470703 82.83627319335938 222.833740234375 149.29042053222656
chair 0.1520216464996338 78.71648406982422 19.5953369140625 206.74595642089844 147.78945922851562
person 0.12522585690021515 41.169639587402344 9.810676574707031 235.63833618164062 128.2862548828125
sofa 0.11481425166130066 67.13162231445312 94.47693634033203 223.3415069580078 174.07106018066406
chair 0.10339101403951645 70.46046447753906 104.6717300415039 181.6479034423828 162.96324157714844
chair 0.07072433084249496 127.78935241699219 24.10692024230957 217.43077087402344 105.50830841064453
chair 0.06650249660015106 34.27601623535156 13.955500602722168 256.95941162109375 121.85595703125
person 0.06193823739886284 178.23153686523438 21.564552307128906 274.6676025390625 159.9645538330078
dog 0.05740809068083763 79.76469421386719 109.62220001220703 177.12974548339844 160.95787048339844
bottle 0.050025325268507004 14.608561515808105 159.55029296875 21.742517471313477 173.2217254638672
