person 0.9964603781700134 104.98077392578125 127.38450622558594 360.9193115234375 333.79754638671875
dog 0.9791877269744873 315.2688903808594 196.1324920654297 499.9999694824219 332.4994812011719
person 0.9771081209182739 22.0350284576416 60.6810188293457 256.8526916503906 284.1474304199219
sofa 0.9485411643981934 13.442954063415527 76.55829620361328 499.9999694824219 334.0
dog 0.8529478907585144 136.78890991210938 236.28211975097656 229.32228088378906 289.3457336425781
person 0.7213723063468933 222.1082763671875 126.29021453857422 365.6136474609375 310.353759765625
dog 0.5997080206871033 173.42184448242188 236.36968994140625 226.4879913330078 282.3100280761719
bird 0.5589814782142639 364.5888671875 6.076787948608398 412.88885498046875 66.07007598876953
bottle 0.41969001293182373 368.5535888671875 7.154460906982422 412.5600891113281 68.02330017089844
sofa 0.24187470972537994 283.43017578125 136.39175415039062 499.9999694824219 331.1929931640625
person 0.17146658897399902 256.9785461425781 43.74741744995117 496.53643798828125 329.8838195800781
sofa 0.10303038358688354 176.938720703125 74.69477081298828 492.52166748046875 273.089599609375
person 0.09430789202451706 304.4288635253906 150.3653106689453 496.1832580566406 331.4805908203125
person 0.0927482396364212 136.0489959716797 234.0515594482422 224.8203125 295.404052734375
chair 0.08906568586826324 7.686464786529541 174.8249053955078 291.0887756347656 310.1941833496094
cat 0.08297323435544968 134.41847229003906 235.22415161132812 224.29139709472656 289.9626159667969
