person 0.995622456073761 12.350451469421387 59.30143737792969 374.1474304199219 479.71331787109375
diningtable 0.9202718138694763 0.0 386.26483154296875 337.8065185546875 496.9436950683594
chair 0.4665485918521881 101.8416976928711 118.8893051147461 158.02413940429688 241.16455078125
pottedplant 0.4533824324607849 0.8839065432548523 46.251670837402344 95.7820816040039 202.06048583984375
chair 0.1630668342113495 120.62480163574219 17.845291137695312 377.0 294.4486083984375
pottedplant 0.15631109476089478 116.28910064697266 107.60408020019531 141.72589111328125 140.04893493652344
chair 0.11795283854007721 108.76348876953125 121.38362884521484 147.6998291015625 163.64892578125
person 0.11615646630525589 7.024188995361328 213.41818237304688 146.61380004882812 383.4267272949219
pottedplant 0.07897640019655228 2.2318005561828613 74.96484375 50.55427169799805 179.37380981445312
pottedplant 0.07756363600492477 31.400375366210938 57.94473648071289 91.48926544189453 166.9819793701172
diningtable 0.07291044294834137 0.0 383.6270446777344 146.55091857910156 498.50531005859375
person 0.07126393914222717 10.278961181640625 60.71217727661133 230.44207763671875 392.5234375
