person 0.9896692633628845 46.680328369140625 1.923658847808838 218.8205108642578 91.9932632446289
tvmonitor 0.9357312321662903 423.4890441894531 0.0 498.4626770019531 18.219905853271484
person 0.5989739894866943 41.70808410644531 0.0 93.68118286132812 49.51616668701172
diningtable 0.546501874923706 18.166017532348633 54.57960510253906 479.6612243652344 375.0
diningtable 0.4326816201210022 325.2144470214844 71.72006225585938 500.0 375.0
diningtable 0.3932687044143677 2.6449737548828125 67.84628295898438 193.31764221191406 308.59063720703125
diningtable 0.24405847489833832 306.41778564453125 234.3207244873047 500.0 373.5624084472656
tvmonitor 0.1599883735179901 421.99267578125 0.0 496.66259765625 8.013900756835938
tvmonitor 0.11437256634235382 24.408538818359375 39.78038024902344 430.71807861328125 358.5558776855469
chair 0.10138081014156342 239.1273651123047 14.202240943908691 362.7752685546875 50.264774322509766
tvmonitor 0.08771254867315292 168.3979034423828 44.74507522583008 420.0964050292969 253.5559539794922
diningtable 0.07171257585287094 366.13446044921875 62.55204772949219 500.0 242.6805419921875
person 0.068537138402462 15.317548751831055 11.32866382598877 419.0755310058594 371.78826904296875
diningtable 0.06658706814050674 375.99169921875 142.64561462402344 498.6367492675781 317.3333435058594
person 0.06451131403446198 102.78751373291016 5.128448009490967 220.41259765625 144.00584411621094
person 0.061248984187841415 42.344322204589844 3.4919214248657227 94.16553497314453 121.59298706054688
diningtable 0.059192072600126266 0.0 133.92129516601562 318.6697692871094 364.32952880859375
