person 0.9926682114601135 239.60760498046875 67.57870483398438 494.22662353515625 375.0
person 0.9924065470695496 1.2713606357574463 56.34860610961914 170.87353515625 375.0
bottle 0.903571605682373 268.6014099121094 151.19244384765625 309.9286804199219 255.3475799560547
bottle 0.8927346467971802 210.3385467529297 155.61476135253906 228.898193359375 217.95272827148438
bottle 0.8368416428565979 165.2457275390625 169.82447814941406 191.73550415039062 243.723388671875
diningtable 0.8018684387207031 43.812522888183594 186.802734375 426.0440673828125 370.87713623046875
bottle 0.5391192436218262 158.0457763671875 169.438720703125 173.88514709472656 211.14259338378906
bottle 0.35549405217170715 156.1732177734375 167.6100311279297 176.3899688720703 249.71665954589844
bottle 0.2511940896511078 273.1019287109375 151.7506103515625 291.5992431640625 188.60536193847656
bottle 0.1704617440700531 161.13758850097656 168.89474487304688 181.5970458984375 216.05978393554688
bottle 0.09533583372831345 267.5680847167969 173.5553741455078 285.79974365234375 244.75498962402344
diningtable 0.08353883028030396 183.61337280273438 326.81103515625 436.1140441894531 374.0417175292969
bottle 0.06094435229897499 166.5914764404297 161.44667053222656 215.56549072265625 208.9569854736328
tvmonitor 0.05297040939331055 154.4295196533203 6.671701431274414 243.9412078857422 102.82637786865234
