aeroplane 0.9919078350067139 0.0 95.65238189697266 491.54034423828125 218.6715850830078
aeroplane 0.6157354116439819 0.0 125.94606018066406 312.8642883300781 210.91664123535156
car 0.47908249497413635 452.24468994140625 158.0630645751953 480.2240905761719 175.9354705810547
person 0.3463497757911682 481.61627197265625 163.58277893066406 487.99249267578125 176.0131072998047
aeroplane 0.3356194496154785 44.36501693725586 140.59400939941406 186.12045288085938 173.00027465820312
car 0.24602490663528442 425.0831298828125 166.10177612304688 466.57391357421875 180.4124755859375
aeroplane 0.16089403629302979 0.46853122115135193 148.62315368652344 166.42831420898438 178.19610595703125
aeroplane 0.14080193638801575 87.98399353027344 148.05035400390625 178.00711059570312 171.02340698242188
aeroplane 0.14024651050567627 31.5867977142334 100.09295654296875 345.3537292480469 179.91622924804688
aeroplane 0.13548985123634338 0.0 155.91009521484375 33.7957649230957 178.69976806640625
car 0.12956824898719788 443.91717529296875 167.31765747070312 467.0824890136719 180.17506408691406
bus 0.11852812767028809 430.76824951171875 165.06224060058594 467.506103515625 179.98077392578125
aeroplane 0.10248788446187973 78.96832275390625 143.7727508544922 138.13412475585938 170.7003631591797
bus 0.07663377374410629 452.32366943359375 158.08245849609375 480.3847961425781 175.88137817382812
aeroplane 0.05818991735577583 388.7040100097656 137.3394775390625 485.771728515625 175.14892578125
