person 0.9955660700798035 163.4765167236328 107.52355194091797 253.53793334960938 328.633544921875
person 0.9594361186027527 92.45474243164062 141.5227813720703 152.9512481689453 229.15074157714844
car 0.8821439146995544 0.13447503745555878 140.32632446289062 125.67760467529297 175.73130798339844
motorbike 0.8761835098266602 36.617549896240234 180.0692596435547 300.5814514160156 368.6575012207031
motorbike 0.848621129989624 40.977447509765625 155.88592529296875 184.1811065673828 243.31690979003906
motorbike 0.8246382474899292 278.6661376953125 172.0585479736328 342.5268859863281 236.8261260986328
car 0.8235158920288086 239.6342010498047 142.6003875732422 336.04052734375 182.2963104248047
person 0.7435846924781799 130.22344970703125 137.05384826660156 171.75860595703125 237.25735473632812
car 0.6769174933433533 45.44651412963867 141.30593872070312 125.21499633789062 168.3546142578125
person 0.506524920463562 316.8940734863281 171.15875244140625 341.0880432128906 224.31216430664062
person 0.3033728003501892 148.1936492919922 137.7813262939453 170.9075469970703 228.1106719970703
person 0.2301570624113083 329.0552062988281 151.8420867919922 342.5039978027344 186.52671813964844
car 0.2161359190940857 307.6326599121094 144.38494873046875 342.90802001953125 165.23207092285156
car 0.19114916026592255 0.0 144.8780517578125 87.19487762451172 167.14541625976562
person 0.12768124043941498 323.4565124511719 152.7670440673828 342.0860290527344 202.03790283203125
car 0.09110786765813828 48.91332244873047 141.49868774414062 104.96223449707031 159.62863159179688
person 0.08466143906116486 145.85186767578125 137.19760131835938 171.2982635498047 186.09059143066406
person 0.08299286663532257 286.20294189453125 133.94876098632812 297.6434326171875 160.53892517089844
person 0.08155611157417297 76.93280029296875 125.49799346923828 258.6902770996094 343.0696105957031
person 0.0735311359167099 30.44407081604004 146.92111206054688 43.98294448852539 161.5929412841797
bicycle 0.06642352044582367 34.46010971069336 156.9000244140625 190.2315216064453 244.1267852783203
motorbike 0.06638571619987488 17.002840042114258 144.35328674316406 127.91869354248047 222.39862060546875
car 0.064023956656456 156.60411071777344 140.64857482910156 330.344482421875 188.4011688232422
car 0.05712437629699707 8.667637825012207 140.35012817382812 125.6256103515625 209.99234008789062
person 0.05094392970204353 31.096118927001953 134.06649780273438 52.53929138183594 161.24842834472656
