bus 0.9950597882270813 84.5289077758789 180.29074096679688 137.6378936767578 218.44284057617188
car 0.9609102606773376 149.0283966064453 220.25535583496094 498.2581481933594 362.0
car 0.9468656182289124 187.01463317871094 196.8129119873047 288.9125671386719 238.74655151367188
car 0.874028742313385 157.3176727294922 199.6883087158203 193.3466033935547 228.82083129882812
car 0.7917488217353821 65.78781127929688 193.125244140625 87.57817840576172 216.26480102539062
car 0.7857593297958374 310.7064208984375 200.21258544921875 335.5414733886719 213.95298767089844
car 0.7707136869430542 215.55300903320312 186.3768310546875 271.4329528808594 209.65513610839844
person 0.49583330750465393 265.52783203125 193.24371337890625 273.399169921875 210.030517578125
car 0.3733076751232147 292.7222900390625 200.40455627441406 318.180419921875 214.14047241210938
car 0.3316044211387634 134.3642578125 198.43788146972656 151.8829803466797 211.96002197265625
car 0.3304245173931122 154.4237518310547 199.68423461914062 170.00372314453125 212.92092895507812
car 0.19896374642848969 279.10797119140625 199.28643798828125 295.71319580078125 213.77197265625
person 0.13437126576900482 301.7783508300781 256.1235046386719 374.2424621582031 292.5885314941406
car 0.13424475491046906 275.04547119140625 198.95603942871094 313.6125793457031 214.42587280273438
bus 0.10016349703073502 67.55390930175781 192.52847290039062 88.31672668457031 215.40115356445312
person 0.08856687694787979 327.82220458984375 245.92523193359375 426.48040771484375 294.4172058105469
car 0.0883672684431076 300.9754638671875 199.17933654785156 327.64434814453125 214.14694213867188
person 0.0638670101761818 268.9613342285156 194.55670166015625 278.3914489746094 212.97003173828125
