person 0.9875354170799255 16.094938278198242 110.4033203125 149.45843505859375 352.0
person 0.9810195565223694 125.80200958251953 8.710902214050293 259.3548889160156 242.94082641601562
bottle 0.8997480869293213 235.95852661132812 179.54580688476562 265.8650207519531 249.7891082763672
bottle 0.8848326206207275 133.83624267578125 196.79637145996094 157.0272216796875 285.6277160644531
bottle 0.8291683793067932 160.71337890625 195.6515350341797 185.63526916503906 276.09393310546875
bottle 0.8250560164451599 204.1018524169922 185.0597686767578 223.85708618164062 257.5226135253906
bottle 0.6982042193412781 180.8463134765625 196.79681396484375 201.29701232910156 277.20672607421875
bottle 0.6226652264595032 189.2185516357422 184.6121368408203 205.8754425048828 264.28173828125
diningtable 0.5934346318244934 70.13787841796875 234.10496520996094 288.0 350.90863037109375
bottle 0.35381022095680237 222.83016967773438 191.29776000976562 240.26194763183594 249.0582733154297
bottle 0.16468168795108795 157.79269409179688 143.7690887451172 177.45596313476562 172.27999877929688
sofa 0.13668948411941528 0.0 167.89703369140625 161.85055541992188 340.5099182128906
person 0.1280726045370102 2.310685873031616 181.55406188964844 59.73468017578125 311.0269470214844
person 0.12779004871845245 237.24415588378906 4.081624507904053 285.08673095703125 225.3465576171875
sofa 0.1260834038257599 0.0 184.03713989257812 47.429874420166016 350.62640380859375
sofa 0.09007932245731354 3.5575051307678223 193.4996337890625 280.14520263671875 345.15911865234375
bottle 0.07749810814857483 190.58265686035156 185.729736328125 204.06793212890625 226.40060424804688
bottle 0.07552101463079453 178.91024780273438 197.48338317871094 192.1138916015625 228.59425354003906
