boat 0.9912304878234863 46.360233306884766 1.1110373735427856 195.207275390625 257.1957092285156
boat 0.9495621919631958 38.56206130981445 194.1007080078125 187.6275177001953 253.9981689453125
boat 0.21349909901618958 418.58685302734375 187.6894073486328 444.2953796386719 197.14173889160156
boat 0.21345937252044678 35.48726272583008 194.11776733398438 122.2989501953125 230.31906127929688
boat 0.1873072385787964 353.049072265625 190.5435028076172 363.9376525878906 199.3248748779297
boat 0.1506039798259735 406.9971923828125 186.83700561523438 422.2418518066406 197.23841857910156
boat 0.10038762539625168 129.96676635742188 208.36273193359375 175.41961669921875 226.51902770996094
boat 0.08416611701250076 69.02106475830078 180.71554565429688 166.8037109375 203.7066192626953
bird 0.075446218252182 125.63945770263672 92.94816589355469 134.27064514160156 108.3926010131836
boat 0.0642596036195755 2.4680233001708984 189.05245971679688 46.57186508178711 202.33335876464844
