sofa 0.7483221292495728 9.624137878417969 294.53912353515625 233.19085693359375 345.6243896484375
tvmonitor 0.6178995370864868 185.7939910888672 82.5594711303711 367.1947326660156 212.34165954589844
pottedplant 0.5890904068946838 41.878692626953125 131.55149841308594 93.7875747680664 173.3118438720703
pottedplant 0.5494164824485779 228.35244750976562 32.62483215332031 288.832275390625 77.6721420288086
pottedplant 0.24539193511009216 221.69937133789062 34.0096435546875 303.2024230957031 172.8902130126953
person 0.1834505796432495 144.24740600585938 219.27835083007812 158.6749725341797 246.99093627929688
diningtable 0.15151064097881317 10.159355163574219 294.61187744140625 234.80105590820312 348.2589416503906
tvmonitor 0.11821325123310089 179.71844482421875 219.7830352783203 344.7003173828125 299.49481201171875
chair 0.10794996470212936 64.70085144042969 280.3360595703125 100.93375396728516 304.7252197265625
bird 0.08178652077913284 194.2207794189453 41.43165969848633 233.55169677734375 78.1156234741211
diningtable 0.06435311585664749 31.039525985717773 326.91748046875 289.1209411621094 374.69073486328125
