diningtable 0.9654902815818787 22.402908325195312 193.51609802246094 500.0 375.0
chair 0.49998408555984497 479.8314514160156 133.83834838867188 500.0 213.01536560058594
chair 0.486345112323761 46.361778259277344 139.4057159423828 146.82603454589844 239.60409545898438
pottedplant 0.4225936233997345 273.4189453125 0.0 346.5868225097656 183.39031982421875
chair 0.2656196653842926 362.1661682128906 133.62933349609375 465.6221923828125 207.70712280273438
diningtable 0.2482500672340393 261.93310546875 185.41893005371094 498.5450744628906 362.883056640625
chair 0.20037119090557098 0.4649046063423157 147.31527709960938 39.22440719604492 252.88656616210938
chair 0.1408650279045105 330.80694580078125 132.24935913085938 463.33941650390625 301.854248046875
pottedplant 0.11243977397680283 34.114688873291016 41.02645492553711 53.13327407836914 80.53743743896484
chair 0.11184411495923996 299.23626708984375 159.99392700195312 355.6285705566406 272.5879821777344
pottedplant 0.06358088552951813 4.745526313781738 0.0 137.0727996826172 233.11639404296875
bottle 0.05428573489189148 139.11328125 170.49871826171875 207.66372680664062 321.2027587890625
chair 0.05270003527402878 11.421746253967285 152.47169494628906 62.32373046875 245.218994140625
bottle 0.05096772685647011 316.88079833984375 179.14190673828125 457.8993225097656 362.3797912597656
