boat 0.9908971190452576 33.47400665283203 64.09513854980469 414.4886474609375 270.11871337890625
boat 0.7652939558029175 25.827857971191406 51.81565856933594 292.4344482421875 179.6129608154297
tvmonitor 0.34744587540626526 20.285228729248047 98.98565673828125 296.69732666015625 268.2183837890625
boat 0.2846076786518097 432.9399108886719 244.61776733398438 449.6802673339844 260.7359924316406
person 0.11490949988365173 2.2395315170288086 88.49541473388672 114.71978759765625 295.9358215332031
train 0.07806630432605743 0.0 32.798587799072266 431.14849853515625 309.9468994140625
aeroplane 0.07462505996227264 0.0 34.95330047607422 452.8921203613281 308.7696838378906
boat 0.06798112392425537 250.68649291992188 69.67493438720703 408.8553466796875 258.1622009277344
chair 0.06720556318759918 388.7100830078125 276.74212646484375 434.0647888183594 316.52178955078125
boat 0.06333844363689423 25.062435150146484 51.363037109375 144.13290405273438 105.86467742919922
boat 0.06007305532693863 433.5189208984375 228.93075561523438 449.47283935546875 261.2078552246094
boat 0.05883605405688286 3.0646910667419434 63.31800842285156 196.5210723876953 314.8055114746094
pottedplant 0.05122651159763336 1.711493730545044 82.86677551269531 51.31057357788086 190.75843811035156
boat 0.0502876378595829 275.0194091796875 67.16051483154297 361.1895446777344 112.84131622314453
