person 0.9918909072875977 104.9596939086914 16.4075870513916 261.2625427246094 238.58319091796875
bottle 0.9862765073776245 95.76456451416016 163.2729949951172 187.2886962890625 375.0
diningtable 0.9053718447685242 7.733142852783203 216.6759796142578 499.3891906738281 375.0
diningtable 0.776502251625061 223.80963134765625 244.48046875 500.0 375.0
person 0.7222500443458557 460.2480773925781 47.548892974853516 497.90936279296875 284.53082275390625
chair 0.42788633704185486 141.95477294921875 162.63136291503906 260.8102722167969 232.732177734375
bottle 0.4250369071960449 331.2147216796875 179.56964111328125 422.68701171875 363.6348876953125
person 0.2699275314807892 424.28399658203125 19.11478042602539 497.4731750488281 292.0863037109375
chair 0.26501646637916565 246.3146209716797 169.32444763183594 257.44586181640625 218.16943359375
diningtable 0.2504275143146515 360.27606201171875 260.7806701660156 500.0 375.0
chair 0.19244977831840515 105.98029327392578 126.14171600341797 260.64593505859375 231.18943786621094
bottle 0.13289642333984375 371.2301025390625 291.7655944824219 416.3883972167969 367.2233581542969
bottle 0.11228592693805695 358.30242919921875 316.1454772949219 407.64276123046875 375.0
person 0.10803545266389847 464.5293273925781 106.84485626220703 498.3804626464844 214.5594482421875
bottle 0.10327805578708649 225.25439453125 213.1035919189453 234.96136474609375 255.14877319335938
bottle 0.085859514772892 372.957275390625 176.4342041015625 428.79437255859375 293.3421630859375
