bottle 0.9526710510253906 77.11312866210938 191.24644470214844 145.49595642089844 433.0413513183594
bottle 0.7638928294181824 222.4043731689453 2.167975664138794 319.0223693847656 500.0
diningtable 0.7414928674697876 2.501213550567627 347.0763244628906 353.8214416503906 498.8643798828125
pottedplant 0.6706286072731018 50.280277252197266 22.588117599487305 235.84107971191406 432.7760314941406
diningtable 0.12476658821105957 0.0 50.80434799194336 374.0 491.67822265625
bottle 0.09781046211719513 223.25 4.026578903198242 316.07470703125 256.7029113769531
pottedplant 0.07959062606096268 152.42718505859375 1.976898193359375 176.0711212158203 87.23812103271484
diningtable 0.06656934320926666 0.0 246.98495483398438 256.7306823730469 488.78277587890625
person 0.06535603106021881 113.09074401855469 21.40644073486328 220.624755859375 173.20083618164062
bottle 0.06235447898507118 100.41451263427734 13.956682205200195 327.5334167480469 478.8355407714844
bottle 0.06218750774860382 48.848670959472656 33.069122314453125 241.4608612060547 430.9709167480469
pottedplant 0.05859064683318138 61.768123626708984 0.0 354.80413818359375 485.8906555175781
pottedplant 0.05635558068752289 71.92183685302734 39.999080657958984 157.79428100585938 434.2884826660156
pottedplant 0.05520327761769295 131.50778198242188 5.915806770324707 222.4662628173828 146.1638946533203
chair 0.05445239692926407 60.639591217041016 4.8866095542907715 323.9536437988281 362.0889892578125
