motorbike 0.9813869595527649 99.76399230957031 141.41384887695312 328.5345764160156 329.9498291015625
person 0.7511323094367981 177.86512756347656 200.44395446777344 253.6441650390625 279.5894775390625
person 0.7431027889251709 163.99746704101562 152.59469604492188 294.9468688964844 316.876953125
person 0.7260892987251282 214.4770050048828 200.22474670410156 255.082275390625 272.8614196777344
car 0.40877556800842285 272.7862854003906 155.9058380126953 309.63812255859375 180.9898223876953
car 0.38823404908180237 467.50299072265625 192.55528259277344 499.04315185546875 290.6579284667969
boat 0.27345505356788635 331.73443603515625 183.595947265625 455.37237548828125 262.7032470703125
car 0.24073201417922974 327.5834655761719 153.4222869873047 402.379638671875 188.2648162841797
car 0.20172373950481415 302.1605529785156 158.1732940673828 400.6686096191406 234.9235076904297
person 0.19617553055286407 192.87115478515625 161.73681640625 307.2791442871094 271.33038330078125
motorbike 0.14788153767585754 302.28948974609375 151.58705139160156 408.0416259765625 238.3330078125
car 0.12914413213729858 65.90067291259766 137.71792602539062 93.41450500488281 154.48504638671875
person 0.12572908401489258 212.34136962890625 187.74362182617188 287.74127197265625 281.6250915527344
car 0.11555710434913635 136.51773071289062 142.8785400390625 162.16709899902344 154.1946258544922
person 0.11322880536317825 303.82330322265625 156.70533752441406 403.3848876953125 236.56527709960938
boat 0.10695361346006393 395.4565734863281 161.90411376953125 455.34844970703125 187.2067108154297
boat 0.09432505816221237 331.2165832519531 153.0858612060547 415.6965637207031 188.27890014648438
cow 0.0781702771782875 467.3438720703125 197.43426513671875 499.3921203613281 291.86004638671875
bird 0.06584152579307556 301.0790100097656 158.12539672851562 398.9981994628906 235.456787109375
boat 0.05801965668797493 304.1029968261719 163.33033752441406 416.766357421875 249.8797149658203
