person 0.9689553380012512 43.04412841796875 75.41207885742188 441.2341613769531 278.7635192871094
chair 0.7716801762580872 83.65955352783203 118.46710205078125 290.87896728515625 333.0
chair 0.37804198265075684 66.4047622680664 98.12875366210938 461.9547119140625 329.43316650390625
chair 0.3424907326698303 290.574951171875 85.96256256103516 462.375244140625 333.0
person 0.33031991124153137 152.6547088623047 78.74687194824219 446.54803466796875 208.54107666015625
person 0.1754554659128189 25.73133659362793 22.33414077758789 330.3116760253906 222.16139221191406
chair 0.15003539621829987 4.303651809692383 149.56683349609375 65.1622085571289 332.9698486328125
person 0.13704556226730347 283.1767578125 72.59970092773438 462.5367431640625 328.0640563964844
bicycle 0.07455562055110931 9.223384857177734 108.21292877197266 180.36976623535156 333.0
bicycle 0.054478708654642105 0.5719091892242432 106.99661254882812 76.39976501464844 333.0
sofa 0.05426401272416115 63.117794036865234 59.97053527832031 476.68975830078125 329.5859069824219
