dog 0.995618999004364 120.750244140625 115.50350189208984 347.7148132324219 220.00782775878906
sofa 0.9169197082519531 5.811938285827637 35.553260803222656 480.2914733886719 340.8083801269531
person 0.6452820897102356 471.5853271484375 1.4933359622955322 499.3633728027344 79.94025421142578
dog 0.3141355514526367 102.38871765136719 146.8999786376953 295.4784851074219 227.2654266357422
cat 0.2214561104774475 123.15990447998047 132.31549072265625 332.7043151855469 215.83961486816406
person 0.19649510085582733 110.40890502929688 112.36129760742188 340.5548400878906 228.5226287841797
person 0.1845567673444748 99.8705062866211 180.02438354492188 194.03158569335938 233.84463500976562
sofa 0.09258995950222015 0.0 0.0 399.35638427734375 149.25326538085938
dog 0.08730737119913101 64.65119171142578 114.03219604492188 395.9457702636719 291.1010437011719
dog 0.08632432669401169 93.61275482177734 158.14743041992188 219.86212158203125 235.76861572265625
sofa 0.07335688918828964 31.801136016845703 94.24727630615234 372.1847229003906 239.3858184814453
