dog 0.9953463673591614 98.68666076660156 143.11830139160156 247.13424682617188 330.4178466796875
person 0.946016788482666 217.3832550048828 98.32914733886719 388.69488525390625 331.6650390625
person 0.8774890303611755 376.6442565917969 0.0 498.5318603515625 332.0
sofa 0.47849610447883606 0.0 0.0 399.885009765625 327.3045959472656
person 0.46840745210647583 291.3150329589844 29.04873275756836 467.01287841796875 332.0
person 0.4462689161300659 71.41019439697266 70.75009155273438 380.04547119140625 332.0
chair 0.28524163365364075 0.0 5.6358842849731445 374.0840148925781 223.39260864257812
dog 0.11304643750190735 82.00672912597656 59.7994499206543 338.96527099609375 324.5314636230469
chair 0.08213606476783752 410.2835693359375 66.55062103271484 499.6370849609375 327.604248046875
sofa 0.07989677041769028 40.473445892333984 0.0 365.6012878417969 191.90089416503906
person 0.06408461928367615 380.5035705566406 1.5181225538253784 497.9820556640625 158.77581787109375
sofa 0.05198448896408081 411.7401428222656 59.2354621887207 500.0 324.8324890136719
