sofa 0.9788170456886292 359.12939453125 37.464324951171875 499.943115234375 141.27842712402344
tvmonitor 0.9716534614562988 147.04385375976562 0.8153128623962402 266.0042419433594 37.47991943359375
tvmonitor 0.9335152506828308 164.87127685546875 115.38219451904297 329.1334228515625 283.63275146484375
tvmonitor 0.8923922777175903 4.695155143737793 101.38727569580078 163.18148803710938 285.89013671875
chair 0.41139093041419983 0.0 60.840545654296875 119.01307678222656 127.6346664428711
tvmonitor 0.3003118932247162 0.0 80.5559310913086 137.84686279296875 210.84983825683594
bottle 0.2891332507133484 477.2491149902344 142.45504760742188 500.0 206.0251007080078
sofa 0.21764908730983734 0.0 66.78761291503906 148.2178192138672 215.68637084960938
person 0.20791247487068176 117.70878601074219 149.53848266601562 132.18443298339844 171.7724151611328
chair 0.16944622993469238 69.95159149169922 23.790904998779297 133.35482788085938 114.32865142822266
sofa 0.16399253904819489 0.0 58.84495162963867 119.15270233154297 129.50010681152344
bottle 0.11152610927820206 74.1277084350586 282.7579040527344 101.32396697998047 305.5389099121094
chair 0.10815849155187607 2.070772409439087 67.8988265991211 150.7526397705078 212.099365234375
tvmonitor 0.07135376334190369 86.7595443725586 1.216423749923706 125.84046936035156 18.645498275756836
tvmonitor 0.06251239776611328 464.5826416015625 213.995849609375 498.3759460449219 302.2835693359375
tvmonitor 0.058134645223617554 365.7121887207031 103.5750961303711 498.49298095703125 230.2616729736328
tvmonitor 0.057019852101802826 335.4907531738281 105.4401626586914 494.06146240234375 305.6318359375
