boat 0.9531244039535522 48.02195739746094 178.1302032470703 307.15142822265625 259.287353515625
person 0.8399385809898376 140.30433654785156 178.2904510498047 165.2579345703125 204.7034149169922
person 0.7318880558013916 82.44479370117188 187.0037078857422 100.12672424316406 205.87542724609375
person 0.7196340560913086 241.17527770996094 184.0992431640625 271.93292236328125 201.2875518798828
person 0.6804068088531494 90.94544219970703 183.31410217285156 107.96054077148438 204.92098999023438
boat 0.565316915512085 41.68495178222656 224.2528076171875 76.70726013183594 250.41046142578125
car 0.56035315990448 95.33648681640625 108.9651870727539 157.4164581298828 138.09237670898438
person 0.4695155918598175 168.0125732421875 187.2728271484375 187.7312774658203 202.81007385253906
car 0.4478195011615753 438.89373779296875 116.16914367675781 495.03228759765625 155.5422821044922
person 0.31342339515686035 208.89634704589844 188.98281860351562 226.03787231445312 202.0321807861328
person 0.2923011779785156 317.2018737792969 125.66040802001953 324.0771789550781 147.2949676513672
boat 0.2542955279350281 50.817665100097656 122.62471771240234 320.2362976074219 280.1974792480469
chair 0.17594480514526367 163.8097686767578 201.5111846923828 234.37423706054688 319.4227294921875
car 0.1741313338279724 394.0018005371094 117.6085433959961 447.8718566894531 150.54446411132812
diningtable 0.1661144644021988 11.34406566619873 216.87823486328125 500.0 370.5047607421875
person 0.15653133392333984 164.95123291015625 208.10906982421875 229.41209411621094 317.05322265625
person 0.13991619646549225 295.859619140625 128.2312774658203 302.170166015625 144.22132873535156
car 0.10523100942373276 0.32186418771743774 127.21615600585938 35.01851272583008 147.07318115234375
boat 0.10234592854976654 49.84126281738281 167.16783142089844 311.7192077636719 349.3797912597656
bottle 0.09073415398597717 164.24765014648438 184.6105499267578 232.1917724609375 341.5939025878906
person 0.08053667098283768 89.87263488769531 183.57455444335938 102.61239624023438 198.81509399414062
person 0.08011144399642944 374.90869140625 125.30088806152344 381.1908874511719 147.42724609375
boat 0.07174336165189743 49.49690628051758 234.23623657226562 307.72998046875 258.49456787109375
bus 0.07171476632356644 96.70000457763672 111.39134216308594 235.6282501220703 144.1943359375
car 0.07112937420606613 89.59416198730469 112.92254638671875 226.22251892089844 143.2587432861328
