bicycle 0.9331864714622498 11.551529884338379 206.9323272705078 385.0 468.5181579589844
bicycle 0.3867756426334381 11.419854164123535 212.38467407226562 211.161376953125 421.8546142578125
bicycle 0.3150922954082489 159.9753875732422 259.53582763671875 379.1680603027344 461.126708984375
bicycle 0.18175503611564636 97.0255126953125 235.33448791503906 325.7500305175781 401.9553527832031
bicycle 0.1628132313489914 0.0 111.01925659179688 249.32640075683594 454.59442138671875
train 0.1391148865222931 88.42554473876953 1.258629560470581 263.56170654296875 251.40187072753906
bicycle 0.13269956409931183 206.4203338623047 267.4938659667969 333.1366882324219 432.6158447265625
bus 0.1221325621008873 95.48887634277344 13.381678581237793 253.39881896972656 236.87486267089844
chair 0.10246659815311432 16.588871002197266 242.2662353515625 194.65625 470.4855041503906
boat 0.07092536240816116 94.87187957763672 1.6662509441375732 256.8138732910156 241.50283813476562
pottedplant 0.0575677864253521 351.1760559082031 63.06046676635742 376.63751220703125 85.25300598144531
