boat 0.7828302979469299 62.29652786254883 43.02782440185547 396.8585510253906 274.86041259765625
car 0.3827904462814331 48.57452392578125 55.911720275878906 395.5834655761719 264.6086120605469
person 0.27279239892959595 435.8976745605469 98.844482421875 498.8205261230469 258.16986083984375
boat 0.2400553971529007 161.81301879882812 184.4679718017578 265.83721923828125 261.5088806152344
person 0.17740733921527863 436.5044860839844 194.47653198242188 498.7838439941406 250.43096923828125
pottedplant 0.1128254234790802 404.18048095703125 40.99187088012695 495.30059814453125 210.14981079101562
boat 0.09508990496397018 69.46451568603516 126.26409912109375 284.57000732421875 270.9626159667969
train 0.09327612817287445 59.26110076904297 54.438079833984375 386.2568359375 276.6231689453125
boat 0.0842570960521698 135.20436096191406 152.54473876953125 342.3179016113281 265.82769775390625
boat 0.06846920400857925 249.92454528808594 105.93252563476562 328.5954895019531 157.732177734375
aeroplane 0.058536745607852936 243.2819366455078 69.01512908935547 283.3373718261719 86.5528793334961
bottle 0.05518164485692978 440.03369140625 193.650146484375 500.0 249.90057373046875
