person 0.9964208602905273 57.94765853881836 76.6939697265625 159.3511199951172 294.7483215332031
car 0.9661979675292969 329.0916442871094 122.97418975830078 500.0 208.8120574951172
bicycle 0.858218252658844 21.77960205078125 145.74183654785156 274.9063415527344 318.5218505859375
car 0.24913394451141357 26.95614242553711 109.5090103149414 69.07698822021484 135.84022521972656
person 0.2053694874048233 345.7503356933594 134.52340698242188 355.7044982910156 159.0659942626953
car 0.1998099684715271 0.37351951003074646 149.10926818847656 69.00238800048828 198.16397094726562
bicycle 0.19468896090984344 15.975317001342773 198.2642822265625 155.89292907714844 303.5164489746094
pottedplant 0.13061417639255524 300.2635803222656 98.37367248535156 326.3152160644531 160.421142578125
pottedplant 0.1096995547413826 398.9342346191406 70.99555969238281 473.77374267578125 140.44223022460938
boat 0.07774006575345993 5.498506546020508 17.20722007751465 207.86753845214844 150.50869750976562
car 0.07150712609291077 479.8211364746094 119.4179916381836 499.643798828125 128.54559326171875
person 0.06645625084638596 34.715492248535156 74.83427429199219 232.71849060058594 299.2596435546875
person 0.051597606390714645 375.4799499511719 131.52125549316406 391.1437072753906 151.4059600830078
