bicycle 0.9429022073745728 9.426823616027832 151.74925231933594 299.0 486.7221984863281
motorbike 0.8897900581359863 0.0 0.0 294.0070495605469 331.0558166503906
person 0.2879501283168793 4.388418197631836 0.0 140.68695068359375 458.07135009765625
motorbike 0.24239695072174072 129.94187927246094 0.0 292.57110595703125 208.78172302246094
chair 0.1672218143939972 23.0542049407959 175.46133422851562 299.0 497.44903564453125
bicycle 0.10199293494224548 64.82747650146484 180.3472137451172 299.0 365.2053527832031
bicycle 0.09075050801038742 7.023995876312256 63.070289611816406 171.27503967285156 464.500732421875
person 0.08874954283237457 0.0 87.09404754638672 298.1667175292969 405.87115478515625
person 0.08807262778282166 185.30906677246094 5.789857864379883 297.11376953125 208.73519897460938
bicycle 0.07153838872909546 0.0 0.0 125.60816192626953 347.3094787597656
bicycle 0.06842757016420364 183.0885009765625 0.0 299.0 203.34446716308594
car 0.06573057174682617 0.0 3.9374773502349854 297.0871276855469 262.1718444824219
bicycle 0.06449875980615616 0.0 0.0 299.0 354.5835876464844
motorbike 0.06350802630186081 15.530770301818848 0.77106112241745 278.32855224609375 164.2339324951172
chair 0.05796688050031662 2.1935536861419678 148.4855194091797 97.63468170166016 426.7469177246094
bottle 0.055036965757608414 5.926723957061768 0.0 118.75887298583984 352.52520751953125
motorbike 0.05131367966532707 0.9582940340042114 0.6938571333885193 124.79829406738281 345.3699035644531
