sheep 0.994200587272644 64.8447265625 40.708038330078125 205.6749267578125 397.88623046875
sheep 0.9928572177886963 231.95823669433594 47.58893966674805 459.0355224609375 330.1839599609375
sheep 0.9919954538345337 164.6497039794922 23.39351463317871 301.1199645996094 379.5083923339844
person 0.7259674668312073 165.64747619628906 4.1151018142700195 317.661865234375 105.34159088134766
sheep 0.558596134185791 101.75326538085938 16.484189987182617 314.4014892578125 242.09576416015625
sheep 0.14421284198760986 158.0734405517578 7.056289196014404 318.3844299316406 98.97702026367188
person 0.13675302267074585 166.78050231933594 7.991189956665039 319.3251647949219 257.3971252441406
sheep 0.11574387550354004 129.606689453125 32.67728042602539 409.30682373046875 308.74212646484375
dog 0.06896309554576874 63.19921112060547 18.219236373901367 207.8590850830078 386.92425537109375
cat 0.05619564279913902 64.55989074707031 47.212310791015625 206.5552520751953 390.7508850097656
