sofa 0.977088212966919 4.409160137176514 200.4338836669922 321.77972412109375 367.541259765625
pottedplant 0.4926643371582031 323.1376037597656 128.71255493164062 406.9541015625 256.95880126953125
dog 0.3653724193572998 61.54796600341797 172.8071746826172 124.91915893554688 208.65428161621094
sofa 0.35611021518707275 7.315530300140381 99.87906646728516 396.8856506347656 371.1294860839844
bottle 0.3058512508869171 370.0847473144531 216.726318359375 387.5704650878906 254.98135375976562
pottedplant 0.3053676187992096 294.7086181640625 12.569546699523926 473.75714111328125 374.3878479003906
bottle 0.2400064468383789 339.43829345703125 220.18927001953125 355.1116943359375 253.33204650878906
bottle 0.16933399438858032 348.959228515625 233.15345764160156 370.63134765625 254.70755004882812
person 0.0725783258676529 228.02178955078125 173.30723571777344 315.8659362792969 213.6907501220703
dog 0.07151517271995544 226.85572814941406 173.6637420654297 320.25286865234375 213.5067138671875
person 0.0710040032863617 70.51244354248047 172.39907836914062 124.44597625732422 209.26773071289062
cat 0.06633850932121277 52.8242073059082 171.8987579345703 120.78746032714844 212.625244140625
diningtable 0.06503796577453613 4.418149471282959 0.0 500.0 357.3672180175781
