sofa 0.988104522228241 49.11931610107422 213.48678588867188 476.0451965332031 371.5625915527344
chair 0.5486934185028076 322.7010498046875 186.1081085205078 402.97869873046875 248.32861328125
cat 0.38225480914115906 201.7981719970703 184.09999084472656 259.2978210449219 233.0579833984375
person 0.3680351972579956 175.14955139160156 80.25592041015625 190.6713104248047 112.59901428222656
bird 0.29065993428230286 243.72715759277344 3.4026360511779785 341.76898193359375 153.8719024658203
chair 0.2638483941555023 200.5633544921875 185.05181884765625 263.6544494628906 231.83819580078125
tvmonitor 0.1087530329823494 243.2133026123047 0.0 344.3157653808594 158.1167755126953
cow 0.08495518565177917 245.85195922851562 2.8162622451782227 341.16180419921875 155.6395263671875
aeroplane 0.06567282229661942 243.71461486816406 0.13978958129882812 343.4616394042969 154.8294677734375
person 0.06456698477268219 149.43426513671875 80.09407043457031 175.98851013183594 115.18346405029297
pottedplant 0.05272282660007477 248.89739990234375 0.0 339.73876953125 150.01873779296875
