bottle 0.9717934727668762 204.7609100341797 142.0899200439453 244.26168823242188 300.6129150390625
diningtable 0.9382298588752747 1.7859145402908325 240.52532958984375 485.9459228515625 327.0
chair 0.294968843460083 214.82603454589844 245.45103454589844 496.61346435546875 326.20281982421875
tvmonitor 0.2844159007072449 0.0 20.234783172607422 423.2239074707031 274.4308776855469
person 0.16381916403770447 211.4855194091797 232.1653594970703 481.86187744140625 325.3800048828125
sofa 0.11384457349777222 182.91148376464844 241.913330078125 498.1282958984375 325.9022216796875
person 0.07704338431358337 189.81346130371094 148.4888153076172 485.7777404785156 323.89227294921875
diningtable 0.06886577606201172 2.2665600776672363 42.892269134521484 493.0433654785156 327.0
diningtable 0.06804168969392776 9.361485481262207 263.27252197265625 275.3708190917969 327.0
diningtable 0.0554635114967823 34.98418426513672 273.57757568359375 182.17324829101562 319.9573059082031
