person 0.9980757236480713 74.14761352539062 93.23617553710938 214.4361572265625 321.5227355957031
bicycle 0.7699233293533325 68.16738891601562 130.3872528076172 249.14324951171875 273.3837890625
bicycle 0.5276868343353271 161.70571899414062 146.2491455078125 246.95626831054688 275.2952575683594
person 0.4756440818309784 72.88204956054688 94.42543029785156 133.5830078125 206.99607849121094
motorbike 0.33507731556892395 159.76080322265625 141.05162048339844 192.38986206054688 171.0861053466797
chair 0.2305893450975418 0.0 302.9288635253906 217.75497436523438 499.4857482910156
person 0.19536085426807404 71.82198333740234 94.4146728515625 114.78211212158203 169.86361694335938
bicycle 0.11978425830602646 60.19879150390625 149.06591796875 120.07411193847656 237.04885864257812
person 0.11921092122793198 73.40771484375 96.96109008789062 178.7507781982422 249.68048095703125
bicycle 0.10097356885671616 159.68630981445312 144.54095458984375 195.33383178710938 170.89508056640625
