bus 0.9882547855377197 1.758353590965271 66.94759368896484 251.86427307128906 325.98748779296875
bus 0.9851775765419006 1.988251805305481 69.55977630615234 128.52476501464844 309.74200439453125
bus 0.9823893308639526 38.167999267578125 78.0068359375 437.5284729003906 339.69537353515625
bus 0.9488369822502136 0.0 73.8009262084961 82.8889389038086 252.65504455566406
car 0.9237028956413269 0.7454977631568909 146.0685577392578 190.83953857421875 320.7790832519531
bus 0.910912036895752 32.618194580078125 77.68109893798828 234.28599548339844 235.71713256835938
car 0.8544600605964661 66.2645034790039 90.23599243164062 498.7705078125 347.47003173828125
car 0.4878165125846863 24.378263473510742 83.60973358154297 292.62603759765625 324.3719787597656
car 0.23052717745304108 37.13454818725586 76.88628387451172 247.6560821533203 202.56361389160156
person 0.19548189640045166 281.93182373046875 137.1468048095703 303.9356689453125 189.27865600585938
person 0.10800366848707199 219.9300079345703 140.102294921875 299.6479797363281 190.6937255859375
bus 0.05808662995696068 219.3604736328125 67.63050842285156 486.3915710449219 330.8643798828125
