person 0.9443739056587219 128.5736083984375 210.37640380859375 207.222412109375 395.4998779296875
motorbike 0.9366274476051331 165.68759155273438 89.02716064453125 450.0902099609375 487.60870361328125
car 0.8518457412719727 190.57618713378906 164.1099853515625 445.8477783203125 492.8469543457031
car 0.8226796984672546 0.0 255.97671508789062 153.03793334960938 379.2424011230469
car 0.48078933358192444 0.32636165618896484 255.14891052246094 126.13723754882812 315.8951721191406
motorbike 0.2430657595396042 151.60154724121094 79.56839752197266 393.8934631347656 339.24578857421875
motorbike 0.2045496106147766 1.7183947563171387 298.2678527832031 79.93999481201172 391.5396423339844
train 0.19566892087459564 168.07542419433594 133.8837432861328 451.00347900390625 499.531494140625
person 0.11519897729158401 167.1819305419922 212.08544921875 207.974853515625 383.9000244140625
person 0.09659024327993393 166.351318359375 194.51841735839844 224.5433807373047 287.9834899902344
car 0.08814729005098343 400.8647155761719 387.48046875 498.55316162109375 499.2593994140625
bicycle 0.062208086252212524 152.1772003173828 71.82923889160156 400.0920104980469 342.43963623046875
car 0.0593235157430172 1.3833999633789062 285.9188232421875 100.7853012084961 394.6980285644531
tvmonitor 0.057081881910562515 275.4459228515625 432.638427734375 391.6658935546875 499.14324951171875
bus 0.05220181494951248 195.01052856445312 161.30642700195312 438.31195068359375 466.9188232421875
