bottle 0.8515703082084656 136.8997802734375 109.0853042602539 459.93707275390625 223.61830139160156
bottle 0.6343439817428589 39.767826080322266 105.42284393310547 446.20892333984375 317.65863037109375
tvmonitor 0.37677109241485596 265.4709167480469 106.58087158203125 441.038818359375 225.3278045654297
person 0.30125609040260315 293.76318359375 169.07708740234375 315.20794677734375 199.14654541015625
diningtable 0.15980589389801025 0.0 14.446277618408203 500.0 375.0
motorbike 0.14561955630779266 9.927030563354492 1.4660310745239258 469.58154296875 371.646484375
aeroplane 0.11094223707914352 0.0 43.275291442871094 500.0 354.44207763671875
chair 0.08764991909265518 31.91632080078125 11.050457954406738 468.0370178222656 361.2931213378906
bicycle 0.08264894038438797 3.0042495727539062 7.703261375427246 482.334228515625 364.304931640625
bottle 0.07206419110298157 52.31214141845703 104.53854370117188 301.1124572753906 209.84779357910156
chair 0.07122410088777542 33.82341003417969 34.20808410644531 312.9077453613281 209.97662353515625
pottedplant 0.05329885706305504 24.43938446044922 0.0 470.77911376953125 372.0945129394531
