bottle 0.9934731125831604 107.26673126220703 11.622530937194824 248.17120361328125 500.0
person 0.8732163906097412 197.95184326171875 3.529632806777954 371.876953125 221.69863891601562
diningtable 0.7325651049613953 0.0 211.51690673828125 375.0 500.0
person 0.713297426700592 51.994384765625 9.286161422729492 362.4834289550781 226.3471221923828
bottle 0.19145193696022034 3.6364495754241943 199.1267547607422 110.78912353515625 393.4378356933594
bottle 0.16107618808746338 119.72801971435547 16.36090087890625 237.90577697753906 264.3778076171875
person 0.14140987396240234 4.275927543640137 4.303382873535156 124.43903350830078 120.27875518798828
chair 0.13003697991371155 0.0 9.56809139251709 138.44827270507812 183.4467010498047
diningtable 0.09235571324825287 47.62828063964844 364.9076843261719 375.0 498.35235595703125
chair 0.05306204408407211 228.51419067382812 128.27935791015625 354.55340576171875 220.86402893066406
