person 0.9974915981292725 132.93849182128906 84.79750061035156 277.1115417480469 382.53192138671875
motorbike 0.9391266703605652 7.072606086730957 142.34091186523438 311.24920654296875 480.07421875
person 0.9067448973655701 324.924072265625 185.2543182373047 352.4699401855469 266.5046691894531
person 0.8966387510299683 0.6803342700004578 176.93426513671875 24.049955368041992 246.46609497070312
person 0.8394981622695923 285.19183349609375 186.8963165283203 321.6546630859375 256.64520263671875
motorbike 0.7632079720497131 1.0317885875701904 205.75790405273438 48.82933807373047 268.0195007324219
motorbike 0.6725826859474182 328.9329833984375 240.4008331298828 373.3253479003906 359.02850341796875
person 0.459810733795166 20.16727066040039 176.04652404785156 34.19588088989258 204.7457275390625
person 0.3610285520553589 143.84539794921875 67.69136810302734 290.7662658691406 245.906494140625
car 0.25869354605674744 264.4075927734375 192.6839141845703 373.8956298828125 253.64419555664062
person 0.22722022235393524 309.9222412109375 182.3287353515625 327.031982421875 230.10025024414062
person 0.1905595064163208 310.0516357421875 182.0755615234375 322.6476745605469 207.03564453125
person 0.18046395480632782 1.2171390056610107 176.0477752685547 22.954727172851562 214.2149200439453
chair 0.1422606110572815 2.1210944652557373 272.303466796875 98.92765045166016 353.543212890625
motorbike 0.12968629598617554 4.263896942138672 32.612239837646484 317.35418701171875 347.3689270019531
person 0.09928116202354431 18.707448959350586 176.6560516357422 31.378952026367188 195.38168334960938
person 0.09409232437610626 22.789901733398438 181.59620666503906 38.68337631225586 233.5413055419922
car 0.09008114784955978 346.46734619140625 190.7731475830078 374.4449768066406 260.1611022949219
motorbike 0.08894838392734528 278.6942138671875 224.42398071289062 369.2092590332031 364.4737854003906
car 0.06899011880159378 0.0 22.07195281982422 332.2978515625 329.7237243652344
person 0.06798659265041351 19.536951065063477 176.8645782470703 28.331003189086914 189.35983276367188
person 0.05753675848245621 0.19299030303955078 174.25738525390625 10.696756362915039 195.51670837402344
person 0.05199817195534706 10.471028327941895 176.19033813476562 32.70820617675781 228.43780517578125
