cow 0.9521774649620056 299.5841979980469 90.50984954833984 496.7237548828125 375.0
cow 0.9471855759620667 5.263294696807861 67.78935241699219 355.41546630859375 375.0
sheep 0.5193658471107483 68.24168395996094 79.79826354980469 244.67984008789062 134.4900360107422
horse 0.5063555836677551 0.0 81.55244445800781 346.856689453125 371.64849853515625
horse 0.21374960243701935 164.9851837158203 101.33810424804688 357.5668029785156 375.0
cow 0.19872361421585083 203.20167541503906 88.2260971069336 429.9114990234375 374.98876953125
horse 0.11789128184318542 290.96551513671875 91.3388442993164 500.0 368.08544921875
sheep 0.09568758308887482 5.224918842315674 65.33255004882812 343.683837890625 371.3743591308594
cow 0.0893067792057991 57.46361541748047 76.81791687011719 310.30950927734375 148.57603454589844
sheep 0.08357226103544235 306.8297119140625 87.7372055053711 495.7632751464844 371.810546875
dog 0.08021468669176102 62.86626434326172 76.51296997070312 300.8905029296875 142.26943969726562
sheep 0.06572001427412033 0.0 3.8036513328552246 215.958251953125 88.00452423095703
cow 0.06400468200445175 329.4188232421875 95.57369995117188 499.5458679199219 242.15386962890625
dog 0.05616475269198418 1.6556645631790161 67.43900299072266 365.8064270019531 367.0850524902344
