person 0.9922823309898376 0.0 28.806873321533203 312.0252685546875 482.65673828125
bottle 0.9609763026237488 224.1420135498047 74.20840454101562 279.03570556640625 276.47540283203125
tvmonitor 0.9294748306274414 284.8780517578125 41.409847259521484 312.5018615722656 95.47380065917969
bottle 0.6661689877510071 75.77198028564453 12.268902778625488 94.96087646484375 42.69736099243164
bottle 0.42806434631347656 225.1624755859375 74.50975799560547 272.2143859863281 187.99786376953125
bottle 0.3901694715023041 89.14057159423828 7.713944911956787 111.12432861328125 35.628639221191406
person 0.28980204463005066 0.0 30.8992977142334 193.78195190429688 284.2470397949219
bottle 0.2711482048034668 39.68107986450195 32.47180938720703 77.94219207763672 108.67860412597656
bottle 0.15929776430130005 11.152947425842285 53.062156677246094 35.157596588134766 100.02249908447266
chair 0.15711618959903717 223.57955932617188 229.234375 306.6773376464844 341.1802062988281
bottle 0.08428835868835449 108.39370727539062 9.228022575378418 131.54119873046875 33.426185607910156
bottle 0.08401551842689514 28.975801467895508 9.593927383422852 124.71237182617188 109.24864196777344
bottle 0.07523176819086075 23.2011775970459 46.67271423339844 51.67361068725586 101.82810974121094
chair 0.07204198837280273 1.7310019731521606 223.40386962890625 313.0 483.1032409667969
