sofa 0.9677796959877014 393.18511962890625 168.74061584472656 500.0 249.61361694335938
diningtable 0.9584105610847473 97.54454803466797 226.84524536132812 434.6966247558594 375.0
chair 0.9442743062973022 285.37738037109375 219.087158203125 500.0 371.0035705566406
chair 0.8988049030303955 54.85619354248047 204.94723510742188 244.15809631347656 371.2444152832031
chair 0.8432466983795166 99.20254516601562 181.51742553710938 221.54786682128906 330.15728759765625
chair 0.7249586582183838 294.50274658203125 184.51022338867188 411.7857971191406 359.5134582519531
chair 0.47064468264579773 306.02203369140625 184.56951904296875 389.2281188964844 255.42039489746094
pottedplant 0.2869119644165039 316.45648193359375 49.186492919921875 404.04278564453125 130.49856567382812
pottedplant 0.20647279918193817 137.8630828857422 160.8247528076172 225.36541748046875 247.59979248046875
chair 0.19073577225208282 152.02627563476562 163.2930450439453 248.99908447265625 242.07366943359375
chair 0.1614932268857956 456.41888427734375 179.61874389648438 497.91217041015625 205.31312561035156
bottle 0.15882375836372375 214.22885131835938 235.4158935546875 229.27284240722656 256.2749938964844
pottedplant 0.1501299887895584 322.8784484863281 70.47677612304688 337.0368957519531 103.34524536132812
chair 0.12801149487495422 82.62863159179688 297.99090576171875 250.47509765625 372.29229736328125
chair 0.1230403408408165 405.4702453613281 220.067626953125 500.0 354.0022888183594
chair 0.1192999929189682 253.74508666992188 229.83035278320312 337.56060791015625 364.9578857421875
bicycle 0.10337608307600021 394.4827575683594 0.8596479892730713 500.0 47.59385681152344
chair 0.09368176013231277 222.42788696289062 218.54275512695312 396.9245300292969 369.0195617675781
chair 0.08207383006811142 128.80819702148438 168.4719696044922 257.25567626953125 295.8110656738281
chair 0.07641182839870453 117.61969757080078 189.26893615722656 319.9225769042969 367.0689392089844
chair 0.07211443781852722 219.9944305419922 229.89590454101562 305.8397521972656 366.93072509765625
pottedplant 0.07010789960622787 0.9447522163391113 8.705751419067383 18.61124610900879 34.20880889892578
chair 0.061235763132572174 192.18234252929688 169.4609375 252.7544403076172 236.2603302001953
chair 0.060441844165325165 353.08087158203125 174.18698120117188 450.4581604003906 258.1676940917969
bottle 0.058580461889505386 228.3052215576172 233.03578186035156 241.8480987548828 253.85189819335938
sofa 0.05427583307027817 50.35899353027344 194.666259765625 263.8601379394531 368.0959167480469
person 0.05396743491292 136.471923828125 161.12062072753906 225.32937622070312 263.91949462890625
chair 0.05107086896896362 285.910400390625 181.30197143554688 436.0399475097656 264.9028625488281
