sheep 0.7827568650245667 34.41607666015625 101.76451110839844 304.7016906738281 258.1066589355469
bird 0.7526989579200745 114.19072723388672 92.8037109375 214.26307678222656 156.89930725097656
sheep 0.7476296424865723 24.6605167388916 185.62078857421875 229.21554565429688 277.1189270019531
cow 0.4446731209754944 21.217302322387695 185.7554473876953 243.68661499023438 276.702880859375
sheep 0.3777608871459961 27.905757904052734 102.9658203125 211.93006896972656 217.5088348388672
sheep 0.301180362701416 78.05647277832031 94.67298126220703 211.30670166015625 159.83370971679688
dog 0.23203304409980774 19.289203643798828 184.64610290527344 246.90158081054688 274.73126220703125
dog 0.2004462480545044 26.368322372436523 94.74800109863281 355.3936767578125 261.4736022949219
cow 0.18553492426872253 27.442750930786133 128.10203552246094 307.7580261230469 266.37738037109375
cat 0.1849319338798523 25.55093765258789 96.34281158447266 256.7345275878906 259.1460876464844
bird 0.15164777636528015 24.58131217956543 96.67758178710938 354.0633239746094 255.77365112304688
dog 0.13329268991947174 76.14215850830078 93.54119110107422 213.77806091308594 160.32958984375
cat 0.09948310256004333 23.401397705078125 183.81723022460938 218.5369873046875 277.0147705078125
dog 0.06539024412631989 24.22785186767578 98.04329681396484 220.67845153808594 220.65170288085938
bird 0.05903160572052002 31.449892044067383 98.15694427490234 218.4671173095703 215.57846069335938
