bird 0.9976662397384644 227.5457763671875 35.7628173828125 435.47406005859375 456.3421936035156
pottedplant 0.5592830181121826 55.70292282104492 181.30545043945312 175.3681182861328 358.7115173339844
person 0.4829767644405365 353.9332580566406 1.2384921312332153 498.96795654296875 83.2462387084961
bird 0.16736537218093872 136.8340606689453 168.03585815429688 270.4302673339844 328.3922119140625
bird 0.13632696866989136 52.0095100402832 193.13194274902344 176.8748321533203 351.58599853515625
person 0.12247909605503082 411.5334777832031 383.91766357421875 498.47125244140625 467.9999694824219
bird 0.11666085571050644 3.2957377433776855 7.359148979187012 178.7389678955078 246.8771209716797
bird 0.11576192080974579 179.40301513671875 46.24896240234375 290.6041259765625 305.9372863769531
person 0.10165378451347351 374.9683837890625 369.8816833496094 443.6163330078125 466.8035888671875
bird 0.0957057774066925 184.8358917236328 59.53772735595703 359.8887023925781 433.3478698730469
bird 0.08755062520503998 233.12228393554688 270.4499206542969 426.7340087890625 452.7818908691406
pottedplant 0.08269156515598297 10.547218322753906 176.5611572265625 260.77081298828125 467.5945129394531
bird 0.07239711284637451 59.89369583129883 48.94929504394531 485.7915344238281 434.5878601074219
bird 0.07226647436618805 181.68675231933594 39.56321334838867 262.0683898925781 170.34112548828125
bird 0.05993345379829407 198.57138061523438 163.75035095214844 279.6240234375 266.5256652832031
bird 0.0535273402929306 14.832489967346191 27.791677474975586 301.6571960449219 372.5975341796875
bird 0.053225863724946976 23.230567932128906 179.37313842773438 261.0559387207031 380.92083740234375
sheep 0.05115488916635513 199.7118682861328 162.8733673095703 280.4499206542969 262.22149658203125
