train 0.9986951947212219 49.93353271484375 98.21488952636719 351.4674072265625 448.04931640625
train 0.81217360496521 275.1135559082031 216.93624877929688 372.7887268066406 355.88714599609375
train 0.6786279082298279 27.649940490722656 278.9483642578125 54.76882553100586 309.79351806640625
train 0.3036571443080902 232.554443359375 219.3709716796875 361.86993408203125 399.9606018066406
person 0.2970268726348877 8.650609016418457 300.5692138671875 16.78455352783203 320.4189758300781
train 0.13138991594314575 53.03864288330078 221.51715087890625 73.03607940673828 329.3696594238281
bus 0.11192768067121506 53.13782501220703 221.2870635986328 72.64692687988281 332.2923889160156
bus 0.07742462307214737 28.527585983276367 279.6313171386719 52.67817306518555 310.56744384765625
train 0.0688798725605011 6.073332786560059 277.2315979003906 56.378963470458984 311.73175048828125
car 0.06332041323184967 28.076885223388672 280.3249816894531 53.226356506347656 310.1518249511719
person 0.05998217687010765 6.372002601623535 296.28497314453125 20.18621063232422 322.2086181640625
