sofa 0.9916860461235046 243.27874755859375 134.19064331054688 448.2666015625 225.51492309570312
sofa 0.9846882224082947 0.0 140.68836975097656 172.33302307128906 319.92791748046875
chair 0.8826653361320496 105.20772552490234 114.22814178466797 156.44264221191406 175.6177978515625
sofa 0.34311214089393616 0.06612738221883774 299.62628173828125 106.25516510009766 374.74468994140625
pottedplant 0.2133847177028656 349.575927734375 81.50897979736328 362.7228088378906 100.6858139038086
bottle 0.17122484743595123 449.1131896972656 174.89076232910156 468.22607421875 210.07997131347656
person 0.11072778701782227 468.65155029296875 208.48143005371094 497.91876220703125 370.1069641113281
pottedplant 0.10591693222522736 337.31488037109375 65.1655044555664 362.7273254394531 100.06759643554688
chair 0.1029079407453537 359.5663146972656 104.0232162475586 396.24310302734375 139.1188201904297
bottle 0.08694198727607727 237.7434539794922 151.47549438476562 253.635498046875 171.79054260253906
bottle 0.06316916644573212 375.6827087402344 115.48844909667969 380.7586975097656 131.14064025878906
bottle 0.05566839128732681 373.26702880859375 83.73072814941406 379.91278076171875 103.84478759765625
