horse 0.9494105577468872 161.12225341796875 47.39999008178711 429.328857421875 317.0220642089844
horse 0.9307751059532166 5.987148761749268 54.19955062866211 219.3328399658203 294.2490539550781
horse 0.92696213722229 303.5362243652344 76.47603607177734 497.8206787109375 281.2012634277344
horse 0.5687087178230286 0.0 116.58427429199219 64.98796081542969 190.7079620361328
horse 0.4194691479206085 313.45977783203125 73.64039611816406 409.4628601074219 134.04153442382812
cow 0.22288936376571655 312.4117736816406 77.06515502929688 410.1336975097656 133.45437622070312
horse 0.19829727709293365 0.0 72.40072631835938 149.4531707763672 253.70681762695312
horse 0.1781870573759079 0.0 98.82878875732422 66.60140228271484 267.60968017578125
cow 0.1344519555568695 0.0 115.15611267089844 65.20101928710938 175.49635314941406
horse 0.11951828002929688 370.74456787109375 121.63534545898438 494.770263671875 288.6443786621094
horse 0.11146266758441925 174.14254760742188 72.78461456298828 311.8994140625 299.12353515625
sheep 0.09792689979076385 310.6227111816406 76.74752807617188 409.577392578125 131.010986328125
sheep 0.09002374857664108 477.3095703125 136.5762481689453 499.67730712890625 179.13575744628906
sheep 0.08686412870883942 401.4725341796875 133.6947784423828 497.1183166503906 178.55712890625
horse 0.07199686765670776 311.8211364746094 80.57953643798828 419.0570983886719 182.21810913085938
horse 0.0680169090628624 233.0752716064453 112.7901840209961 438.7079162597656 295.5852966308594
sheep 0.05068209767341614 210.73326110839844 206.48780822753906 273.61859130859375 257.79937744140625
