aeroplane 0.9801970720291138 0.0 101.95257568359375 472.4814147949219 245.72256469726562
car 0.8374195098876953 10.608282089233398 202.37425231933594 30.691125869750977 220.3622589111328
car 0.6853833198547363 78.51150512695312 220.25534057617188 121.29145812988281 250.7301025390625
bus 0.42633891105651855 7.645948886871338 223.31588745117188 62.26185989379883 251.61280822753906
bus 0.32741278409957886 285.6224365234375 231.05343627929688 339.33966064453125 261.4405822753906
car 0.2982461154460907 6.744062900543213 222.76419067382812 62.751129150390625 250.04196166992188
boat 0.2820160984992981 126.1513442993164 251.52047729492188 192.41629028320312 271.90625
car 0.256327360868454 284.30938720703125 231.13427734375 338.3570556640625 262.5317687988281
car 0.18163560330867767 198.27769470214844 247.94412231445312 255.35684204101562 266.5693664550781
aeroplane 0.1607304811477661 231.53208923339844 121.93074798583984 494.49609375 252.32992553710938
car 0.1234225332736969 249.4228057861328 228.94085693359375 280.658203125 241.6284637451172
car 0.1164606437087059 266.08941650390625 214.34950256347656 290.69110107421875 237.6051483154297
aeroplane 0.11456804722547531 54.21508026123047 135.19204711914062 439.5089111328125 222.41879272460938
car 0.11351734399795532 0.0 208.219482421875 11.703106880187988 231.61309814453125
car 0.09929314255714417 200.4713134765625 230.76963806152344 245.76429748535156 244.81138610839844
car 0.08307680487632751 67.1468505859375 192.25794982910156 98.20035552978516 208.12945556640625
bus 0.06886082887649536 266.31524658203125 213.6465606689453 290.03448486328125 238.69241333007812
train 0.06338459253311157 6.7953643798828125 222.9521026611328 63.55557632446289 250.07955932617188
aeroplane 0.05312466621398926 66.29915618896484 192.28150939941406 99.25080871582031 207.37786865234375
boat 0.05260477215051651 284.0167541503906 231.5571746826172 341.9122009277344 261.6087951660156
