boat 0.9806275963783264 48.8141975402832 28.036779403686523 355.38916015625 291.46746826171875
boat 0.9430049657821655 1.5241920948028564 59.34418487548828 129.995849609375 249.1235809326172
boat 0.7265750169754028 375.78729248046875 214.30270385742188 399.3021240234375 231.0220947265625
boat 0.5631468296051025 345.80987548828125 206.23255920410156 367.9840393066406 232.061767578125
boat 0.5276716947555542 61.7132682800293 184.88705444335938 329.1505126953125 286.19775390625
boat 0.458324134349823 0.5164601802825928 142.59486389160156 81.79354858398438 244.70350646972656
boat 0.31893664598464966 0.7407573461532593 177.95452880859375 103.4736328125 260.3405456542969
boat 0.31680452823638916 448.6189270019531 163.42152404785156 499.9049377441406 207.845458984375
boat 0.2697221040725708 347.0311279296875 218.4300994873047 365.5073547363281 232.19859313964844
boat 0.2658662497997284 130.7567901611328 164.2752227783203 217.34376525878906 205.73373413085938
boat 0.2570420503616333 356.2777404785156 214.05093383789062 396.86383056640625 232.049072265625
boat 0.14050379395484924 28.32497215270996 71.94930267333984 188.03317260742188 271.96820068359375
boat 0.11407866328954697 1.2042686939239502 164.5936279296875 178.7377471923828 253.52749633789062
boat 0.11039624363183975 345.5093688964844 220.6170654296875 378.5448303222656 232.4859161376953
boat 0.0992557555437088 2.412639617919922 188.289794921875 79.56883239746094 236.77481079101562
boat 0.09803353995084763 350.7879943847656 208.45318603515625 379.1275329589844 231.26235961914062
car 0.07126644998788834 445.69049072265625 164.57611083984375 497.88311767578125 207.32276916503906
boat 0.06909503787755966 345.2979736328125 192.6818389892578 374.7273864746094 230.63031005859375
aeroplane 0.06336073577404022 445.5386962890625 163.07528686523438 500.0 206.50550842285156
chair 0.06302212178707123 33.49070358276367 51.62044906616211 134.4929962158203 226.37889099121094
boat 0.06013458967208862 250.232421875 172.7372589111328 345.8064270019531 226.10874938964844
boat 0.0540873222053051 345.2220458984375 203.39466857910156 403.9757080078125 232.2014617919922
person 0.05113905668258667 104.06190490722656 120.86467742919922 110.98388671875 136.808349609375
