bus 0.98618084192276 2.0270917415618896 0.509861409664154 404.8755187988281 396.28216552734375
car 0.9661461114883423 388.4742736816406 195.06617736816406 497.625 262.76983642578125
person 0.6944680213928223 389.1644592285156 191.16207885742188 403.0085144042969 205.4656219482422
person 0.680971086025238 402.0326843261719 202.01856994628906 428.6998596191406 226.32469177246094
person 0.5748245716094971 440.5635070800781 186.863525390625 452.0360412597656 196.5950927734375
person 0.37711578607559204 389.8751525878906 191.56947326660156 405.35260009765625 216.30868530273438
tvmonitor 0.37267938256263733 387.830322265625 169.40737915039062 471.7844543457031 199.3584442138672
bus 0.3217800259590149 0.0 13.844830513000488 123.7432632446289 409.0
person 0.28610658645629883 386.47918701171875 187.6064910888672 396.6780090332031 203.03221130371094
person 0.20370319485664368 388.95452880859375 192.295654296875 415.2643737792969 224.1851348876953
person 0.16489632427692413 469.8411865234375 301.9445495605469 498.67620849609375 333.4937744140625
train 0.1640019565820694 0.0 0.0 403.0268249511719 375.2665710449219
bus 0.1455754041671753 210.1102752685547 2.566032648086548 400.2314758300781 409.0
chair 0.11609553545713425 114.41966247558594 185.7516326904297 184.73953247070312 305.0194091796875
person 0.10320495069026947 410.0483093261719 203.9094696044922 428.3882141113281 219.465087890625
bus 0.10045962780714035 0.3550831079483032 24.80976104736328 213.10134887695312 320.9578857421875
person 0.09891200810670853 130.6588134765625 131.22119140625 181.8934783935547 177.654541015625
car 0.08909498900175095 390.7685241699219 195.09584045410156 496.0063171386719 226.92669677734375
person 0.08831950277090073 114.47235870361328 186.9971466064453 146.02606201171875 247.39337158203125
tvmonitor 0.08758881688117981 117.91360473632812 129.01800537109375 193.48004150390625 185.5076904296875
person 0.07548939436674118 481.9421081542969 302.55828857421875 499.55535888671875 329.3321228027344
car 0.05962659791111946 0.0 13.355049133300781 123.4519271850586 409.0
chair 0.05073775351047516 113.44630432128906 186.98974609375 152.28184509277344 255.12962341308594
