pottedplant 0.7874647378921509 281.79449462890625 311.4982604980469 341.6441650390625 474.92669677734375
pottedplant 0.3673362731933594 174.75119018554688 61.511474609375 368.1082763671875 485.2873229980469
pottedplant 0.366812527179718 32.83782196044922 0.0 374.0635070800781 487.37237548828125
diningtable 0.25973597168922424 0.0 103.0314712524414 374.7906188964844 500.0
person 0.2282118946313858 76.50862884521484 5.031020641326904 371.7353515625 487.5323486328125
bird 0.21041510999202728 190.6146240234375 155.99935913085938 210.98178100585938 185.2590789794922
pottedplant 0.12059451639652252 268.6088562011719 222.05117797851562 344.4906921386719 468.92425537109375
chair 0.11986182630062103 7.706494331359863 95.79931640625 368.9643859863281 494.7987976074219
pottedplant 0.08455900847911835 95.8615951538086 328.4122009277344 182.643798828125 397.6756591796875
cat 0.05720386281609535 16.70273780822754 23.290924072265625 358.56195068359375 500.0
diningtable 0.051265884190797806 0.0 327.1773681640625 375.0 500.0
