bird 0.9956440925598145 394.371337890625 182.5110626220703 490.2056579589844 239.89630126953125
bird 0.9884346723556519 377.5437316894531 217.1566619873047 446.5078430175781 290.8847961425781
bird 0.9783198833465576 95.3322982788086 89.02239227294922 156.1927490234375 147.90980529785156
bird 0.9645808935165405 229.36907958984375 238.67979431152344 292.5554504394531 309.8520812988281
bird 0.963386058807373 160.8875732421875 198.5459747314453 197.734619140625 257.64874267578125
bird 0.951701819896698 163.81179809570312 92.85343170166016 248.80740356445312 215.19564819335938
bird 0.8468558192253113 202.09056091308594 100.12290954589844 256.4896545410156 164.00575256347656
bottle 0.8156944513320923 257.0628967285156 9.16458797454834 327.8040771484375 244.9927215576172
bird 0.4754931628704071 95.21260833740234 126.07547760009766 155.1297149658203 148.68727111816406
bird 0.440871000289917 164.79270935058594 90.15106964111328 214.5718536376953 191.21121215820312
bird 0.34820422530174255 204.07432556152344 110.03546905517578 260.02496337890625 202.08319091796875
bird 0.1279570311307907 178.69590759277344 141.51171875 255.19308471679688 215.3207244873047
bird 0.09474538266658783 172.20677185058594 179.86337280273438 199.3444061279297 211.3386993408203
bird 0.09104320406913757 170.22308349609375 179.90313720703125 234.71104431152344 214.93267822265625
