cat 0.9956022500991821 68.17518615722656 45.84531784057617 468.75830078125 332.69012451171875
sofa 0.3209579885005951 334.8970642089844 208.24159240722656 498.13031005859375 374.2815246582031
chair 0.18825110793113708 379.64031982421875 1.5449094772338867 495.7031555175781 127.5088119506836
cat 0.11489111185073853 112.1093521118164 104.72962951660156 333.51495361328125 189.0956268310547
cat 0.11216581612825394 75.91175079345703 20.240800857543945 378.53753662109375 181.31309509277344
bottle 0.11127755045890808 387.5020751953125 2.6407384872436523 500.0 119.34568786621094
person 0.1108994334936142 222.84524536132812 10.34761905670166 498.1949462890625 375.0
chair 0.10558277368545532 0.0 216.66123962402344 118.60962677001953 375.0
dog 0.10188470035791397 59.96824645996094 65.18354797363281 492.1717224121094 362.3746032714844
chair 0.08895982056856155 15.944905281066895 6.661477088928223 391.62396240234375 218.30397033691406
sofa 0.08694757521152496 0.0 0.0 500.0 375.0
pottedplant 0.08492793887853622 384.5671691894531 0.5041837692260742 497.69488525390625 123.91150665283203
sofa 0.07719369232654572 2.4548473358154297 0.4957294464111328 403.8137512207031 160.23867797851562
chair 0.07308642566204071 293.3418273925781 10.557246208190918 500.0 362.6163330078125
chair 0.06830629706382751 26.243629455566406 0.0 500.0 353.7914123535156
cat 0.06667725741863251 7.48821496963501 11.877293586730957 304.8258972167969 355.2387390136719
chair 0.060905445367097855 335.0717468261719 206.03656005859375 500.0 375.0
person 0.05901138484477997 330.1554870605469 160.63157653808594 497.21087646484375 369.82440185546875
pottedplant 0.058374546468257904 147.00018310546875 283.3601379394531 221.33570861816406 343.32208251953125
sofa 0.051614075899124146 16.299907684326172 209.67137145996094 500.0 375.0
pottedplant 0.051162030547857285 394.04034423828125 0.0 442.3288879394531 59.158912658691406
person 0.05010448768734932 113.08012390136719 0.0 426.68023681640625 154.7184295654297
