boat 0.9777872562408447 112.26551055908203 157.81268310546875 321.544677734375 374.8108825683594
person 0.9423122406005859 160.1225128173828 283.78704833984375 183.12493896484375 321.791015625
person 0.8253376483917236 112.31842041015625 219.16546630859375 124.6795883178711 251.34613037109375
person 0.8162283301353455 258.4412841796875 288.11724853515625 278.8892517089844 315.46533203125
person 0.8061871528625488 151.895751953125 264.96429443359375 172.45761108398438 311.02923583984375
person 0.7970786690711975 123.33116149902344 217.3468017578125 135.59361267089844 248.2473602294922
boat 0.5007377862930298 48.070220947265625 86.25102233886719 375.0 144.80152893066406
person 0.3628791272640228 117.52942657470703 218.0644073486328 132.04522705078125 252.48092651367188
person 0.28379255533218384 201.27999877929688 170.5356903076172 208.16021728515625 189.55323791503906
boat 0.2708556056022644 136.58062744140625 18.428997039794922 296.7906494140625 341.0892028808594
person 0.19705021381378174 259.9316711425781 287.7521057128906 272.08123779296875 309.50640869140625
boat 0.18609915673732758 42.75039291381836 104.86138153076172 82.32716369628906 133.81198120117188
boat 0.16196522116661072 138.85682678222656 177.61932373046875 294.5780334472656 311.6169738769531
person 0.1363503336906433 152.99002075195312 264.56927490234375 169.26632690429688 290.3291320800781
boat 0.13567878305912018 137.4517059326172 42.304771423339844 266.3986511230469 237.71153259277344
person 0.12696322798728943 133.21449279785156 247.36891174316406 145.0380401611328 265.717529296875
person 0.1133110299706459 124.80736541748047 217.5535125732422 135.98973083496094 234.8689727783203
person 0.10918305069208145 145.77896118164062 262.33251953125 165.99778747558594 300.13519287109375
person 0.1039130911231041 145.71206665039062 272.438720703125 159.41236877441406 300.1153564453125
person 0.0977439284324646 258.376953125 289.29144287109375 269.99224853515625 324.0941467285156
boat 0.09491707384586334 44.649566650390625 97.36988830566406 197.54498291015625 135.83761596679688
chair 0.0937616154551506 261.25433349609375 300.56524658203125 279.09967041015625 324.5306091308594
person 0.08271288126707077 170.04490661621094 219.1145477294922 181.74452209472656 242.1590576171875
chair 0.07343921810388565 202.6500244140625 286.1449890136719 239.75775146484375 324.46441650390625
person 0.07002785056829453 251.65328979492188 281.3970642089844 273.53094482421875 320.12176513671875
boat 0.059217896312475204 69.56893157958984 91.30754089355469 201.44496154785156 121.61880493164062
person 0.05222190544009209 126.26315307617188 216.5413360595703 140.86581420898438 250.38796997070312
person 0.051118314266204834 262.82525634765625 295.00543212890625 278.8434143066406 324.56207275390625
