person 0.9922309517860413 183.46798706054688 30.383731842041016 328.8448486328125 275.69134521484375
person 0.9918917417526245 309.9304504394531 29.37513542175293 432.6626892089844 258.87701416015625
person 0.9595962166786194 87.07937622070312 116.11944580078125 170.3311767578125 210.6848602294922
tvmonitor 0.9496896862983704 0.2601683735847473 162.19284057617188 60.48316192626953 233.2527313232422
tvmonitor 0.7271890044212341 300.4006652832031 156.9133758544922 352.2851257324219 218.32391357421875
bottle 0.7073212265968323 322.367919921875 209.79122924804688 346.0775146484375 285.7352294921875
diningtable 0.7033326029777527 0.0 240.52024841308594 500.0 316.0
person 0.5121232271194458 89.5180892944336 115.60064697265625 229.54371643066406 276.6976623535156
chair 0.409041166305542 302.604736328125 163.16448974609375 447.02215576171875 262.77435302734375
chair 0.2845589816570282 469.87811279296875 212.3642120361328 500.0 252.5634307861328
tvmonitor 0.2641504406929016 155.75204467773438 47.97903823852539 251.2502899169922 111.58151245117188
tvmonitor 0.21923033893108368 49.81954574584961 209.3893585205078 167.27359008789062 280.5141296386719
tvmonitor 0.2104136347770691 304.79534912109375 156.8709259033203 438.5834655761719 254.18321228027344
tvmonitor 0.1811472773551941 267.9627990722656 154.4468536376953 360.048583984375 237.75180053710938
chair 0.16031824052333832 338.8674621582031 203.12405395507812 447.16497802734375 257.44012451171875
car 0.10760373622179031 297.0470886230469 155.36752319335938 447.6278076171875 264.04083251953125
tvmonitor 0.08537574857473373 153.59420776367188 142.1710662841797 172.31581115722656 174.10923767089844
diningtable 0.07025360316038132 258.52117919921875 247.421142578125 500.0 316.0
bottle 0.05971284583210945 310.6189270019531 213.15188598632812 326.21136474609375 260.1339416503906
