tvmonitor 0.9490361213684082 278.75738525390625 52.4985466003418 495.52239990234375 187.52420043945312
cat 0.8797139525413513 0.0 42.43495178222656 188.14932250976562 364.2214660644531
sofa 0.8290441036224365 0.0 123.8716812133789 500.0 372.27874755859375
person 0.7516429424285889 282.8810729980469 2.287595272064209 419.36279296875 52.73303985595703
person 0.3387981057167053 320.0560302734375 0.977134108543396 414.70782470703125 37.3818473815918
dog 0.30640026926994324 0.0 27.26404571533203 198.3811798095703 366.7489318847656
sofa 0.16797694563865662 0.0 36.099056243896484 265.6969299316406 375.0
chair 0.09686288982629776 0.0 27.30297088623047 194.2582244873047 279.9616394042969
person 0.08881696313619614 43.08894729614258 30.788196563720703 498.2483215332031 368.529296875
person 0.08690885454416275 343.8594665527344 1.191880702972412 398.7408142089844 30.532146453857422
person 0.06270249933004379 3.124501943588257 26.124773025512695 202.90835571289062 365.0245056152344
