sheep 0.9955515265464783 76.89669036865234 127.89964294433594 224.5029754638672 301.1310729980469
sheep 0.9899489879608154 0.6454818844795227 106.19823455810547 105.80829620361328 240.363525390625
sheep 0.9873239994049072 404.6498718261719 136.59226989746094 499.2647399902344 291.8402404785156
sheep 0.9837628602981567 238.83062744140625 142.96920776367188 329.3701477050781 309.0902404785156
sheep 0.7959563136100769 256.38275146484375 112.14999389648438 362.48504638671875 188.76953125
sheep 0.23575057089328766 404.32122802734375 135.780517578125 479.0787658691406 161.77963256835938
sheep 0.22330719232559204 17.31584930419922 100.7844009399414 359.8630065917969 262.896484375
sheep 0.18868768215179443 428.57037353515625 124.57335662841797 459.20745849609375 143.35260009765625
sheep 0.17181096971035004 400.3833923339844 123.1669692993164 433.16461181640625 140.48085021972656
sheep 0.1675117015838623 486.24310302734375 116.1402359008789 499.3699035644531 142.07875061035156
sheep 0.1398923695087433 435.1995849609375 111.95314025878906 470.5208740234375 128.06809997558594
sheep 0.11094095557928085 2.306957960128784 103.86920928955078 33.65567398071289 122.87178039550781
sheep 0.09387442469596863 429.8608093261719 124.63973236083984 480.14678955078125 146.73338317871094
sheep 0.0630408525466919 405.06304931640625 136.9162139892578 438.46820068359375 159.0015411376953
