person 0.9804952144622803 29.23323631286621 131.18832397460938 331.0923156738281 429.0
pottedplant 0.8300565481185913 357.024169921875 149.12498474121094 409.2517395019531 343.06744384765625
sofa 0.6743420958518982 0.0 199.2163848876953 386.45526123046875 429.0
chair 0.44646960496902466 251.85108947753906 32.30434036254883 405.71270751953125 254.92930603027344
tvmonitor 0.1705370545387268 242.4490509033203 34.8399658203125 403.10797119140625 194.75502014160156
tvmonitor 0.16563557088375092 333.79083251953125 338.1087341308594 449.1163635253906 429.0
sofa 0.1523604840040207 445.3092041015625 212.77865600585938 499.9999694824219 416.6932067871094
chair 0.12910032272338867 0.0 207.97463989257812 370.61181640625 428.24090576171875
sofa 0.11370348185300827 208.0941162109375 295.283935546875 353.16583251953125 427.1073913574219
sofa 0.10872765630483627 0.36630505323410034 205.62008666992188 97.01924133300781 429.0
chair 0.07407437264919281 445.9172058105469 235.99270629882812 499.9999694824219 429.0
tvmonitor 0.06708989292383194 210.32546997070312 315.46044921875 451.71636962890625 429.0
chair 0.06642024219036102 210.06878662109375 293.6397705078125 351.37506103515625 426.75225830078125
person 0.061839718371629715 445.88055419921875 147.45472717285156 498.9161071777344 415.5482482910156
pottedplant 0.061059970408678055 314.4263610839844 89.43203735351562 415.4873352050781 334.1767578125
sofa 0.05448344349861145 374.57672119140625 137.6449432373047 497.3333740234375 391.97467041015625
