bus 0.989385187625885 47.2114372253418 24.651288986206055 500.0 375.0
person 0.5303915739059448 190.41383361816406 157.1693878173828 264.8059997558594 241.45947265625
car 0.37786784768104553 52.99861526489258 204.28501892089844 340.2451477050781 373.01385498046875
car 0.32067444920539856 56.207340240478516 93.64693450927734 437.7895202636719 372.4416198730469
pottedplant 0.09037141501903534 164.67721557617188 153.8534698486328 188.7902069091797 186.92025756835938
chair 0.06858187913894653 185.7550048828125 206.9543914794922 267.0321350097656 243.8170623779297
car 0.06610238552093506 316.8429260253906 62.279964447021484 493.60809326171875 364.09521484375
train 0.06227237358689308 99.16706085205078 15.71967601776123 500.0 375.0
motorbike 0.05709627643227577 159.89613342285156 200.22506713867188 315.09307861328125 265.92620849609375
person 0.05153331905603409 194.1652374267578 205.87332153320312 291.6443786621094 266.91064453125
