bottle 0.989933431148529 107.464599609375 100.25630187988281 215.17843627929688 439.9405212402344
person 0.8067172169685364 211.97531127929688 337.3225402832031 238.6403045654297 411.357177734375
tvmonitor 0.7083805799484253 0.0 197.10220336914062 57.9292106628418 333.5649719238281
tvmonitor 0.4780493974685669 0.0 197.284912109375 41.95936965942383 289.07958984375
tvmonitor 0.4057653844356537 0.0 185.6260986328125 121.62362670898438 373.5286560058594
diningtable 0.38884884119033813 4.093116283416748 384.328369140625 333.0 499.0155944824219
tvmonitor 0.28928837180137634 239.68331909179688 287.4132385253906 332.49578857421875 427.0321960449219
person 0.1993727684020996 214.83383178710938 337.68524169921875 236.8173828125 374.20672607421875
chair 0.16201791167259216 238.1851348876953 290.2283020019531 333.0 423.1479797363281
chair 0.14868353307247162 284.1577453613281 73.68897247314453 333.0 297.2607421875
