person 0.9918777942657471 129.1556854248047 106.4409408569336 227.73399353027344 282.5420227050781
bicycle 0.9472436904907227 105.64283752441406 202.70693969726562 225.506103515625 329.7430114746094
person 0.3208795189857483 246.6864013671875 389.5881042480469 276.36297607421875 426.4586181640625
person 0.25238150358200073 108.4793472290039 321.6935729980469 137.6836700439453 356.0848693847656
person 0.2267410308122635 263.9204406738281 213.68312072753906 298.3509216308594 253.46070861816406
person 0.207405686378479 192.7040252685547 433.3507080078125 218.74462890625 499.0086975097656
person 0.13253608345985413 85.16451263427734 318.51849365234375 108.49479675292969 358.7851257324219
person 0.09477856755256653 79.99897003173828 307.6935729980469 106.10707092285156 348.866943359375
person 0.0922681987285614 227.4980010986328 416.703369140625 252.00929260253906 446.6601867675781
person 0.08910668641328812 135.82781982421875 394.722900390625 188.34686279296875 499.4472351074219
person 0.0727856233716011 234.70721435546875 207.16900634765625 262.6521301269531 248.5158233642578
person 0.05801806226372719 78.0123062133789 302.580322265625 102.70691680908203 333.5150451660156
person 0.05773843452334404 292.284912109375 388.171630859375 319.3209228515625 420.5181884765625
