dog 0.9940647482872009 88.8095474243164 85.96427154541016 496.4875183105469 299.7319641113281
sheep 0.47096726298332214 426.90899658203125 166.3171844482422 498.8731689453125 268.98419189453125
sheep 0.3448205292224884 105.52259063720703 99.30562591552734 486.3158874511719 305.98590087890625
dog 0.15736152231693268 120.81482696533203 85.56159210205078 342.56988525390625 277.5684814453125
sheep 0.14807859063148499 426.6370544433594 154.5545196533203 500.0 223.89498901367188
chair 0.12560054659843445 0.7663551568984985 120.39933776855469 21.2225341796875 276.9663391113281
chair 0.10484784841537476 125.70848083496094 177.804443359375 165.53843688964844 252.1953125
cat 0.10472486913204193 113.15772247314453 98.88938903808594 493.20758056640625 298.01983642578125
chair 0.09698132425546646 422.900146484375 159.59539794921875 500.0 278.26165771484375
sofa 0.07955089956521988 0.03730602189898491 113.99806213378906 21.36188316345215 275.8136291503906
person 0.07875706255435944 424.9306335449219 92.8916015625 498.01666259765625 225.34872436523438
tvmonitor 0.06330017000436783 0.049084704369306564 124.12673950195312 20.854488372802734 280.8616027832031
chair 0.05476328358054161 429.7659606933594 155.5127410888672 498.269775390625 217.92495727539062
