cow 0.9829335808753967 76.83466339111328 19.56560516357422 383.3374938964844 375.0
cow 0.6822866797447205 230.5461883544922 2.0354461669921875 491.25286865234375 375.0
cow 0.465544193983078 1.1824560165405273 4.0795183181762695 256.7398681640625 296.33984375
sheep 0.21513459086418152 0.07991451025009155 8.732199668884277 23.86211585998535 155.21896362304688
cow 0.21031701564788818 0.9101479649543762 11.377422332763672 23.748943328857422 154.74229431152344
sheep 0.183787003159523 4.321680068969727 21.69693946838379 216.33106994628906 343.66290283203125
cow 0.1444592922925949 101.82091522216797 3.7917208671569824 412.3411560058594 219.25552368164062
sheep 0.1372675746679306 217.5069580078125 5.073137283325195 493.35943603515625 375.0
horse 0.1042044460773468 77.20259094238281 3.5991811752319336 380.95867919921875 373.77960205078125
cow 0.06765594333410263 180.7316131591797 15.680343627929688 385.22064208984375 167.3367919921875
sheep 0.06029225513339043 83.77971649169922 17.42681884765625 239.81796264648438 293.1772155761719
cow 0.05381060764193535 89.85604858398438 39.52268600463867 231.15768432617188 371.2966003417969
