car 0.989966630935669 0.0 178.93338012695312 373.2000732421875 492.6883850097656
tvmonitor 0.7802891135215759 336.5704650878906 244.2465057373047 374.43157958984375 292.96343994140625
boat 0.3050278127193451 0.0 8.681357383728027 14.297452926635742 30.238988876342773
person 0.26512283086776733 276.7916259765625 231.4381561279297 295.2822265625 251.94151306152344
person 0.24495048820972443 159.40061950683594 198.794921875 193.13034057617188 228.66200256347656
pottedplant 0.1741148829460144 346.05462646484375 153.9407196044922 369.4871520996094 182.74562072753906
person 0.16966059803962708 71.13691711425781 203.91197204589844 116.48912048339844 256.72021484375
aeroplane 0.12973430752754211 0.0 9.16635799407959 13.683114051818848 39.61065673828125
aeroplane 0.11892645806074142 135.64222717285156 11.39555835723877 149.33560180664062 20.23937225341797
boat 0.11008656024932861 135.51817321777344 11.242504119873047 149.02598571777344 20.420089721679688
car 0.10223529487848282 49.14177322387695 175.75596618652344 94.75353240966797 190.57601928710938
bird 0.08596067875623703 0.0 9.34982681274414 14.446949005126953 33.42244338989258
tvmonitor 0.0838635116815567 135.65943908691406 11.304025650024414 148.6411895751953 19.425140380859375
car 0.07578275352716446 135.14248657226562 11.566886901855469 148.12620544433594 19.859222412109375
pottedplant 0.06901822984218597 347.362060546875 154.84054565429688 366.4465026855469 170.04783630371094
person 0.061302635818719864 0.5150140523910522 9.742491722106934 9.424046516418457 24.963642120361328
