bus 0.990996241569519 81.63899230957031 98.43441772460938 443.5561828613281 314.0176696777344
person 0.9306488037109375 154.95620727539062 157.37643432617188 191.22984313964844 194.2160186767578
bus 0.874005138874054 9.694012641906738 165.64208984375 83.4511947631836 200.3253936767578
car 0.7043320536613464 481.3941955566406 185.9100799560547 492.02154541015625 208.0465850830078
person 0.3622600734233856 461.2388000488281 176.34219360351562 470.15191650390625 196.326171875
bus 0.27368882298469543 23.352087020874023 172.04644775390625 62.85202407836914 199.28216552734375
bus 0.2575414776802063 4.212778091430664 157.11233520507812 212.43673706054688 207.22903442382812
person 0.21804700791835785 332.1717834472656 185.95254516601562 363.84783935546875 213.84584045410156
car 0.07784649729728699 8.713762283325195 159.4168701171875 58.65795135498047 200.09600830078125
bus 0.07402008771896362 21.0075740814209 162.82843017578125 146.26318359375 201.41990661621094
train 0.059373851865530014 4.42379903793335 156.64903259277344 213.58877563476562 207.5758056640625
