boat 0.9901992082595825 45.50326156616211 49.81803512573242 228.5989990234375 336.69708251953125
boat 0.9782668352127075 208.209716796875 193.56707763671875 227.7122802734375 269.8179626464844
person 0.893195390701294 196.0575408935547 282.7323913574219 211.0350341796875 312.56781005859375
boat 0.8675531148910522 40.054683685302734 196.7870330810547 71.05767822265625 264.8279113769531
boat 0.697380006313324 208.98870849609375 254.6820526123047 227.7184295654297 269.3235168457031
person 0.5513576865196228 215.66909790039062 286.5669860839844 225.94454956054688 303.6800231933594
boat 0.3727134168148041 56.163673400878906 281.5361633300781 228.9808349609375 332.68511962890625
boat 0.1992773562669754 40.81615447998047 244.58921813964844 69.99305725097656 262.7812194824219
person 0.07692765444517136 211.201171875 285.85992431640625 226.82398986816406 310.699951171875
person 0.07545728981494904 201.91419982910156 283.73291015625 215.1260986328125 313.2880859375
