sofa 0.9897924661636353 59.02613830566406 183.69647216796875 415.677490234375 362.9079284667969
chair 0.5213984251022339 1.594400405883789 231.16819763183594 80.01521301269531 286.08489990234375
diningtable 0.517137885093689 3.5993924140930176 280.00006103515625 148.07540893554688 374.935302734375
person 0.4931796193122864 237.9772186279297 91.08332824707031 250.72389221191406 124.1224594116211
person 0.22842161357402802 238.27442932128906 91.43900299072266 251.56275939941406 108.13196563720703
person 0.2249486893415451 252.36978149414062 89.36994171142578 268.1703796386719 125.13058471679688
person 0.1493980437517166 224.39247131347656 96.53478240966797 238.65231323242188 123.8926773071289
person 0.10146864503622055 203.30215454101562 93.49142456054688 218.344970703125 111.87863159179688
person 0.08813544362783432 286.7460632324219 99.5463638305664 296.36419677734375 118.96782684326172
person 0.08590053766965866 294.5757141113281 106.13671112060547 305.86944580078125 131.07748413085938
person 0.06839201599359512 169.96697998046875 106.3705062866211 183.3316192626953 125.56161499023438
