chair 0.9931761622428894 71.22737121582031 15.347823143005371 357.04705810546875 496.9812927246094
chair 0.2959335744380951 84.40841674804688 247.8554229736328 347.7033386230469 499.52972412109375
chair 0.27003389596939087 8.220362663269043 14.992233276367188 288.7905578613281 361.4314270019531
diningtable 0.15514379739761353 1.2628555297851562 58.85402297973633 359.65924072265625 486.3851623535156
chair 0.10652634501457214 112.4311752319336 95.69490814208984 361.09027099609375 359.8955078125
dog 0.08568059653043747 0.0 80.0443344116211 184.80389404296875 340.7724609375
sheep 0.07554022967815399 0.0 71.92407989501953 176.00735473632812 339.58331298828125
diningtable 0.07020627707242966 0.0 70.03297424316406 233.01173400878906 386.17999267578125
cow 0.05987737327814102 1.5209412574768066 64.82603454589844 181.0445556640625 342.3466491699219
chair 0.05935405567288399 256.1817626953125 11.106466293334961 371.02191162109375 344.41607666015625
