car 0.9969678521156311 41.049442291259766 51.461238861083984 477.56939697265625 243.5334930419922
car 0.9136539697647095 150.98362731933594 10.181014060974121 486.5106506347656 196.6724853515625
bus 0.7276442646980286 185.2501678466797 0.5476348400115967 490.1590270996094 114.37911987304688
car 0.46396705508232117 370.125244140625 0.32516103982925415 498.9612731933594 191.1824188232422
bus 0.08387444913387299 374.0739440917969 2.137289524078369 496.17706298828125 200.77037048339844
car 0.07704517990350723 0.0 0.6888083815574646 191.39874267578125 192.27503967285156
train 0.07615929841995239 367.87060546875 0.0 499.0296936035156 197.29953002929688
boat 0.07432860136032104 192.81597900390625 2.5027916431427 495.2716979980469 89.39142608642578
car 0.0612332783639431 219.17845153808594 3.8023123741149902 245.2264862060547 37.38679885864258
bus 0.05637799948453903 0.0 0.0 189.5880126953125 192.19174194335938
car 0.05316547304391861 56.0436897277832 83.70682525634766 90.6631851196289 102.1762466430664
car 0.053035300225019455 47.281768798828125 37.84502410888672 248.67312622070312 228.10726928710938
train 0.05184968188405037 188.1825714111328 2.525747060775757 494.8849182128906 92.84432220458984
