cat 0.8293337225914001 184.73219299316406 83.635498046875 260.5192565917969 195.36329650878906
sofa 0.5441493391990662 239.9447479248047 0.9750778079032898 488.93463134765625 333.0
cat 0.4773828685283661 186.03578186035156 0.0 495.5928955078125 329.0259094238281
chair 0.3334101140499115 254.3520965576172 7.107638835906982 500.0 333.0
person 0.26925718784332275 125.8626708984375 0.0 500.0 332.0150146484375
tvmonitor 0.22757984697818756 258.7901306152344 19.176780700683594 500.0 280.446044921875
bird 0.15303055942058563 180.38238525390625 82.43302917480469 263.9885559082031 196.32376098632812
person 0.07673409581184387 182.35711669921875 73.66059112548828 263.5706481933594 191.2100372314453
dog 0.0656270831823349 180.85328674316406 85.99873352050781 263.1810302734375 196.60812377929688
cat 0.059024251997470856 182.38050842285156 82.86717224121094 373.40887451171875 198.86778259277344
