bird 0.9984257221221924 64.84733581542969 30.571346282958984 393.1117858886719 329.7347412109375
bird 0.8519136309623718 109.66675567626953 243.71990966796875 226.69468688964844 328.0733947753906
bird 0.6290757656097412 56.18251037597656 184.37477111816406 142.06358337402344 236.61773681640625
bird 0.24395248293876648 71.21025085449219 191.1630401611328 265.2951965332031 322.23895263671875
bird 0.21719492971897125 74.5282974243164 218.75650024414062 128.19654846191406 245.66305541992188
bird 0.1316407173871994 90.98072052001953 181.4576873779297 142.69735717773438 229.42977905273438
bird 0.11357306689023972 56.105342864990234 189.80836486816406 106.26862335205078 226.35841369628906
bird 0.10353696346282959 75.27851867675781 207.64126586914062 142.47640991210938 255.39633178710938
sheep 0.09543394297361374 107.05818939208984 243.5424041748047 242.73681640625 333.24737548828125
bird 0.06334072351455688 67.2943115234375 172.2831573486328 239.93724060058594 264.24835205078125
bird 0.05128047615289688 99.73633575439453 233.49737548828125 214.5434112548828 279.29046630859375
