aeroplane 0.989879846572876 26.69860076904297 141.13211059570312 407.06103515625 274.5943603515625
aeroplane 0.7152804732322693 152.1183319091797 137.81243896484375 241.4332733154297 155.60208129882812
chair 0.7079616785049438 0.29279056191444397 146.33135986328125 62.83008575439453 214.93881225585938
chair 0.647666871547699 423.0039367675781 219.5699462890625 483.0008544921875 327.06573486328125
chair 0.622633159160614 0.6000195145606995 148.34188842773438 28.26072120666504 223.77757263183594
person 0.42167219519615173 79.45235443115234 168.82638549804688 99.67253875732422 187.67735290527344
motorbike 0.38339394330978394 0.2962670624256134 163.23182678222656 33.545074462890625 298.375732421875
aeroplane 0.302705317735672 45.81792068481445 153.7615509033203 254.6902618408203 245.11903381347656
chair 0.1923440843820572 395.65057373046875 222.70204162597656 466.7889404296875 362.3890686035156
aeroplane 0.14463645219802856 318.712890625 207.80116271972656 379.16253662109375 243.805419921875
chair 0.14406313002109528 364.7614440917969 189.05331420898438 399.6227722167969 225.5488739013672
aeroplane 0.13219691812992096 350.86285400390625 102.59242248535156 413.8542785644531 140.119140625
chair 0.1150582879781723 446.9036560058594 253.60421752929688 481.3422546386719 318.81292724609375
aeroplane 0.10770803689956665 344.6950378417969 194.42745971679688 432.2773742675781 229.90048217773438
chair 0.10683716088533401 433.2931823730469 212.71751403808594 467.7950439453125 244.50067138671875
boat 0.10633603483438492 183.47308349609375 235.88107299804688 206.0753936767578 247.37986755371094
bicycle 0.10247445106506348 0.019717618823051453 168.18911743164062 33.40774154663086 318.8995056152344
chair 0.10095150023698807 419.44696044921875 193.96401977539062 448.6881103515625 228.845703125
chair 0.08606623858213425 393.1219787597656 194.68765258789062 450.00897216796875 234.75567626953125
aeroplane 0.07896198332309723 61.60394287109375 160.8737030029297 231.03573608398438 198.67111206054688
chair 0.07606112211942673 22.627695083618164 150.74398803710938 59.89242935180664 207.7592010498047
aeroplane 0.06968817859888077 46.47383499145508 112.57088470458984 324.6673278808594 234.7088623046875
aeroplane 0.0688069611787796 86.7900619506836 134.18734741210938 241.15872192382812 163.982666015625
aeroplane 0.06170569732785225 281.1551208496094 132.21047973632812 372.90899658203125 160.3131866455078
car 0.057703085243701935 0.864497721195221 186.9530487060547 34.322628021240234 303.70654296875
chair 0.05652250722050667 70.34614562988281 136.53932189941406 112.73319244384766 187.4404296875
aeroplane 0.05295538902282715 0.18160966038703918 145.6647186279297 57.39381408691406 212.68821716308594
