chair 0.9574218988418579 115.55967712402344 249.29257202148438 215.78204345703125 414.0039978027344
tvmonitor 0.9427741169929504 0.0 107.2080078125 274.9433898925781 229.0406951904297
car 0.6809068322181702 311.7513122558594 165.3524169921875 333.0 186.99014282226562
tvmonitor 0.6619715690612793 1.7793391942977905 45.52138900756836 322.50201416015625 350.6375732421875
car 0.5599105358123779 184.90061950683594 179.03329467773438 200.74649047851562 191.75990295410156
tvmonitor 0.434539258480072 301.953857421875 90.14964294433594 332.3424377441406 226.3820343017578
car 0.4062916934490204 221.15953063964844 166.1221466064453 232.28553771972656 175.51141357421875
car 0.3333565294742584 236.70419311523438 167.85816955566406 245.23995971679688 173.48655700683594
chair 0.31303977966308594 30.648717880249023 20.075429916381836 115.24378204345703 41.81781768798828
car 0.296130508184433 199.0099334716797 175.01869201660156 216.56468200683594 184.9027557373047
car 0.2798907160758972 184.4110870361328 169.92462158203125 218.2330322265625 192.77870178222656
sofa 0.26347118616104126 0.0 205.3193359375 313.2609558105469 345.1449279785156
car 0.25947242975234985 227.2365264892578 187.4476318359375 241.37875366210938 199.32733154296875
tvmonitor 0.23458415269851685 5.526440143585205 47.8693733215332 315.86553955078125 176.9645233154297
boat 0.22695578634738922 3.2249338626861572 119.01939392089844 269.2072448730469 219.11178588867188
person 0.22230595350265503 0.6998201608657837 146.6417999267578 25.272977828979492 181.8653106689453
chair 0.1577175110578537 285.9925537109375 1.406386137008667 333.0 44.46280288696289
car 0.15055550634860992 97.5980453491211 178.34010314941406 111.8266372680664 192.71017456054688
car 0.14003361761569977 127.54920959472656 186.17144775390625 144.36778259277344 194.97581481933594
tvmonitor 0.1025865450501442 0.0 200.3690643310547 312.38983154296875 345.9064636230469
car 0.09167183190584183 311.20526123046875 163.94296264648438 332.67218017578125 222.95115661621094
car 0.09081578254699707 284.8088684082031 0.0 333.0 45.15043640136719
chair 0.08185391873121262 57.244205474853516 24.76203727722168 91.07549285888672 41.91562271118164
boat 0.06933335214853287 144.88702392578125 149.9676055908203 212.2886505126953 185.75735473632812
tvmonitor 0.0661022812128067 305.1650390625 101.98851013183594 332.1732482910156 173.77352905273438
bus 0.05933714285492897 0.0 116.63810729980469 268.9368591308594 220.0391845703125
car 0.0592014342546463 206.02662658691406 174.1014404296875 263.2934265136719 214.82415771484375
sofa 0.05807424709200859 0.0 38.321388244628906 304.3940734863281 360.7039489746094
bus 0.05569733306765556 146.2779998779297 151.4110107421875 212.20773315429688 191.52955627441406
car 0.05525532364845276 93.97593688964844 156.35067749023438 105.28085327148438 161.27906799316406
