bird 0.9908060431480408 51.38972854614258 59.65412521362305 266.1181640625 395.5256042480469
bird 0.9123947024345398 0.0 156.9881134033203 271.7075500488281 498.1097412109375
bird 0.7942543029785156 101.68875885009766 97.07441711425781 236.5043487548828 299.68670654296875
bird 0.4498869478702545 190.72323608398438 183.10450744628906 216.33834838867188 215.7721405029297
bird 0.33012378215789795 217.38919067382812 194.9314727783203 250.85626220703125 211.09466552734375
aeroplane 0.20612162351608276 184.0904541015625 184.4326934814453 250.71705627441406 217.05349731445312
aeroplane 0.19563019275665283 215.90679931640625 195.20433044433594 251.55615234375 212.1619110107422
boat 0.09730026125907898 217.8612823486328 195.46975708007812 250.24867248535156 211.97877502441406
aeroplane 0.09081781655550003 189.15814208984375 183.58651733398438 218.17547607421875 216.81520080566406
bird 0.05796577408909798 190.2509765625 183.68353271484375 249.93429565429688 214.24172973632812
