aeroplane 0.998645007610321 0.0 58.061038970947266 330.429931640625 466.3153381347656
aeroplane 0.8893634676933289 44.98616027832031 17.124237060546875 315.50006103515625 319.6346435546875
aeroplane 0.6372743248939514 0.0 215.05899047851562 123.38998413085938 264.6867370605469
aeroplane 0.620261549949646 0.0 173.52638244628906 320.8307189941406 371.01318359375
aeroplane 0.48104721307754517 0.5907502770423889 212.4886932373047 277.48382568359375 268.0802001953125
aeroplane 0.33076775074005127 214.49176025390625 214.74945068359375 331.15716552734375 263.9212341308594
aeroplane 0.1601829081773758 0.0 220.1570587158203 127.62297058105469 332.6882019042969
boat 0.12501311302185059 33.96258544921875 19.415786743164062 288.464599609375 302.1219482421875
aeroplane 0.08400049805641174 216.87107849121094 214.2228546142578 263.724853515625 253.0594024658203
aeroplane 0.07489916682243347 0.0 144.6429443359375 286.51678466796875 294.1184997558594
bird 0.061205193400382996 107.06074523925781 132.5646514892578 225.7095489501953 435.7980651855469
aeroplane 0.05909673124551773 167.3812255859375 241.37620544433594 329.4441223144531 385.6471862792969
aeroplane 0.05735735222697258 0.0 237.4506378173828 230.36849975585938 453.2676086425781
aeroplane 0.050373416393995285 107.07415008544922 471.4347229003906 324.8290100097656 498.14666748046875
