bottle 0.9694264531135559 450.5566711425781 110.03083038330078 499.03216552734375 301.83807373046875
bottle 0.9681799411773682 273.16265869140625 113.7279281616211 325.3692626953125 297.3996887207031
bottle 0.9656200408935547 210.62112426757812 105.5986557006836 263.6065673828125 291.1513671875
bottle 0.9589830040931702 335.55859375 102.48589324951172 390.96539306640625 300.7572937011719
bottle 0.9522371888160706 383.9437561035156 111.77027130126953 446.074462890625 299.2648010253906
bottle 0.9248532652854919 107.10323333740234 108.23509979248047 158.4594268798828 276.0201416015625
bottle 0.9176906943321228 159.1761474609375 101.302001953125 211.9884033203125 296.5747375488281
bottle 0.8270817399024963 276.929931640625 111.4291000366211 323.9105529785156 194.00411987304688
bottle 0.8186168670654297 213.47540283203125 109.3370132446289 261.20001220703125 192.99586486816406
bottle 0.7440832853317261 338.5766906738281 103.53215026855469 389.82183837890625 193.89088439941406
bottle 0.7180823683738708 34.69105529785156 100.79409790039062 87.40447998046875 194.0111846923828
bottle 0.7037215828895569 453.5841369628906 112.79708099365234 498.6606750488281 197.7180633544922
bottle 0.6384743452072144 161.01040649414062 106.43348693847656 209.35182189941406 191.93722534179688
bottle 0.5600457191467285 32.76042556762695 106.34559631347656 90.88066101074219 281.3197326660156
bottle 0.42771610617637634 391.6649475097656 111.23211669921875 446.0167236328125 195.92747497558594
bottle 0.3336566686630249 109.42494201660156 106.92439270019531 160.019287109375 192.7047119140625
diningtable 0.20087188482284546 15.549506187438965 308.37945556640625 500.0 378.1072998046875
diningtable 0.10796075314283371 3.1148295402526855 161.68739318847656 500.0 381.0
chair 0.07108904421329498 1.8079047203063965 238.36338806152344 211.3834228515625 376.4629211425781
bottle 0.05887135863304138 7.894503116607666 112.72201538085938 232.6022186279297 377.9175109863281
