sofa 0.9909389019012451 119.62730407714844 0.0 494.4285888671875 147.24227905273438
person 0.9903761744499207 168.42465209960938 24.43844223022461 391.4558410644531 375.0
sofa 0.9316794872283936 0.0 0.5264443159103394 142.60604858398438 54.87101745605469
sofa 0.9129799008369446 110.39508056640625 0.0 500.0 308.3809814453125
sofa 0.7729196548461914 149.05496215820312 112.68074798583984 500.0 372.9652404785156
person 0.7116793990135193 369.48681640625 145.49583435058594 497.2972412109375 373.9725036621094
dog 0.672764003276825 251.52694702148438 127.26294708251953 312.9248352050781 271.16473388671875
sofa 0.5706830024719238 197.5835723876953 255.67782592773438 432.04296875 364.9364013671875
sofa 0.48039326071739197 360.99810791015625 114.32051086425781 496.9296569824219 362.6124572753906
dog 0.4777046740055084 249.42636108398438 124.3465805053711 382.3431091308594 346.29180908203125
chair 0.31300827860832214 180.0657958984375 121.8031005859375 448.3404541015625 365.8609619140625
bottle 0.2789565622806549 463.0367736816406 78.7140121459961 497.8582763671875 114.12516784667969
sofa 0.2332165539264679 16.225618362426758 2.696042060852051 366.5219421386719 135.96482849121094
sofa 0.22664326429367065 396.8015441894531 115.10568237304688 496.9112243652344 178.33328247070312
chair 0.11781689524650574 197.36837768554688 256.2550964355469 367.8553771972656 371.6702575683594
bottle 0.0833263099193573 459.8242492675781 47.531314849853516 485.4237060546875 111.86908721923828
sofa 0.07181096822023392 286.6947021484375 184.4011993408203 490.8990173339844 373.2184753417969
person 0.0631120502948761 420.0397033691406 254.6512451171875 499.5066833496094 375.0
