cow 0.9891574382781982 188.4478759765625 174.7843780517578 366.7552185058594 305.69879150390625
cow 0.9742159247398376 123.97064971923828 174.64437866210938 275.4469909667969 276.65570068359375
cow 0.9585601091384888 123.2898178100586 176.52508544921875 203.63729858398438 269.85711669921875
cow 0.9515407085418701 102.86348724365234 181.25958251953125 160.2061004638672 277.3815002441406
cow 0.8882866501808167 174.7521209716797 161.95681762695312 313.18890380859375 261.6953125
car 0.7249618172645569 282.6107177734375 153.10433959960938 309.9264831542969 167.56002807617188
cow 0.6096224188804626 158.31842041015625 165.02784729003906 292.6324462890625 189.40185546875
car 0.4237775504589081 250.27134704589844 150.29788208007812 275.7825622558594 170.9560089111328
person 0.2874510884284973 282.8873291015625 153.87213134765625 299.0549011230469 180.97689819335938
cow 0.2766891121864319 155.81051635742188 166.93223571777344 248.7171173095703 184.3157501220703
car 0.2404719889163971 227.64707946777344 149.92990112304688 280.4148254394531 171.99917602539062
pottedplant 0.19321009516716003 444.055419921875 9.154897689819336 499.42242431640625 113.96096801757812
motorbike 0.17127874493598938 282.56829833984375 154.19674682617188 316.2915954589844 190.52928161621094
cow 0.15528909862041473 151.1636505126953 166.67025756835938 219.96060180664062 250.88502502441406
cow 0.13648410141468048 180.18199157714844 168.3504638671875 242.348876953125 275.232177734375
person 0.12144140899181366 367.3409423828125 149.2328338623047 380.2568664550781 172.0102996826172
person 0.11466110497713089 426.15118408203125 101.91519165039062 498.7955627441406 172.25274658203125
car 0.11048705130815506 279.7638244628906 152.8525390625 313.7196960449219 177.20657348632812
car 0.09717187285423279 288.31878662109375 138.5669403076172 352.3221435546875 175.69874572753906
cow 0.08619282394647598 153.1071014404297 164.431396484375 296.6010437011719 216.56796264648438
sheep 0.0854107216000557 102.99097442626953 181.60433959960938 160.24111938476562 278.17315673828125
cow 0.08539585024118423 230.74949645996094 146.8428955078125 320.90643310546875 275.285400390625
sheep 0.07154128700494766 188.4309539794922 173.91526794433594 364.64727783203125 305.33984375
horse 0.052411098033189774 137.4458465576172 164.62109375 289.4419860839844 272.7770080566406
