tvmonitor 0.9616978764533997 113.55641174316406 57.00281524658203 161.8048553466797 94.85186004638672
car 0.9538750648498535 0.0 95.0263900756836 95.0391845703125 190.2267303466797
car 0.9287009239196777 276.31964111328125 138.50575256347656 497.22845458984375 261.3101501464844
car 0.871742844581604 0.0 107.5126953125 481.47625732421875 316.0403137207031
aeroplane 0.46322837471961975 0.0 90.67115020751953 486.26922607421875 280.89373779296875
aeroplane 0.31377801299095154 220.6415252685547 97.4426498413086 494.3965148925781 241.44944763183594
aeroplane 0.27080610394477844 284.08441162109375 148.24049377441406 420.3056640625 182.13824462890625
tvmonitor 0.26717403531074524 86.26058197021484 46.945316314697266 154.2216033935547 87.57026672363281
car 0.1727321296930313 0.0 86.90596008300781 203.75479125976562 194.56396484375
aeroplane 0.1476854383945465 91.26983642578125 113.22503662109375 415.53948974609375 186.10728454589844
car 0.13637682795524597 0.0 38.59331130981445 182.8667449951172 294.41802978515625
aeroplane 0.1350184977054596 235.7804412841797 104.85013580322266 419.5884704589844 178.7925567626953
car 0.11628484725952148 70.76798248291016 98.70805358886719 119.93101501464844 149.09613037109375
motorbike 0.11295192688703537 282.5464782714844 105.67388153076172 495.39862060546875 273.90313720703125
aeroplane 0.0985942929983139 279.6511535644531 136.37957763671875 382.1135559082031 173.5408935546875
car 0.09804875403642654 1.5384413003921509 111.18221282958984 49.02754211425781 188.15911865234375
car 0.08589035272598267 284.9633483886719 148.51626586914062 414.79400634765625 182.30511474609375
boat 0.08207746595144272 286.80352783203125 147.16722106933594 403.0425109863281 180.79052734375
car 0.08195196092128754 374.184326171875 146.4835205078125 499.0892333984375 240.57432556152344
motorbike 0.07868486642837524 286.04400634765625 146.8551483154297 416.28875732421875 183.76446533203125
tvmonitor 0.0752677246928215 0.0 56.12315368652344 21.15590476989746 92.5895004272461
motorbike 0.07471590489149094 5.6516923904418945 89.00311279296875 476.6126708984375 326.7510070800781
car 0.07440494745969772 0.5804208517074585 97.95599365234375 79.94718170166016 152.8219757080078
boat 0.06600812822580338 0.0 107.0219955444336 478.6335754394531 298.52801513671875
tvmonitor 0.052895087748765945 74.12750244140625 39.07979965209961 173.51400756835938 136.1147003173828
