person 0.9868639707565308 209.6704559326172 57.344993591308594 347.8625793457031 357.3587951660156
tvmonitor 0.7713000178337097 184.9938507080078 297.0567932128906 294.95306396484375 430.0724792480469
car 0.3800292909145355 126.27214050292969 123.33802032470703 175.73846435546875 146.73194885253906
bus 0.35492220520973206 1.3399710655212402 2.771381378173828 36.32998275756836 164.85816955566406
tvmonitor 0.30293112993240356 115.44037628173828 335.0640563964844 308.3829650878906 486.3167419433594
car 0.28969743847846985 0.2028781771659851 119.1946792602539 41.18440628051758 163.46157836914062
person 0.21395786106586456 131.31101989746094 50.437095642089844 347.4702453613281 500.0
boat 0.1286211609840393 189.5277099609375 46.90694808959961 234.479736328125 120.34366607666016
pottedplant 0.12762637436389923 153.84033203125 127.79650115966797 232.1552276611328 219.78460693359375
pottedplant 0.12120050191879272 136.44577026367188 113.7798080444336 239.77024841308594 264.2345275878906
tvmonitor 0.08713306486606598 206.0889892578125 345.51983642578125 280.4949645996094 468.4861145019531
chair 0.06375835835933685 190.4011688232422 295.6630554199219 288.03515625 355.5440979003906
pottedplant 0.059971150010824203 285.8350524902344 121.65768432617188 356.81243896484375 202.69969177246094
person 0.05484554544091225 209.1221466064453 147.70982360839844 240.56422424316406 302.7619323730469
boat 0.05308379605412483 189.2144012451172 32.33796310424805 259.5330810546875 127.00627136230469
tvmonitor 0.052144769579172134 1.000532865524292 118.48283386230469 37.50733184814453 157.72348022460938
pottedplant 0.050230637192726135 188.09938049316406 0.0 261.0655212402344 146.59423828125
