person 0.9795881509780884 349.8494873046875 3.223358154296875 466.45037841796875 254.3323516845703
dog 0.9656140804290771 90.24755096435547 30.01123046875 411.0606994628906 329.4391174316406
cat 0.3440873920917511 86.25387573242188 16.625120162963867 405.25750732421875 333.3939514160156
person 0.21766938269138336 184.92308044433594 9.58643913269043 456.5014343261719 290.582275390625
boat 0.16838139295578003 2.316582441329956 314.8775634765625 350.2149658203125 334.0
sheep 0.1577087640762329 188.40554809570312 218.33230590820312 217.6215057373047 272.821533203125
sheep 0.13965560495853424 93.99007415771484 36.19675827026367 406.83233642578125 333.2087707519531
car 0.07751359045505524 9.096787452697754 311.6006164550781 320.4967041015625 333.7546081542969
person 0.0645822063088417 161.75848388671875 2.9473628997802734 259.3797607421875 59.46935272216797
bird 0.06274516135454178 187.4066925048828 219.0574493408203 218.7086639404297 275.0845947265625
dog 0.060143835842609406 25.44527244567871 13.820180892944336 271.6522216796875 323.4226989746094
