bird 0.9864729642868042 31.510820388793945 117.75950622558594 163.9550323486328 449.2350158691406
pottedplant 0.5362849831581116 114.1455078125 83.22049713134766 367.4872741699219 360.29962158203125
diningtable 0.48831185698509216 2.997500419616699 326.24810791015625 373.0 496.8468322753906
chair 0.23254576325416565 247.2195587158203 159.49452209472656 370.9675598144531 334.6703796386719
bird 0.15119129419326782 125.2966079711914 107.83882904052734 351.0337219238281 351.5955810546875
person 0.07643619924783707 37.449562072753906 335.9595642089844 80.75096130371094 386.10369873046875
chair 0.0675574541091919 297.2137451171875 194.92962646484375 371.5714416503906 254.30679321289062
pottedplant 0.05494667962193489 234.01153564453125 144.4510498046875 365.0740051269531 335.1878662109375
sofa 0.054228752851486206 257.2070007324219 188.2816162109375 373.0 335.75433349609375
person 0.0532112792134285 340.2569885253906 161.50254821777344 372.6962585449219 211.30667114257812
