person 0.992982029914856 121.53010559082031 60.15811538696289 358.3043212890625 375.0
chair 0.9400348663330078 349.6413879394531 185.97830200195312 500.0 373.8325500488281
diningtable 0.7301886081695557 135.6638946533203 192.48226928710938 464.8740234375 370.346923828125
diningtable 0.4799491763114929 287.05615234375 178.24769592285156 447.0337219238281 370.04132080078125
diningtable 0.3330102860927582 56.83989334106445 118.77151489257812 479.4820556640625 346.7032775878906
diningtable 0.23598435521125793 297.2769775390625 188.83143615722656 437.7420654296875 283.5845031738281
diningtable 0.17321650683879852 116.76338958740234 194.16661071777344 440.44573974609375 275.56707763671875
car 0.1687098890542984 0.7712255120277405 17.496017456054688 49.12699508666992 66.8687744140625
chair 0.10121248662471771 272.15673828125 96.46726989746094 458.73651123046875 233.83773803710938
tvmonitor 0.08534368127584457 254.43728637695312 96.26222229003906 452.1214599609375 224.298095703125
chair 0.06361629068851471 354.6923522949219 187.39231872558594 456.41485595703125 323.92706298828125
chair 0.05516890436410904 398.6339416503906 181.67095947265625 497.89898681640625 283.0286560058594
tvmonitor 0.05136590823531151 0.0 94.6959228515625 184.0129852294922 288.9617614746094
