tvmonitor 0.9669909477233887 78.89124298095703 17.92216682434082 245.23922729492188 194.8728485107422
chair 0.8734351992607117 1.0122922658920288 80.66680908203125 69.3132095336914 261.0185852050781
tvmonitor 0.2523130178451538 251.14744567871094 36.30840301513672 379.3310852050781 138.12855529785156
chair 0.23256385326385498 367.9664611816406 15.57357120513916 461.54925537109375 142.9735565185547
tvmonitor 0.1524263620376587 15.785323143005371 148.97877502441406 68.19827270507812 218.16201782226562
tvmonitor 0.14338871836662292 120.45345306396484 62.45403289794922 163.55575561523438 106.32099914550781
chair 0.10354824364185333 1.0407167673110962 193.86940002441406 172.52247619628906 331.9176940917969
chair 0.08626317232847214 3.0210654735565186 109.45579528808594 92.14055633544922 325.46368408203125
bottle 0.07582450658082962 123.46952056884766 223.04119873046875 156.22308349609375 253.31443786621094
diningtable 0.07192694395780563 70.0721435546875 160.06704711914062 500.0 328.07611083984375
tvmonitor 0.06695519387722015 4.116264820098877 102.59227752685547 66.8345718383789 215.37332153320312
chair 0.05548225715756416 2.4902031421661377 84.46956634521484 67.86930084228516 164.6488494873047
bottle 0.05343814194202423 54.49793243408203 264.2879638671875 125.25554656982422 331.2982177734375
