bird 0.9908134341239929 129.66067504882812 87.7215576171875 314.4398193359375 261.02764892578125
bird 0.7255318760871887 152.6431427001953 87.22774505615234 412.8633117675781 329.4080810546875
dog 0.3172342777252197 31.733993530273438 5.598715782165527 500.0 360.41351318359375
cat 0.29132986068725586 35.39958953857422 7.150021076202393 497.3901672363281 363.25506591796875
cat 0.2821652591228485 2.243006944656372 0.0 129.54983520507812 365.3589172363281
bird 0.2667640149593353 72.08515167236328 1.3296022415161133 500.0 365.4594421386719
bird 0.16470451653003693 131.05801391601562 185.81150817871094 218.31861877441406 239.4860076904297
person 0.10308701545000076 0.0 28.344585418701172 128.4058380126953 367.0
sheep 0.10147634893655777 83.15758514404297 0.0 500.0 367.0
cow 0.09326312690973282 160.0857391357422 2.984184980392456 500.0 367.0
dog 0.07904919981956482 0.0 12.03056812286377 146.041259765625 367.0
bird 0.0613262765109539 212.95252990722656 223.1848907470703 491.3848876953125 364.7121887207031
person 0.05785192549228668 235.75291442871094 221.0699920654297 460.510009765625 367.0
cow 0.05424734950065613 235.64939880371094 234.2821807861328 500.0 364.103271484375
dog 0.050837524235248566 200.04908752441406 90.60694885253906 480.167724609375 363.1008605957031
