bus 0.9985705614089966 128.7589874267578 24.608062744140625 398.0623779296875 268.52642822265625
bus 0.9967250227928162 0.4700931906700134 81.19060516357422 64.66495513916016 220.89866638183594
train 0.690221905708313 58.875572204589844 97.71839141845703 131.08567810058594 166.73928833007812
person 0.6601754426956177 273.43804931640625 57.36191940307617 295.8007507324219 81.95388793945312
person 0.466747909784317 227.00531005859375 157.7057647705078 242.44334411621094 180.84994506835938
person 0.31080272793769836 170.7061004638672 84.66509246826172 185.1198272705078 97.79566192626953
bus 0.2944951057434082 229.82997131347656 8.438363075256348 468.8855285644531 269.41302490234375
boat 0.26350247859954834 59.932167053222656 94.0687255859375 132.413330078125 168.2655792236328
person 0.20596714317798615 166.45631408691406 85.02611541748047 189.549072265625 127.291748046875
bus 0.19074727594852448 41.76688003540039 91.91458129882812 143.70932006835938 173.98452758789062
train 0.18744701147079468 43.34730529785156 85.85659790039062 231.4112548828125 169.26708984375
person 0.16450677812099457 179.93800354003906 79.59491729736328 200.03909301757812 128.89125061035156
train 0.1508152335882187 9.05036449432373 80.91634368896484 125.6743392944336 172.04388427734375
person 0.13660919666290283 184.43370056152344 161.94683837890625 200.23016357421875 178.39825439453125
person 0.12752822041511536 0.9066460728645325 145.80560302734375 20.040176391601562 169.45101928710938
bus 0.11558018624782562 10.864097595214844 86.01058197021484 118.29035186767578 199.74411010742188
person 0.09073816984891891 208.7470245361328 157.81625366210938 225.45166015625 179.6108856201172
person 0.09033514559268951 188.67832946777344 79.86051940917969 201.211181640625 94.40238952636719
bus 0.07164990901947021 309.8056335449219 63.78043746948242 480.0 262.6918640136719
train 0.07147892564535141 1.6873517036437988 79.2271957397461 65.27544403076172 224.64068603515625
bus 0.06892306357622147 38.50551986694336 33.75955581665039 317.90838623046875 173.59571838378906
person 0.0642005205154419 282.2614440917969 56.16976547241211 296.15496826171875 76.52764892578125
car 0.05326331406831741 1.4372036457061768 137.56661987304688 64.39690399169922 223.18765258789062
