cat 0.9914805889129639 49.93986892700195 59.6942024230957 448.9234619140625 396.69549560546875
chair 0.6966223120689392 232.4290313720703 0.0 500.0 211.5072479248047
bottle 0.44754230976104736 79.65235900878906 258.6349792480469 107.63934326171875 310.403076171875
chair 0.43821436166763306 123.02361297607422 5.37784481048584 500.0 341.7478942871094
chair 0.23968692123889923 297.4862060546875 189.3391571044922 496.2225036621094 269.0185546875
person 0.2234780341386795 242.23873901367188 168.78065490722656 329.3102722167969 278.5810852050781
cat 0.18400506675243378 188.6470184326172 180.43801879882812 462.6829833984375 375.043212890625
dog 0.17837531864643097 203.90493774414062 203.43333435058594 454.86346435546875 383.33502197265625
dog 0.10727392137050629 56.303184509277344 84.68984985351562 476.281982421875 384.9407653808594
person 0.08200129866600037 212.65762329101562 161.61419677734375 451.47125244140625 368.5674133300781
sofa 0.07866190373897552 151.7999267578125 200.9292755126953 500.0 393.5755920410156
dog 0.05486840382218361 191.06884765625 253.19105529785156 445.9693298339844 344.267822265625
