pottedplant 0.8773432970046997 141.03956604003906 60.2341194152832 468.6004333496094 276.838623046875
bottle 0.6708984375 200.28692626953125 177.7450408935547 266.2012023925781 304.41705322265625
pottedplant 0.5579463839530945 294.2098693847656 62.01609802246094 449.22607421875 274.0075378417969
diningtable 0.4927562475204468 0.0 248.63934326171875 469.9809875488281 331.3074645996094
bottle 0.40696513652801514 196.90118408203125 178.1985626220703 224.682861328125 282.1402282714844
bottle 0.38584062457084656 71.59821319580078 211.40257263183594 139.30844116210938 331.29132080078125
chair 0.29867023229599 136.94342041015625 129.9954376220703 331.29290771484375 267.4361267089844
chair 0.2174389511346817 460.2339782714844 89.3702392578125 499.82891845703125 203.66099548339844
pottedplant 0.17622323334217072 197.5905303955078 51.39133834838867 341.46002197265625 266.3675231933594
chair 0.14672604203224182 210.51361083984375 87.7089614868164 343.8428039550781 265.0822448730469
tvmonitor 0.14257502555847168 0.0 2.2114763259887695 305.1285095214844 305.9151611328125
chair 0.14134711027145386 459.1279296875 69.17033386230469 500.0 329.6065673828125
person 0.06170906871557236 265.6206970214844 62.945613861083984 330.43280029296875 262.9049987792969
chair 0.0579136498272419 134.79176330566406 172.66310119628906 269.6051330566406 276.2051696777344
