diningtable 0.946100115776062 0.0 0.0 500.0 375.0
person 0.5653167963027954 2.43448543548584 3.3815646171569824 196.19886779785156 62.7960205078125
bottle 0.4168638586997986 460.0142822265625 151.08558654785156 499.8380432128906 334.41455078125
bottle 0.3986167907714844 225.36349487304688 0.43050527572631836 278.7021484375 120.93844604492188
pottedplant 0.3713330924510956 454.47662353515625 39.950252532958984 497.62286376953125 342.1367492675781
person 0.3128263056278229 4.020812511444092 3.325631618499756 219.159423828125 177.50083923339844
pottedplant 0.13950678706169128 450.2244567871094 50.54001998901367 499.04656982421875 210.5105743408203
sofa 0.1279049515724182 0.0 118.2579574584961 47.40591049194336 188.492431640625
bottle 0.12588462233543396 1.9771583080291748 192.5096435546875 54.671382904052734 255.7975616455078
diningtable 0.05641815438866615 140.52467346191406 162.3535919189453 500.0 375.0
pottedplant 0.05424956604838371 283.3623046875 0.0 321.48822021484375 28.1761417388916
