person 0.9258371591567993 28.756113052368164 261.00970458984375 323.484375 497.5257873535156
pottedplant 0.8647512197494507 46.848106384277344 123.58429718017578 301.8114929199219 339.8211364746094
chair 0.5732846856117249 230.18601989746094 3.1552200317382812 372.8683166503906 369.2792663574219
pottedplant 0.5538119077682495 39.720252990722656 42.78120803833008 346.458251953125 463.86962890625
pottedplant 0.44376128911972046 40.79902648925781 134.7591552734375 131.37203979492188 300.26776123046875
pottedplant 0.1766519695520401 113.71934509277344 27.207984924316406 235.2152557373047 102.71133422851562
chair 0.1486225128173828 52.075439453125 257.1462097167969 288.387451171875 487.6540222167969
chair 0.12017684429883957 67.92076873779297 22.04142189025879 366.864990234375 439.673095703125
chair 0.1198679581284523 119.59921264648438 0.0 373.8039855957031 221.01486206054688
pottedplant 0.10487145185470581 46.9163818359375 209.3652801513672 117.37721252441406 300.80487060546875
chair 0.09572696685791016 319.4753723144531 0.0 374.07415771484375 350.6077575683594
diningtable 0.08674050867557526 0.0 56.25384521484375 368.0187683105469 452.2436828613281
pottedplant 0.07171206921339035 89.474609375 133.03823852539062 267.0736389160156 279.28057861328125
pottedplant 0.07006826996803284 112.65870666503906 139.95298767089844 168.8515167236328 269.06903076171875
pottedplant 0.06892813742160797 239.66896057128906 178.79373168945312 289.8811340332031 309.7853088378906
pottedplant 0.05364222079515457 117.20201110839844 25.89600944519043 170.1495819091797 86.77565002441406
boat 0.05051403120160103 226.06871032714844 251.9751739501953 286.1933898925781 297.80816650390625
