boat 0.9879984855651855 351.9985656738281 175.0245361328125 463.014892578125 245.5133514404297
boat 0.9661489725112915 289.731689453125 189.64064025878906 436.0279541015625 243.68804931640625
boat 0.6841135025024414 422.5218200683594 175.10794067382812 457.8602294921875 218.37132263183594
train 0.5866361856460571 3.5351979732513428 0.0 96.26384735107422 327.0
boat 0.49653321504592896 476.8781433105469 222.93356323242188 499.8020935058594 267.247314453125
boat 0.4788038730621338 389.5487976074219 169.64622497558594 413.7427673339844 209.48699951171875
boat 0.4531705677509308 170.4720916748047 214.138916015625 288.6593017578125 250.9346466064453
boat 0.4434126913547516 18.069425582885742 0.0 336.8732604980469 319.18121337890625
boat 0.4300425052642822 8.32445240020752 1.063600778579712 95.26123809814453 317.3547058105469
boat 0.28344470262527466 280.394287109375 202.8915557861328 376.4627380371094 240.19602966308594
train 0.24281364679336548 2.0358693599700928 0.0 332.5245056152344 327.0
boat 0.18067093193531036 311.4082946777344 169.69248962402344 414.54571533203125 236.89227294921875
boat 0.17956389486789703 0.0 141.47576904296875 189.8424072265625 324.8803405761719
person 0.1483374685049057 8.650335311889648 12.168582916259766 97.89045715332031 321.5830078125
bicycle 0.12267036736011505 2.5724470615386963 124.997802734375 99.6541748046875 325.5809020996094
boat 0.12070601433515549 382.97613525390625 171.4882049560547 455.6137390136719 227.6669158935547
boat 0.1058247908949852 355.24127197265625 169.66148376464844 422.7103576660156 226.25665283203125
person 0.07891066372394562 376.2124328613281 196.4552001953125 387.8244323730469 205.48240661621094
boat 0.05945529416203499 271.5533752441406 170.99258422851562 470.30255126953125 254.90756225585938
train 0.05197630077600479 3.528660297393799 142.49290466308594 191.76748657226562 327.0
boat 0.05054206773638725 2.089306116104126 160.07998657226562 412.7996520996094 324.21966552734375
