person 0.9612303376197815 329.92767333984375 21.97751808166504 497.35479736328125 399.6656188964844
dog 0.6722240447998047 43.1638298034668 120.56495666503906 393.8878479003906 397.5516052246094
cow 0.47542819380760193 199.752197265625 116.26605987548828 320.7154541015625 180.9515838623047
bird 0.46401530504226685 309.39752197265625 109.44354248046875 334.9554748535156 138.19436645507812
bird 0.4463711977005005 310.2412414550781 109.4420394897461 354.1834716796875 200.98318481445312
bird 0.33474665880203247 200.1098175048828 110.74715423583984 322.959228515625 179.70606994628906
person 0.30809885263442993 305.0894470214844 111.39972686767578 422.63909912109375 288.2914733886719
sheep 0.28889429569244385 204.71266174316406 114.9263687133789 321.3430480957031 180.8300323486328
person 0.278280645608902 209.5189208984375 66.46353149414062 435.417236328125 400.6938781738281
cow 0.2359713762998581 36.514495849609375 111.44812774658203 379.1841735839844 399.33953857421875
bird 0.2353622168302536 307.3408508300781 106.60860443115234 335.6600036621094 159.12388610839844
horse 0.20212902128696442 311.12908935546875 113.75618743896484 420.14434814453125 299.4843444824219
horse 0.19616693258285522 43.18272399902344 111.03650665283203 388.8730773925781 404.0
sheep 0.17418722808361053 44.90294647216797 116.61592864990234 394.4895324707031 400.80645751953125
bird 0.15049587190151215 308.4398498535156 110.91587829589844 421.564453125 261.9468688964844
person 0.1262146532535553 37.4942741394043 118.0901107788086 54.83786392211914 316.93231201171875
person 0.10141889750957489 147.50088500976562 17.80858612060547 499.9999694824219 335.0721740722656
bird 0.08957412838935852 300.76324462890625 107.59994506835938 336.9002380371094 200.45892333984375
dog 0.08414566516876221 199.8706512451172 113.07369995117188 327.7569885253906 179.5382843017578
sheep 0.08389505743980408 307.8131408691406 109.95581817626953 421.98480224609375 285.9684753417969
dog 0.07842160016298294 199.02163696289062 100.88592529296875 439.05963134765625 368.0030212402344
person 0.06977638602256775 58.42454528808594 107.23140716552734 387.76702880859375 391.17156982421875
dog 0.06812065094709396 304.2669677734375 108.86138153076172 423.62939453125 295.86279296875
cow 0.0660228580236435 306.66436767578125 112.11775970458984 422.86346435546875 284.4227294921875
person 0.06244830787181854 356.8276062011719 124.29975128173828 416.427490234375 291.1807861328125
