horse 0.815975546836853 106.58514404296875 102.0784683227539 381.010498046875 307.0509338378906
horse 0.7784050107002258 65.02965545654297 104.02409362792969 166.2213897705078 283.12652587890625
horse 0.6510835289955139 154.82830810546875 101.12032318115234 364.1424865722656 189.08885192871094
bird 0.3873721659183502 106.51676177978516 101.75899505615234 167.20787048339844 181.32765197753906
cat 0.34059539437294006 109.5145492553711 118.77728271484375 377.76165771484375 301.8307800292969
dog 0.3056561350822449 82.93092346191406 161.60179138183594 395.4884033203125 326.1505126953125
sheep 0.12344332784414291 108.81497192382812 101.76976776123047 167.0627899169922 179.42556762695312
dog 0.10420078039169312 107.98818969726562 100.07278442382812 167.51751708984375 179.2421417236328
sheep 0.10004337877035141 114.64665222167969 160.1562957763672 381.0478210449219 312.9228515625
bird 0.09388136118650436 59.280548095703125 102.88333892822266 169.03012084960938 263.7904968261719
horse 0.0795183926820755 94.33749389648438 103.5272216796875 162.91806030273438 206.50816345214844
cow 0.050658710300922394 103.78491973876953 162.00765991210938 387.5986022949219 306.6553649902344
