bus 0.9962847232818604 64.41980743408203 59.16630554199219 407.5511169433594 290.5130920410156
bus 0.9797741770744324 304.65618896484375 105.07796478271484 443.7408142089844 263.3775634765625
bus 0.9769163727760315 381.734375 101.28013610839844 445.8431701660156 265.51519775390625
person 0.22621765732765198 255.0019073486328 119.00056457519531 297.8910827636719 194.5887908935547
car 0.20463944971561432 445.6171875 205.8583984375 498.852783203125 263.32684326171875
bus 0.1421622633934021 401.5796813964844 82.67002868652344 479.40924072265625 257.06329345703125
car 0.1339500993490219 372.85003662109375 95.08526611328125 447.4415283203125 260.2215881347656
pottedplant 0.06655819714069366 446.8023681640625 62.5338020324707 498.28363037109375 257.5350341796875
bus 0.060547493398189545 444.14776611328125 96.3179931640625 499.2125549316406 253.83021545410156
person 0.05978929251432419 314.9945068359375 123.86489868164062 377.6741027832031 194.60572814941406
bus 0.05323850363492966 445.6775207519531 201.947021484375 499.0851745605469 263.14154052734375
