pottedplant 0.9445459246635437 5.800909519195557 0.0 187.73782348632812 160.69093322753906
cat 0.9387125968933105 90.13619232177734 35.541786193847656 327.1515808105469 294.01788330078125
person 0.35833239555358887 313.2181701660156 0.0 403.14825439453125 141.2581329345703
dog 0.23648159205913544 81.62662506103516 28.461284637451172 332.6728820800781 300.0004577636719
chair 0.202543705701828 46.17889404296875 7.604384422302246 456.9765930175781 368.84967041015625
person 0.12481566518545151 285.18670654296875 7.276339530944824 500.0 323.5214538574219
chair 0.11932294070720673 300.0505065917969 9.678325653076172 500.0 364.07025146484375
person 0.09957442432641983 308.7118225097656 0.0 496.01824951171875 154.76060485839844
bird 0.06534851342439651 83.99066162109375 30.291122436523438 332.144287109375 299.1173095703125
bottle 0.06287430971860886 322.8760986328125 0.0 404.54217529296875 154.37384033203125
chair 0.056496940553188324 221.7913360595703 0.0 388.8917541503906 138.83480834960938
diningtable 0.05552532523870468 14.273381233215332 39.26402282714844 500.0 375.0
