boat 0.958046019077301 1.9143173694610596 180.82754516601562 121.25975036621094 252.5323486328125
boat 0.9237440228462219 256.1639099121094 125.50666046142578 263.6855773925781 163.37901306152344
boat 0.27403998374938965 76.03961181640625 189.49664306640625 134.3367156982422 218.34864807128906
boat 0.21262574195861816 164.3844757080078 163.5436248779297 185.4116668701172 184.42172241210938
person 0.19733543694019318 104.43351745605469 190.03814697265625 109.3320083618164 198.35374450683594
boat 0.17599287629127502 26.383100509643555 186.72474670410156 134.6654510498047 222.07662963867188
person 0.16669203341007233 0.8673457503318787 214.62997436523438 26.425893783569336 234.0417938232422
boat 0.13636665046215057 371.63385009765625 172.48345947265625 400.2441101074219 184.2100067138672
boat 0.13423994183540344 374.9542236328125 177.48733520507812 398.1659240722656 183.77835083007812
boat 0.11300989985466003 370.2176208496094 161.84580993652344 398.6448669433594 183.98770141601562
boat 0.08864201605319977 118.6568374633789 182.78549194335938 127.01458740234375 187.76473999023438
person 0.0880717858672142 81.00494384765625 190.3719024658203 88.4627685546875 198.88589477539062
person 0.06260005384683609 96.77825927734375 204.0915985107422 105.91781616210938 215.9603271484375
boat 0.05607587844133377 348.514892578125 166.7761688232422 396.22723388671875 180.32174682617188
person 0.05391767621040344 111.57547760009766 192.49244689941406 116.13616943359375 198.7961883544922
