sofa 0.995246946811676 101.31947326660156 154.3756103515625 285.3079833984375 229.09814453125
tvmonitor 0.9932188391685486 289.06884765625 133.7390594482422 379.7627258300781 189.65597534179688
person 0.8968018889427185 308.8536071777344 141.6395721435547 338.2059631347656 182.9294891357422
sofa 0.8957178592681885 0.0 156.47265625 67.342041015625 251.62229919433594
pottedplant 0.4244876503944397 457.70458984375 103.79991912841797 499.0907287597656 244.0010223388672
pottedplant 0.26549357175827026 0.9100200533866882 80.7513656616211 90.4447021484375 187.33151245117188
chair 0.24433542788028717 1.2878575325012207 158.708740234375 66.79218292236328 249.87030029296875
bottle 0.18937596678733826 243.2310028076172 256.7211608886719 275.2646789550781 317.81390380859375
pottedplant 0.15810994803905487 223.9608612060547 194.75367736816406 243.02992248535156 210.6774139404297
pottedplant 0.0875520408153534 69.37047576904297 151.68209838867188 91.2757568359375 182.14212036132812
chair 0.0822773203253746 460.3844909667969 119.46195983886719 497.4781188964844 252.0430145263672
diningtable 0.07916196435689926 16.436307907104492 246.45826721191406 423.7236022949219 369.19305419921875
person 0.07112050801515579 460.23822021484375 112.61441040039062 496.983642578125 253.6310577392578
pottedplant 0.06855536997318268 31.271278381347656 155.2789306640625 74.93093872070312 187.98440551757812
chair 0.05357155576348305 464.5098876953125 179.42352294921875 499.48992919921875 245.61264038085938
