dog 0.6872860789299011 133.7150421142578 108.44168853759766 354.8342590332031 253.15347290039062
horse 0.6491226553916931 103.76773071289062 132.78977966308594 339.9176940917969 292.4599609375
sheep 0.4607888162136078 136.74472045898438 109.74697875976562 300.1209411621094 169.07308959960938
cat 0.23032577335834503 141.55868530273438 107.69173431396484 301.1844787597656 157.97996520996094
dog 0.21167418360710144 101.28624725341797 132.97288513183594 313.74932861328125 291.3017578125
sheep 0.2082526832818985 103.59031677246094 136.2520751953125 337.28607177734375 296.36578369140625
dog 0.1820039600133896 138.4331512451172 108.0094223022461 309.4420471191406 161.53469848632812
sheep 0.12321911007165909 137.12771606445312 111.68006134033203 343.9417724609375 204.1365966796875
cow 0.06582731008529663 103.5128402709961 130.755615234375 338.3441162109375 300.1680908203125
cat 0.060855258256196976 142.47958374023438 104.41246032714844 344.5803527832031 226.70811462402344
person 0.05392316356301308 121.608154296875 117.5076904296875 336.16326904296875 286.5869445800781
bird 0.05168004706501961 142.54336547851562 105.63893127441406 305.6665344238281 158.27618408203125
