bus 0.954023540019989 4.012847423553467 0.0 311.30670166015625 190.51168823242188
train 0.8789116740226746 3.9400906562805176 51.55727005004883 314.4978332519531 189.65118408203125
tvmonitor 0.6346014738082886 268.8772277832031 17.152048110961914 312.0805358886719 38.96910858154297
bus 0.4292163550853729 199.8443145751953 47.5643310546875 319.2493591308594 181.72547912597656
car 0.4172498881816864 205.33181762695312 72.82280731201172 318.889404296875 186.37303161621094
tvmonitor 0.38069796562194824 205.812255859375 66.88494873046875 316.8867492675781 182.1011199951172
tvmonitor 0.31122857332229614 163.37918090820312 17.484846115112305 200.7007598876953 37.128684997558594
tvmonitor 0.2116604447364807 53.997310638427734 16.308000564575195 94.81658172607422 37.439430236816406
person 0.17654672265052795 144.815673828125 106.57620239257812 158.1484375 122.64842987060547
train 0.11910278350114822 190.29737854003906 63.59693145751953 316.2844543457031 185.58543395996094
bus 0.11831224709749222 0.0 68.88800811767578 223.48805236816406 185.81387329101562
car 0.11451111733913422 273.4309387207031 172.13465881347656 319.1400146484375 190.7877960205078
train 0.0994381532073021 3.3298308849334717 76.45390319824219 202.23773193359375 178.66807556152344
bus 0.08746735006570816 4.3915629386901855 1.5982178449630737 314.3052673339844 87.42665100097656
tvmonitor 0.08084578812122345 300.1250915527344 82.30032348632812 319.9705505371094 133.17401123046875
tvmonitor 0.06563100218772888 126.44084167480469 91.91207885742188 157.5413360595703 128.42013549804688
car 0.06404002010822296 300.62579345703125 74.78919219970703 318.8880615234375 171.16311645507812
