chair 0.985619068145752 103.26310729980469 159.06814575195312 189.4438018798828 320.0558166503906
chair 0.9711472988128662 281.1513671875 171.67459106445312 379.8761901855469 332.7505798339844
chair 0.9484797120094299 169.4683837890625 148.89813232421875 241.44796752929688 278.74334716796875
chair 0.9252772331237793 249.6754608154297 152.23252868652344 336.19866943359375 265.9276123046875
diningtable 0.915560781955719 153.0640106201172 158.1753387451172 339.8096923828125 319.29437255859375
pottedplant 0.5539970993995667 0.0 0.0 93.9985580444336 310.9184265136719
chair 0.2265341877937317 173.8000946044922 156.29580688476562 280.01934814453125 311.7872619628906
chair 0.19543634355068207 138.5760498046875 158.67803955078125 233.3905792236328 309.362548828125
bottle 0.17369528114795685 220.7933349609375 23.522005081176758 242.44078063964844 60.22331237792969
chair 0.12369943410158157 99.9989013671875 160.3549041748047 144.80398559570312 241.83316040039062
pottedplant 0.1038539707660675 0.4182826578617096 158.0625457763672 35.1104850769043 258.0442810058594
bottle 0.08624599128961563 254.53314208984375 24.16887092590332 274.0799865722656 63.20745086669922
bottle 0.06117947772145271 220.50616455078125 23.086618423461914 236.84239196777344 43.95733642578125
chair 0.05126633867621422 171.7397003173828 148.86505126953125 228.03814697265625 186.94630432128906
