person 0.9756478071212769 50.44758987426758 45.9910888671875 217.9514617919922 310.7460632324219
chair 0.7095034122467041 32.73179244995117 86.5376968383789 223.4672393798828 322.2093811035156
sofa 0.6889439225196838 7.731187343597412 91.5806884765625 478.6670227050781 307.7822265625
chair 0.46518510580062866 193.10113525390625 100.25347900390625 330.17633056640625 209.61459350585938
chair 0.4615371823310852 327.95098876953125 96.87814331054688 487.0655822753906 312.01708984375
sofa 0.36474165320396423 178.44126892089844 96.2705307006836 330.4053649902344 209.3583526611328
chair 0.36163365840911865 31.53537368774414 105.63279724121094 142.60838317871094 301.3518981933594
chair 0.3509047031402588 332.34576416015625 98.50930786132812 492.0135498046875 209.35354614257812
diningtable 0.31224483251571655 46.77157974243164 207.53005981445312 499.657470703125 333.0
sofa 0.2728823125362396 325.5683898925781 100.72348022460938 489.2785339355469 314.0191345214844
chair 0.22614403069019318 391.3656921386719 162.8235321044922 500.0 324.30902099609375
sofa 0.22467276453971863 30.972673416137695 88.71149444580078 308.09027099609375 274.4756774902344
sofa 0.20968449115753174 326.4178771972656 92.35122680664062 493.72552490234375 206.55374145507812
chair 0.1790495365858078 468.7348937988281 96.8228530883789 500.0 192.9694366455078
chair 0.14217670261859894 31.88404655456543 212.45826721191406 104.84494018554688 302.0281982421875
chair 0.1393095701932907 44.948612213134766 95.42558288574219 216.5994415283203 213.65110778808594
diningtable 0.12878312170505524 323.4150085449219 194.9297332763672 496.2872009277344 331.4235534667969
chair 0.0928187295794487 67.36236572265625 100.6358413696289 197.02146911621094 152.69140625
sofa 0.06115495413541794 37.1511116027832 91.9103775024414 226.2734375 213.25967407226562
