bird 0.9899157285690308 201.3751220703125 73.34910583496094 307.9814147949219 367.54693603515625
bird 0.9831472039222717 58.6627082824707 158.2097625732422 182.0651092529297 487.823486328125
bird 0.3350818455219269 219.09356689453125 12.519969940185547 357.22406005859375 454.54229736328125
sheep 0.1671258956193924 259.98883056640625 11.904230117797852 385.6697998046875 500.0
cat 0.066503144800663 27.033382415771484 153.2427520751953 179.37554931640625 493.2063293457031
bird 0.06362005323171616 78.9635238647461 150.9832305908203 175.47763061523438 300.4510498046875
bird 0.05963519588112831 143.59161376953125 120.98352813720703 300.8832702636719 464.84710693359375
sheep 0.05702685937285423 303.0591735839844 10.360421180725098 386.09912109375 354.4228515625
sheep 0.054067980498075485 201.81556701660156 65.89820861816406 297.44708251953125 401.8284606933594
sheep 0.053852714598178864 0.6431965231895447 219.2442169189453 183.36097717285156 494.5672912597656
