tvmonitor 0.9467383027076721 38.384918212890625 0.0 202.3058624267578 93.20354461669922
cat 0.90556800365448 225.339111328125 158.1798095703125 286.48345947265625 227.7960205078125
pottedplant 0.7464582324028015 345.982666015625 99.10860443115234 499.6010437011719 310.7861022949219
sofa 0.4609738290309906 180.41500854492188 91.56440734863281 339.0471496582031 241.87863159179688
bottle 0.29614657163619995 456.7382507324219 99.01435089111328 470.3482360839844 133.58197021484375
dog 0.28956133127212524 223.5697021484375 156.8543701171875 289.6129455566406 227.8545684814453
chair 0.26889005303382874 179.77548217773438 94.24384307861328 343.1702575683594 239.5885009765625
diningtable 0.2489684671163559 307.780029296875 58.566368103027344 500.0 283.9056091308594
tvmonitor 0.11639446020126343 56.61772537231445 1.0187602043151855 172.6834716796875 64.4610366821289
tvmonitor 0.08057747036218643 182.7276153564453 96.06060791015625 341.8883056640625 248.13778686523438
