sheep 0.9277459383010864 45.33295822143555 230.63441467285156 158.5431365966797 269.6622619628906
sheep 0.7626104950904846 196.21437072753906 160.13430786132812 281.57196044921875 321.24591064453125
sheep 0.5686976909637451 40.30815505981445 229.54800415039062 159.58563232421875 305.8375244140625
bird 0.5403387546539307 195.33621215820312 160.59954833984375 280.80096435546875 319.5866394042969
horse 0.08919988572597504 196.87014770507812 157.9065704345703 280.119384765625 325.63189697265625
sheep 0.08072763681411743 337.0001525878906 320.21038818359375 374.64483642578125 337.42498779296875
sheep 0.06478816270828247 187.34335327148438 101.26167297363281 424.17132568359375 327.06414794921875
cat 0.05955629050731659 196.644287109375 165.14785766601562 278.1029968261719 319.0332946777344
dog 0.05301395058631897 41.53019332885742 228.0246124267578 168.45794677734375 306.36859130859375
dog 0.050750937312841415 196.2674560546875 157.86563110351562 283.2384948730469 323.69085693359375
