chair 0.9111735224723816 123.585205078125 330.6458435058594 280.7437744140625 499.9999694824219
diningtable 0.860937237739563 132.94017028808594 321.167724609375 334.0 499.9999694824219
chair 0.8544290065765381 243.25363159179688 308.5134582519531 331.71484375 484.0869445800781
sheep 0.8540218472480774 0.0 69.31098937988281 225.18907165527344 473.6689453125
chair 0.5964608192443848 137.32843017578125 305.8909912109375 247.24368286132812 451.96649169921875
chair 0.5640780925750732 138.08155822753906 307.9354248046875 196.0583038330078 416.6195068359375
pottedplant 0.5401059985160828 320.9117736816406 279.86474609375 333.2232360839844 312.5583190917969
chair 0.5019270777702332 137.87757873535156 308.8291015625 195.3637237548828 356.7187194824219
chair 0.39730966091156006 286.0913391113281 315.070068359375 334.0 488.8155212402344
chair 0.3231111466884613 68.52032470703125 305.8131408691406 199.38088989257812 441.71478271484375
chair 0.2823653519153595 261.2305603027344 301.1362609863281 301.2806396484375 338.7974548339844
cat 0.2804189622402191 9.868127822875977 17.58110809326172 206.79684448242188 486.9869079589844
chair 0.233155757188797 294.02099609375 427.29888916015625 323.36773681640625 499.9999694824219
pottedplant 0.20942752063274384 206.025146484375 252.65155029296875 244.324951171875 290.78826904296875
chair 0.18214598298072815 0.0 231.4620819091797 236.63931274414062 457.8886413574219
pottedplant 0.14477773010730743 280.9024658203125 260.8590087890625 320.2579040527344 309.3120422363281
chair 0.12426262348890305 0.9728482961654663 339.1221923828125 26.554479598999023 421.6474304199219
sheep 0.11899164319038391 5.140594005584717 216.498291015625 149.1151885986328 449.2021179199219
chair 0.10472439974546432 289.5988464355469 307.57049560546875 334.0 343.50628662109375
pottedplant 0.09172673523426056 225.61175537109375 188.92489624023438 326.24609375 290.7685852050781
chair 0.0889170914888382 227.44940185546875 306.8320617675781 301.7773132324219 451.45556640625
chair 0.08813989907503128 297.956787109375 403.2768249511719 334.0 497.5926513671875
chair 0.08459250628948212 127.76493072509766 320.158203125 210.01527404785156 490.0007629394531
bird 0.08068498969078064 89.3135986328125 143.19558715820312 128.99252319335938 186.2372283935547
person 0.07763192802667618 119.36758422851562 178.09478759765625 301.2586364746094 481.6731262207031
bird 0.07748913764953613 0.0 7.9016432762146 228.3296356201172 350.0491027832031
pottedplant 0.07638207823038101 317.0994567871094 262.9769287109375 333.59576416015625 312.6264953613281
bottle 0.07399986684322357 266.63726806640625 315.91705322265625 278.3575439453125 349.12420654296875
dog 0.06617236137390137 0.0 15.643445014953613 221.57713317871094 435.6020812988281
bottle 0.06114194169640541 254.31491088867188 308.953125 281.2785949707031 364.3298645019531
sheep 0.058137327432632446 113.97856903076172 304.1761779785156 157.14170837402344 363.2882080078125
diningtable 0.057551804929971695 3.7621514797210693 291.497314453125 314.9337158203125 484.4510498046875
sofa 0.05637773871421814 118.42433166503906 296.1863098144531 285.7615661621094 484.0212097167969
horse 0.05612482875585556 0.0 12.821971893310547 220.0146026611328 456.2069396972656
pottedplant 0.05420747399330139 203.9840087890625 258.7864074707031 219.1009979248047 298.5071716308594
