person 0.9665150046348572 160.0371551513672 183.9680633544922 219.5446319580078 371.4955139160156
horse 0.9507913589477539 200.20933532714844 159.07481384277344 338.16162109375 481.4481201171875
chair 0.7730658054351807 56.22075271606445 299.9638977050781 150.30870056152344 446.88739013671875
person 0.5053679943084717 377.12640380859375 185.67710876464844 418.0789794921875 299.4034423828125
person 0.3989076018333435 406.0859680175781 164.40911865234375 421.5461120605469 398.7290344238281
bicycle 0.1796317994594574 50.75397872924805 201.539306640625 83.1317367553711 308.43218994140625
person 0.15653486549854279 383.4418640136719 181.28054809570312 419.9020080566406 384.25311279296875
horse 0.13899175822734833 197.30584716796875 155.3575897216797 307.1163330078125 242.7816925048828
horse 0.1324390172958374 373.7607727050781 187.75173950195312 417.99176025390625 302.8882141113281
person 0.10849112272262573 406.3931579589844 182.54238891601562 421.3287353515625 298.8748474121094
bicycle 0.10230404138565063 24.328039169311523 194.76953125 87.11625671386719 316.95635986328125
cow 0.0939580425620079 373.87005615234375 186.79974365234375 418.0465087890625 303.1014709472656
bicycle 0.08041277527809143 81.9818344116211 195.22314453125 124.2490234375 275.9405517578125
cow 0.056410111486911774 222.74447631835938 175.31549072265625 342.3047180175781 476.6559753417969
