person 0.9763391017913818 83.09688568115234 5.690295219421387 424.6581726074219 333.0
person 0.9303070306777954 167.74180603027344 133.79946899414062 440.220703125 331.2049255371094
bottle 0.7392122745513916 210.8728790283203 200.42486572265625 325.48870849609375 273.12908935546875
sofa 0.4595482647418976 0.0 0.4455302655696869 477.1271057128906 332.05438232421875
person 0.306345671415329 198.46226501464844 0.0 396.1360168457031 264.201171875
chair 0.22532197833061218 133.50714111328125 0.0 500.0 307.6861877441406
person 0.09817076474428177 142.7620086669922 57.904823303222656 298.2162170410156 321.9247131347656
person 0.09748147428035736 200.02554321289062 160.1227569580078 324.7344055175781 299.92138671875
sofa 0.08916841447353363 24.113739013671875 172.1416015625 500.0 333.0
bottle 0.06316559761762619 179.2168731689453 193.36767578125 322.7208557128906 305.5357360839844
