car 0.9585502743721008 16.630090713500977 0.0 292.5091552734375 184.09783935546875
bicycle 0.9422432780265808 89.72835540771484 31.080001831054688 486.8472900390625 293.174072265625
car 0.7780925035476685 144.1289825439453 8.116752624511719 499.9999694824219 195.97679138183594
bicycle 0.7081079483032227 70.793701171875 51.143699645996094 252.9254913330078 249.50672912597656
bicycle 0.5616514086723328 100.51367950439453 66.27287292480469 351.3789367675781 269.8819580078125
car 0.3619757890701294 309.8476867675781 34.24920654296875 499.9999694824219 201.5677947998047
car 0.3414362967014313 214.5509033203125 2.1752498149871826 491.3712463378906 57.723411560058594
car 0.30499914288520813 228.77215576171875 1.840329885482788 492.4309997558594 135.40341186523438
person 0.23244798183441162 222.62062072753906 7.879454135894775 250.13055419921875 48.78606414794922
car 0.1845005601644516 146.24017333984375 0.041734639555215836 256.8522644042969 47.05132293701172
car 0.18178203701972961 60.12583541870117 5.653024673461914 423.68341064453125 138.06410217285156
bicycle 0.15452705323696136 152.64691162109375 19.67587661743164 388.90655517578125 233.6732635498047
motorbike 0.1202361136674881 40.289268493652344 18.369606018066406 262.70416259765625 221.10972595214844
person 0.102805957198143 103.29454803466797 14.600980758666992 253.241943359375 227.97410583496094
bicycle 0.09741509705781937 98.49493408203125 10.070754051208496 440.13958740234375 160.27267456054688
motorbike 0.08339466899633408 42.955543518066406 10.126687049865723 474.31719970703125 248.21942138671875
chair 0.0806276947259903 136.67080688476562 28.595863342285156 352.8415222167969 257.9271240234375
person 0.08056783676147461 150.16787719726562 24.5983829498291 336.3179931640625 259.4820251464844
bird 0.0784529596567154 241.57574462890625 132.34339904785156 315.6217956542969 214.73597717285156
person 0.07520702481269836 194.2991943359375 61.329010009765625 303.65673828125 231.604248046875
car 0.07339860498905182 176.87062072753906 17.721250534057617 446.1552429199219 109.51699829101562
person 0.05810372158885002 185.28701782226562 123.97720336914062 382.4615783691406 225.64572143554688
chair 0.05787159129977226 215.10025024414062 5.183999538421631 397.8791809082031 194.93995666503906
person 0.05362962931394577 205.16961669921875 0.0 393.8263854980469 257.4773254394531
person 0.05349486693739891 225.57740783691406 0.8730117082595825 303.7057800292969 48.565006256103516
bicycle 0.051156140863895416 94.99706268310547 49.84904479980469 323.1689147949219 187.29351806640625
