motorbike 0.9752489924430847 282.26422119140625 60.6201286315918 374.8948669433594 208.1651153564453
motorbike 0.9647175669670105 90.69617462158203 67.9877700805664 287.7408447265625 307.9840087890625
car 0.9273656010627747 55.1795539855957 67.85206604003906 175.3957977294922 114.4473648071289
car 0.8918436169624329 0.0 75.84066772460938 86.97724151611328 140.70445251464844
motorbike 0.4331047832965851 187.44677734375 79.61222076416016 292.41650390625 258.5820007324219
car 0.18652202188968658 482.6435241699219 84.50949096679688 499.6274108886719 132.86866760253906
pottedplant 0.12064582109451294 1.8293722867965698 171.30685424804688 66.48332977294922 268.5638122558594
car 0.11976736038923264 280.6907043457031 58.29460525512695 371.29296875 111.45463562011719
person 0.10322943329811096 280.768310546875 57.06163787841797 356.9218444824219 156.1092987060547
motorbike 0.0997283011674881 319.9764404296875 69.71039581298828 380.1131896972656 151.1151123046875
motorbike 0.09963595867156982 213.0319366455078 54.559383392333984 367.66461181640625 217.3435821533203
motorbike 0.07977966964244843 284.5127258300781 65.17764282226562 376.69598388671875 129.77139282226562
person 0.07586156576871872 138.0267791748047 88.97844696044922 169.72296142578125 119.8347396850586
person 0.07159481942653656 325.4736328125 60.050743103027344 362.9670104980469 129.18670654296875
car 0.06975692510604858 106.52539825439453 106.88206481933594 122.71495056152344 119.87875366210938
car 0.053303059190511703 284.0688781738281 55.882633209228516 350.9050598144531 91.35186004638672
