boat 0.9925630688667297 52.43118667602539 149.63311767578125 372.6088562011719 298.7362365722656
boat 0.944781482219696 2.4458868503570557 181.79591369628906 97.27961730957031 270.6796875
boat 0.4233236610889435 10.84607982635498 158.49844360351562 152.6869659423828 271.6283874511719
boat 0.3542812168598175 3.4285714626312256 224.6917724609375 107.19539642333984 270.2644958496094
car 0.34808316826820374 295.9940185546875 217.6908416748047 339.4947814941406 240.9080352783203
pottedplant 0.29113492369651794 286.5532531738281 143.26377868652344 344.3388671875 241.9366455078125
boat 0.23452936112880707 360.2924499511719 213.59388732910156 401.6838684082031 246.34971618652344
pottedplant 0.20140063762664795 158.64207458496094 105.8089370727539 219.73382568359375 161.49490356445312
boat 0.19103631377220154 356.02874755859375 236.08758544921875 403.0487060546875 247.56089782714844
boat 0.1487320065498352 0.2933938801288605 178.40260314941406 35.99142074584961 244.9557342529297
boat 0.1375734955072403 1.843215823173523 177.97088623046875 59.27229309082031 256.93121337890625
boat 0.07786090672016144 359.7888488769531 179.56883239746094 403.760986328125 246.47039794921875
boat 0.06581703573465347 358.8252868652344 287.5377502441406 377.8391418457031 301.6326904296875
boat 0.0639347955584526 23.23467254638672 148.133056640625 249.5427703857422 276.6239013671875
