person 0.9937777519226074 111.17754364013672 168.94515991210938 211.59864807128906 332.87286376953125
person 0.9897089600563049 296.177490234375 143.37583923339844 394.8663635253906 315.533935546875
car 0.9733279943466187 110.05242919921875 125.05223083496094 376.18609619140625 248.7098846435547
person 0.9726728796958923 398.82806396484375 76.62030792236328 421.3409423828125 173.90121459960938
person 0.9423744082450867 191.32154846191406 91.79435729980469 231.5948944091797 132.56980895996094
person 0.9123386144638062 265.017578125 76.88201141357422 296.98663330078125 124.48314666748047
motorbike 0.8476895093917847 17.905649185180664 222.90440368652344 355.2153625488281 331.3376770019531
person 0.596322238445282 449.57464599609375 91.91464233398438 459.2496032714844 118.285400390625
motorbike 0.5938288569450378 217.02581787109375 199.3551483154297 464.8426818847656 333.0
bottle 0.21750770509243011 62.277976989746094 239.48641967773438 73.71853637695312 260.43072509765625
person 0.19005300104618073 304.5585632324219 142.63778686523438 382.0327453613281 252.79818725585938
motorbike 0.17087320983409882 134.95233154296875 220.4095001220703 275.6748962402344 331.05364990234375
motorbike 0.12022081762552261 222.98080444335938 219.817138671875 373.4977111816406 328.03826904296875
person 0.10156238079071045 166.51478576660156 83.89433288574219 188.33319091796875 146.19989013671875
person 0.08405780792236328 188.33644104003906 93.82308959960938 234.09503173828125 169.884033203125
bottle 0.08097197860479355 437.3675537109375 99.71327209472656 444.7494201660156 119.33760833740234
motorbike 0.0757158026099205 66.24710845947266 234.37020874023438 247.89810180664062 332.84759521484375
bottle 0.06957359611988068 261.7008972167969 218.64456176757812 272.0093994140625 242.74813842773438
motorbike 0.05936528742313385 18.059526443481445 247.42703247070312 192.0819091796875 333.0
car 0.05479836091399193 109.03728485107422 166.7701873779297 225.15904235839844 242.91796875
