bicycle 0.9020203351974487 34.88368225097656 239.9351348876953 401.6794738769531 370.696533203125
bicycle 0.8171697854995728 222.933837890625 237.58689880371094 373.51226806640625 372.98651123046875
bicycle 0.724806547164917 30.279056549072266 254.12364196777344 183.7440185546875 375.0
bicycle 0.5472937226295471 248.49957275390625 227.58050537109375 469.7152099609375 373.7774658203125
bottle 0.3477969169616699 139.89822387695312 346.8502502441406 168.59317016601562 375.0
diningtable 0.11743857711553574 2.0232067108154297 165.03759765625 427.520751953125 370.59375
chair 0.10019521415233612 39.79855728149414 259.1282653808594 168.66043090820312 371.7822265625
motorbike 0.0882960706949234 34.589508056640625 250.22494506835938 187.2294464111328 374.6774597167969
bicycle 0.06897848844528198 267.2515869140625 177.0450439453125 397.17364501953125 375.0
person 0.06667731702327728 272.7411804199219 5.527782440185547 488.19989013671875 375.0
bicycle 0.05030171573162079 123.83016967773438 185.17623901367188 494.7935791015625 375.0
