tvmonitor 0.9837779998779297 155.2376708984375 193.69935607910156 269.34716796875 292.8750305175781
bottle 0.7932233214378357 74.73522186279297 71.16718292236328 88.9496841430664 111.27625274658203
horse 0.20535200834274292 233.8999481201172 86.69049072265625 261.843017578125 111.82272338867188
horse 0.20194341242313385 194.9888916015625 89.60414123535156 230.31137084960938 111.39463806152344
motorbike 0.1764223426580429 98.2657699584961 403.3235168457031 334.0 499.9999694824219
aeroplane 0.14155146479606628 79.8792724609375 407.5678405761719 334.0 495.4757995605469
chair 0.13438868522644043 162.576904296875 332.5719909667969 199.94778442382812 383.1722717285156
bird 0.10389139503240585 233.95896911621094 86.81770324707031 262.345458984375 110.65860748291016
bottle 0.0859108492732048 165.03854370117188 331.9790954589844 197.76605224609375 384.1653747558594
tvmonitor 0.08177008479833603 162.38345336914062 331.7623291015625 198.33319091796875 382.7903137207031
bicycle 0.0639306828379631 104.92811584472656 410.7767333984375 334.0 498.16766357421875
motorbike 0.057577844709157944 95.42700958251953 80.60658264160156 129.6319580078125 111.2340087890625
tvmonitor 0.053987082093954086 148.65435791015625 117.4441146850586 307.26190185546875 274.9764709472656
