person 0.9936936497688293 168.77755737304688 56.2816276550293 302.14691162109375 328.67529296875
person 0.8218546509742737 339.1913757324219 2.179609537124634 475.0569152832031 112.29912567138672
chair 0.7698184847831726 211.7307586669922 121.71183776855469 330.8907470703125 344.5752868652344
bottle 0.603526771068573 204.59271240234375 106.33572387695312 252.97845458984375 152.1005401611328
diningtable 0.5475367903709412 4.339944839477539 79.82205200195312 140.96038818359375 373.849853515625
chair 0.5054394602775574 0.0 72.45672607421875 143.30320739746094 338.88165283203125
person 0.1943501979112625 332.3136901855469 109.48193359375 490.2583312988281 375.0
person 0.08946753293275833 398.062255859375 2.764838933944702 495.1004943847656 101.60478210449219
person 0.06834245473146439 192.0051727294922 78.2687759399414 305.31854248046875 205.7664337158203
person 0.05958316847681999 163.05538940429688 81.4451675415039 262.4834289550781 279.0556945800781
