sofa 0.9843064546585083 0.0 157.58187866210938 196.3409423828125 373.39520263671875
sofa 0.9100943207740784 398.11431884765625 202.99554443359375 499.8480529785156 300.8883056640625
tvmonitor 0.33575472235679626 303.0594787597656 158.93055725097656 369.72906494140625 234.594482421875
pottedplant 0.23949696123600006 155.9695587158203 1.0282087326049805 258.8609619140625 235.2618408203125
chair 0.1702061891555786 427.31695556640625 201.14207458496094 499.9082946777344 265.5669250488281
chair 0.1606990247964859 401.3503112792969 202.61013793945312 500.0 301.8966064453125
pottedplant 0.1339002251625061 242.73667907714844 199.55010986328125 287.4320983886719 256.411865234375
chair 0.1002582311630249 135.9037322998047 203.61483764648438 168.134765625 235.39328002929688
pottedplant 0.09592211991548538 156.35414123535156 234.0653533935547 187.32925415039062 261.590576171875
pottedplant 0.07062941789627075 135.7252960205078 201.2362518310547 167.170166015625 236.64724731445312
bicycle 0.05893196910619736 402.8922119140625 185.81671142578125 431.1355285644531 213.51365661621094
chair 0.054447729140520096 474.6676025390625 213.79928588867188 499.5345764160156 261.9056396484375
