dog 0.9480236172676086 240.451904296875 112.10941314697266 390.6784362792969 250.08816528320312
person 0.8852229118347168 291.03851318359375 63.916770935058594 489.9087829589844 375.0
dog 0.7730466723442078 223.6464385986328 85.70497131347656 449.272705078125 343.4244079589844
cow 0.7243914008140564 163.89102172851562 117.01193237304688 329.8448791503906 307.5454406738281
dog 0.6757514476776123 167.72802734375 117.40106201171875 344.2110595703125 302.1549072265625
cow 0.4986530542373657 4.032872200012207 4.207906723022461 351.5025634765625 366.8916015625
cow 0.37538260221481323 235.1166229248047 115.0633544921875 374.2410583496094 254.4891357421875
dog 0.3287360966205597 73.15747833251953 72.53775024414062 357.17474365234375 351.9020690917969
horse 0.31924915313720703 166.18418884277344 120.1992416381836 337.09442138671875 317.411376953125
bottle 0.27557873725891113 311.1525573730469 248.2509307861328 344.83526611328125 289.0099182128906
dog 0.23311780393123627 282.2819519042969 128.257080078125 494.35711669921875 251.50347900390625
dog 0.22759461402893066 309.8380126953125 99.97999572753906 498.5634460449219 341.03472900390625
chair 0.11420119553804398 341.18182373046875 73.81869506835938 498.1592712402344 293.2060546875
sofa 0.1110551506280899 212.2139434814453 37.27653121948242 500.0 270.7127990722656
dog 0.0845714882016182 305.6897277832031 144.88531494140625 386.6194763183594 245.41583251953125
sheep 0.08227355033159256 0.11460911482572556 0.0 72.08512878417969 159.94900512695312
horse 0.07774131745100021 0.0 10.403523445129395 351.8964538574219 358.68426513671875
sheep 0.0752306804060936 20.223779678344727 29.782489776611328 356.56658935546875 372.2061462402344
bicycle 0.062458883970975876 0.0 5.643510818481445 72.64453125 375.0
cow 0.061843570321798325 2.392484426498413 1.6112136840820312 76.19194793701172 152.9220733642578
cow 0.06053076684474945 168.5557098388672 3.5219602584838867 293.71649169921875 52.5322151184082
dog 0.0584828183054924 229.1581573486328 74.91725158691406 451.1429138183594 223.0722198486328
chair 0.05784951150417328 0.0 9.405584335327148 73.1963119506836 375.0
