boat 0.9934936165809631 3.4865474700927734 85.64820861816406 163.76754760742188 294.5516357421875
boat 0.9802619218826294 88.9146728515625 80.90013122558594 465.0033874511719 276.0713195800781
car 0.7456560134887695 0.0 85.42754364013672 106.64868927001953 139.4454803466797
boat 0.716908872127533 258.4538879394531 86.0718002319336 496.0179443359375 245.12460327148438
boat 0.5693279504776001 100.11547088623047 78.4356460571289 329.4438781738281 155.9610137939453
boat 0.5401965379714966 93.1557846069336 94.95916748046875 381.6693420410156 184.90818786621094
boat 0.272707462310791 246.5615997314453 91.68421173095703 383.2449035644531 124.91690826416016
car 0.2655984163284302 0.0 87.44076538085938 147.71047973632812 168.00672912597656
car 0.25982236862182617 307.4800720214844 126.57803344726562 496.4441223144531 264.3321838378906
boat 0.23518115282058716 224.8483123779297 91.4061508178711 492.41973876953125 170.1627655029297
boat 0.2263677418231964 109.8105239868164 108.23028564453125 313.8154602050781 143.36988830566406
car 0.2148028016090393 83.62410736083984 108.76473236083984 155.09188842773438 145.34317016601562
boat 0.1929122507572174 311.4458312988281 144.21673583984375 500.0 272.20111083984375
boat 0.19224612414836884 28.07266616821289 80.25770568847656 316.1217041015625 291.653076171875
boat 0.15634077787399292 261.200439453125 96.02165222167969 468.4425048828125 123.91888427734375
person 0.14821387827396393 108.99949645996094 276.712890625 140.4173583984375 374.8341064453125
boat 0.14568381011486053 137.94029235839844 80.60521697998047 476.6587829589844 136.4042205810547
car 0.11935247480869293 0.0 84.24497985839844 83.07583618164062 116.6529312133789
boat 0.11354876309633255 33.334373474121094 82.41829681396484 288.4783935546875 195.2406463623047
boat 0.11348633468151093 0.18592534959316254 84.1085433959961 144.98104858398438 172.4051055908203
aeroplane 0.10332579910755157 304.4729919433594 124.8561019897461 500.0 264.78009033203125
car 0.08666294813156128 84.5981216430664 107.90465545654297 232.880859375 145.89010620117188
boat 0.07811348140239716 86.99771881103516 104.7611312866211 151.61752319335938 148.42803955078125
aeroplane 0.06934474408626556 291.14703369140625 86.73831939697266 455.2219543457031 116.22166442871094
motorbike 0.0665406808257103 465.3090515136719 171.23654174804688 498.9845275878906 238.56814575195312
boat 0.06251244992017746 43.65575408935547 76.56195831298828 170.17269897460938 228.11412048339844
boat 0.06175719201564789 1.7637070417404175 86.22545623779297 104.74118041992188 141.0049285888672
bicycle 0.059374190866947174 251.60520935058594 81.59941101074219 367.89581298828125 117.314697265625
boat 0.05637521296739578 302.97149658203125 86.9472885131836 455.95733642578125 117.13322448730469
car 0.0561610572040081 102.8980941772461 81.14134979248047 253.12582397460938 145.38858032226562
car 0.05230921879410744 0.0 81.07550048828125 180.68992614746094 227.73977661132812
