person 0.9909148812294006 275.239990234375 38.987125396728516 444.4230651855469 327.0
person 0.9822966456413269 37.08224868774414 46.69858932495117 295.09466552734375 327.0
bottle 0.9507686495780945 73.59769439697266 65.78363800048828 113.2995834350586 140.66815185546875
person 0.9504285454750061 257.67327880859375 50.627418518066406 366.2796630859375 324.98529052734375
bottle 0.9373229146003723 268.3478088378906 143.0503692626953 284.8640441894531 200.8679962158203
bottle 0.9305558204650879 154.7156982421875 147.21737670898438 179.4781494140625 231.81997680664062
person 0.8983415961265564 172.71917724609375 26.681608200073242 278.03912353515625 200.69949340820312
bottle 0.8955735564231873 283.95208740234375 112.98212432861328 340.7640686035156 188.9351348876953
person 0.6718133091926575 167.9701690673828 30.648515701293945 336.4429626464844 324.24261474609375
person 0.32994210720062256 261.1681823730469 48.51669692993164 357.1307067871094 195.43203735351562
person 0.22011975944042206 78.23441314697266 28.64152717590332 314.4803161621094 181.613525390625
chair 0.1630946695804596 297.248779296875 63.90979766845703 330.4465637207031 99.76470184326172
person 0.1570325493812561 30.63801383972168 51.77382278442383 187.53895568847656 269.6850280761719
bottle 0.14943821728229523 272.4029846191406 141.47955322265625 285.0704040527344 160.6337432861328
pottedplant 0.10347319394350052 2.8850276470184326 35.58561706542969 108.21981811523438 155.44357299804688
person 0.08283279091119766 161.1772918701172 122.7241439819336 282.445068359375 324.1021728515625
pottedplant 0.0633462592959404 61.37606430053711 40.05385208129883 110.75900268554688 81.44322204589844
