bird 0.9804714918136597 41.335357666015625 54.59416961669922 391.2674865722656 369.382568359375
sheep 0.2652469277381897 316.1247863769531 110.72250366210938 499.8025817871094 374.68121337890625
cat 0.22189675271511078 41.95664596557617 31.53428077697754 370.8037109375 375.0
chair 0.13735833764076233 0.2658174932003021 145.37278747558594 51.18865203857422 300.91644287109375
chair 0.11996056884527206 0.6237388253211975 132.62649536132812 86.25570678710938 358.1937255859375
sheep 0.11912504583597183 332.15887451171875 88.24639129638672 498.5329284667969 145.93678283691406
sheep 0.10586660355329514 25.137882232666016 27.985124588012695 383.25762939453125 368.57989501953125
sheep 0.09821192920207977 444.9333190917969 92.21653747558594 496.8204650878906 143.6402130126953
dog 0.08045176416635513 38.353153228759766 41.92328643798828 375.5147705078125 372.58172607421875
cow 0.07535439729690552 390.2028503417969 87.73140716552734 497.7412109375 142.86785888671875
sheep 0.059482719749212265 456.66558837890625 90.5698013305664 498.2320556640625 116.5779037475586
bird 0.05248922109603882 385.8740234375 87.3232650756836 496.4337463378906 143.00625610351562
