tvmonitor 0.9760633707046509 259.2332458496094 2.6922011375427246 441.7767333984375 111.1520004272461
tvmonitor 0.973545253276825 49.33841323852539 2.395530939102173 162.91090393066406 69.78126525878906
tvmonitor 0.4867081046104431 182.8932342529297 139.1841278076172 277.69488525390625 293.22027587890625
sofa 0.45210978388786316 0.0 157.33624267578125 161.9856414794922 370.5041198730469
diningtable 0.25403138995170593 7.011743068695068 15.283684730529785 317.63427734375 305.6325988769531
person 0.13247716426849365 391.0408630371094 41.70797348022461 409.0915222167969 58.94050979614258
chair 0.11920319497585297 2.578434944152832 154.1470947265625 163.39637756347656 360.1642761230469
person 0.08997656404972076 386.20635986328125 42.13064193725586 411.10076904296875 69.74268341064453
diningtable 0.08672235906124115 4.023754119873047 104.22334289550781 196.0950164794922 359.2615966796875
boat 0.07209368050098419 0.628584086894989 35.91161346435547 27.465055465698242 88.75241088867188
tvmonitor 0.06095027178525925 154.88453674316406 5.632678031921387 265.06561279296875 70.5272216796875
