sofa 0.9372216463088989 0.0 147.85308837890625 313.2217712402344 454.4256591796875
chair 0.6555162668228149 179.2652587890625 138.4196319580078 223.97381591796875 192.861083984375
chair 0.37784773111343384 0.0 136.2191925048828 227.70054626464844 438.4395446777344
chair 0.2902674674987793 210.92367553710938 181.97923278808594 282.35650634765625 219.85693359375
diningtable 0.2680574059486389 0.0 214.20211791992188 364.0486755371094 497.3597106933594
chair 0.20211920142173767 38.56507110595703 131.6106414794922 259.1468200683594 270.539306640625
chair 0.1735236793756485 10.714044570922852 208.76565551757812 371.82879638671875 492.6461486816406
sofa 0.12530747056007385 178.36721801757812 137.44459533691406 222.58444213867188 194.89178466796875
chair 0.09262225031852722 72.56725311279297 132.81515502929688 230.424072265625 202.569091796875
tvmonitor 0.08785417675971985 0.0 216.32247924804688 375.0 498.0769958496094
person 0.07518751174211502 5.4952239990234375 168.93116760253906 375.0 500.0
bottle 0.058576799929142 44.94561004638672 180.66156005859375 53.21308898925781 217.38717651367188
