dog 0.9837273359298706 144.86695861816406 209.52227783203125 205.45814514160156 297.9037170410156
bird 0.612291157245636 54.86781692504883 215.35858154296875 221.0849151611328 399.4352111816406
dog 0.4973924458026886 2.669980525970459 208.20816040039062 222.77789306640625 333.00531005859375
sofa 0.3500065803527832 0.0 58.73383712768555 331.2999572753906 497.1729736328125
person 0.2897726893424988 7.356438636779785 209.71966552734375 228.4687042236328 423.28955078125
dog 0.1558019518852234 8.49601936340332 149.6591339111328 272.8909912109375 404.6945495605469
diningtable 0.1330559104681015 0.0 0.0 333.0 500.0
pottedplant 0.10638435930013657 0.0 0.0 331.3717346191406 500.0
cat 0.10452789068222046 5.960792064666748 39.5987548828125 315.36016845703125 479.95489501953125
dog 0.09157592803239822 2.887124538421631 15.026388168334961 331.748779296875 494.36871337890625
cat 0.0792773887515068 7.731734275817871 209.57911682128906 237.45523071289062 378.06719970703125
person 0.07849164307117462 3.404947280883789 161.3056640625 333.0 500.0
dog 0.07802270352840424 85.38008880615234 212.1627960205078 218.00213623046875 377.4089050292969
tvmonitor 0.06399086117744446 0.0 7.8155999183654785 333.0 500.0
bird 0.057461585849523544 0.0 222.67047119140625 217.11073303222656 315.863525390625
motorbike 0.0566890724003315 0.0 0.0 333.0 286.80487060546875
sofa 0.05569775775074959 0.0 1.936214566230774 325.7362060546875 275.31011962890625
bottle 0.052892379462718964 59.40976333618164 199.39743041992188 225.03326416015625 425.80999755859375
