car 0.983690083026886 1.9031238555908203 24.20174217224121 370.526123046875 247.6135711669922
bottle 0.9805141091346741 206.2137451171875 42.515140533447266 335.7213439941406 500.0
person 0.8841325640678406 279.13201904296875 0.0 354.0018310546875 103.5364990234375
diningtable 0.8751501441001892 4.044198989868164 214.37477111816406 375.0 500.0
person 0.8745472431182861 4.489519119262695 1.2709205150604248 61.11354446411133 116.07777404785156
car 0.8364842534065247 238.4314422607422 386.2581481933594 324.4096984863281 440.74676513671875
person 0.8242274522781372 332.7976379394531 1.6825177669525146 373.2529602050781 346.76318359375
person 0.1606900691986084 300.3551025390625 1.6578545570373535 369.85723876953125 330.4906921386719
car 0.15884418785572052 214.3329315185547 9.166524887084961 363.1428527832031 229.38943481445312
person 0.1351037621498108 208.63577270507812 30.160959243774414 350.872802734375 418.5210266113281
person 0.0914035215973854 323.59527587890625 1.0184025764465332 373.0107116699219 170.67250061035156
person 0.08106908947229385 2.6787006855010986 8.55479907989502 69.62969970703125 198.56228637695312
chair 0.06831353902816772 322.14111328125 291.3778991699219 374.7796936035156 376.4656982421875
bottle 0.0605391301214695 215.01304626464844 46.62894821166992 316.3298034667969 250.32742309570312
diningtable 0.05785740539431572 0.0 263.293701171875 375.0 353.14886474609375
