aeroplane 0.9961084723472595 14.968371391296387 160.4830322265625 225.0360107421875 212.9329376220703
boat 0.5865564346313477 128.58599853515625 303.1653137207031 159.99575805664062 316.5621643066406
car 0.574088454246521 108.0140380859375 306.6564025878906 127.56783294677734 317.9482727050781
person 0.1326257884502411 381.1626892089844 315.15673828125 388.54486083984375 326.4867248535156
boat 0.09968123584985733 107.49441528320312 306.3143310546875 128.2791748046875 320.342041015625
boat 0.09645410627126694 130.05517578125 256.1575012207031 160.79879760742188 317.9322509765625
car 0.09623930603265762 129.24649047851562 302.83880615234375 159.9191131591797 316.56268310546875
aeroplane 0.09065541625022888 107.16923522949219 305.94342041015625 129.99412536621094 320.73394775390625
aeroplane 0.07460063695907593 128.02940368652344 302.3659362792969 160.5116424560547 316.7220153808594
car 0.07080726325511932 131.312744140625 303.4447326660156 142.80831909179688 310.24212646484375
