person 0.9965559244155884 225.49847412109375 2.019052505493164 370.05633544921875 260.8476867675781
car 0.8917203545570374 430.6264953613281 0.7796238660812378 475.1339416503906 15.561624526977539
car 0.737051248550415 0.07414326071739197 67.90552520751953 35.217044830322266 204.70462036132812
horse 0.6158466935157776 52.046443939208984 79.39250183105469 307.5420837402344 370.87835693359375
car 0.42656540870666504 337.09716796875 0.2177654206752777 476.5977783203125 14.159468650817871
person 0.39253178238868713 329.376708984375 58.57516860961914 416.2093505859375 284.4152526855469
car 0.26136067509651184 45.41450881958008 177.8469696044922 176.77505493164062 247.98162841796875
car 0.11918184161186218 47.72150802612305 180.73284912109375 111.2134017944336 246.36965942382812
car 0.11121758818626404 44.99281311035156 179.7773895263672 68.21742248535156 244.29637145996094
person 0.08903732895851135 151.95758056640625 39.34391403198242 414.2905578613281 288.1805419921875
horse 0.08452876657247543 148.59417724609375 56.14618682861328 398.46795654296875 315.4280700683594
person 0.06762751191854477 0.6330089569091797 9.62128734588623 21.77991485595703 79.19419860839844
