dog 0.9953489899635315 146.3817138671875 121.16194915771484 268.46044921875 242.40037536621094
person 0.6912190914154053 456.1104431152344 117.16912841796875 463.2168273925781 134.98243713378906
person 0.6371473670005798 286.4042663574219 116.4302749633789 292.9356994628906 132.61900329589844
person 0.48922327160835266 304.2561340332031 117.80400848388672 310.4343566894531 131.31800842285156
person 0.4790513813495636 453.3959655761719 112.86540985107422 460.26007080078125 132.9431915283203
person 0.398406058549881 447.31756591796875 116.7714614868164 453.9920959472656 130.59408569335938
person 0.3920697867870331 353.52557373046875 115.32292938232422 360.4840087890625 132.46829223632812
person 0.35099294781684875 440.32672119140625 115.10462188720703 445.01934814453125 130.78350830078125
bird 0.2617660462856293 324.4737854003906 145.40750122070312 336.2439270019531 153.0296173095703
person 0.25532957911491394 284.6494140625 112.65673828125 295.7532958984375 137.5651397705078
person 0.19019478559494019 308.2464294433594 118.1466293334961 312.7716369628906 132.22918701171875
dog 0.0930129736661911 146.51712036132812 232.82139587402344 262.1767883300781 333.0
person 0.09023725986480713 298.63189697265625 121.84727478027344 305.2120666503906 131.45126342773438
person 0.0866108313202858 303.1852111816406 116.10242462158203 313.3378601074219 134.03231811523438
