sofa 0.9948369264602661 0.0 73.00593566894531 286.924560546875 292.2991638183594
tvmonitor 0.9617094993591309 460.4112243652344 0.0 499.9655456542969 47.8355598449707
sofa 0.9357889890670776 190.28636169433594 147.83921813964844 500.0 367.4271240234375
bottle 0.680461585521698 317.04681396484375 135.62728881835938 330.11651611328125 150.50502014160156
chair 0.5705722570419312 264.24737548828125 117.41123962402344 344.37249755859375 267.96240234375
chair 0.2714371979236603 428.9808044433594 54.62099075317383 498.783203125 155.0705108642578
tvmonitor 0.2585117816925049 430.2479248046875 56.139522552490234 495.57867431640625 142.5940399169922
chair 0.23720376193523407 284.7827453613281 114.28636169433594 346.53961181640625 155.21151733398438
diningtable 0.10202936083078384 1.141929268836975 194.28111267089844 83.51216888427734 341.5303955078125
chair 0.07947719097137451 0.0 198.5959930419922 84.8507308959961 341.71551513671875
sofa 0.05473487451672554 259.7668762207031 147.43203735351562 499.1408386230469 283.5997314453125
