sofa 0.9870816469192505 0.0 172.05709838867188 191.59608459472656 406.6579895019531
sofa 0.9188544154167175 226.58822631835938 189.2290802001953 500.0 407.7677917480469
pottedplant 0.6425787806510925 36.412445068359375 287.77850341796875 149.63726806640625 405.4052429199219
pottedplant 0.4298335611820221 184.18942260742188 142.39501953125 235.7025604248047 228.37030029296875
sofa 0.4010382890701294 0.0 290.45721435546875 189.61582946777344 405.0124206542969
diningtable 0.38470935821533203 158.39398193359375 215.81634521484375 270.7518310546875 343.00494384765625
chair 0.3251490890979767 216.00982666015625 239.87393188476562 259.08966064453125 357.27093505859375
pottedplant 0.27251356840133667 144.61639404296875 106.23678588867188 173.1498565673828 256.4532775878906
pottedplant 0.27192366123199463 150.04795837402344 76.35889434814453 261.5114440917969 219.53086853027344
sofa 0.21883457899093628 244.44398498535156 197.5409698486328 494.84918212890625 312.66845703125
chair 0.13817192614078522 403.2230529785156 194.9155731201172 499.9285583496094 322.26727294921875
chair 0.12849126756191254 243.9001922607422 252.01675415039062 273.8304748535156 359.947021484375
diningtable 0.12102800607681274 0.0 362.15399169921875 181.28826904296875 413.65228271484375
pottedplant 0.12016347795724869 227.96620178222656 180.46307373046875 243.36106872558594 208.45518493652344
chair 0.11136899888515472 219.91725158691406 245.2236785888672 245.36517333984375 341.0953674316406
bottle 0.108136385679245 227.78018188476562 183.8544158935547 244.4521026611328 225.28672790527344
chair 0.09318830072879791 226.72789001464844 220.99415588378906 354.804443359375 386.21875
diningtable 0.088576540350914 0.0 304.4303894042969 192.92782592773438 408.8774108886719
chair 0.08703000098466873 238.53965759277344 234.6473846435547 298.6833190917969 362.3599548339844
person 0.07645618170499802 31.403987884521484 284.4129333496094 150.25099182128906 404.1244201660156
pottedplant 0.0761357918381691 236.05958557128906 168.09349060058594 254.06182861328125 206.8744659423828
diningtable 0.07380084693431854 195.0613250732422 230.0330352783203 495.2470703125 415.0
pottedplant 0.073515385389328 175.3109130859375 187.7353515625 187.82080078125 229.38267517089844
chair 0.06868398189544678 0.9553737044334412 173.52011108398438 83.63377380371094 385.3313903808594
pottedplant 0.06179558113217354 162.19021606445312 188.0189971923828 180.44528198242188 224.33529663085938
chair 0.06071287393569946 220.16720581054688 240.52610778808594 249.4596405029297 292.4305725097656
chair 0.05849342793226242 122.32765197753906 220.64102172851562 170.17481994628906 256.0082092285156
chair 0.05662400275468826 0.9291937351226807 172.4537353515625 170.80169677734375 397.5871276855469
pottedplant 0.05119917169213295 224.5100860595703 94.4386215209961 260.4955749511719 214.48995971679688
