bicycle 0.9593917727470398 20.347808837890625 268.9850769042969 327.80633544921875 476.89208984375
car 0.6581128239631653 0.0 369.3344421386719 25.763992309570312 402.4731750488281
car 0.5257035493850708 340.5137634277344 351.3603210449219 372.8840637207031 389.29473876953125
car 0.4748601019382477 363.2149658203125 348.12139892578125 374.8299255371094 391.8815612792969
bicycle 0.41094547510147095 190.97459411621094 268.6468505859375 351.6855163574219 460.2053527832031
bicycle 0.28504854440689087 24.784027099609375 302.4263000488281 147.33282470703125 442.1947937011719
car 0.22049200534820557 54.893333435058594 385.1946716308594 76.11595916748047 397.94720458984375
car 0.19774658977985382 3.1982498168945312 370.84979248046875 58.189308166503906 402.7964172363281
car 0.11596765369176865 21.905466079711914 368.9867248535156 73.33618927001953 417.50201416015625
car 0.09636861085891724 305.21563720703125 343.7375183105469 341.8600158691406 376.1103210449219
chair 0.07866951078176498 44.708473205566406 302.36767578125 136.80743408203125 362.9320373535156
chair 0.06367941945791245 26.91073226928711 303.3132019042969 147.66798400878906 423.0335693359375
car 0.05419180542230606 17.850107192993164 368.3700866699219 58.124061584472656 392.8794860839844
car 0.05164302885532379 324.8595886230469 344.0228576660156 342.42279052734375 371.0275573730469
bus 0.05158602073788643 327.7269592285156 295.4142761230469 373.3738708496094 381.842529296875
