person 0.9932892918586731 61.12466812133789 61.5274772644043 372.65313720703125 433.79217529296875
bottle 0.9683234095573425 92.53347778320312 270.66253662109375 167.44639587402344 500.0
diningtable 0.9166305065155029 0.0 373.7084655761719 375.0 499.7961120605469
bottle 0.42233484983444214 0.07951498031616211 358.5157775878906 21.855716705322266 488.6268615722656
person 0.38421493768692017 329.2843017578125 151.5024871826172 374.5909729003906 228.1896209716797
bottle 0.23501093685626984 86.02307891845703 267.63427734375 142.08148193359375 375.710693359375
diningtable 0.2187189757823944 292.0868225097656 330.7133483886719 375.0 496.59130859375
bottle 0.12646813690662384 296.0264892578125 156.2043914794922 315.002685546875 196.24832153320312
tvmonitor 0.11726139485836029 330.4164733886719 6.266359806060791 349.1292724609375 107.4809341430664
person 0.1162940114736557 325.6692199707031 154.3395233154297 374.7029724121094 333.1933898925781
pottedplant 0.11359614878892899 330.3171691894531 150.18026733398438 373.81414794921875 248.48757934570312
pottedplant 0.11240405589342117 65.15179443359375 184.95318603515625 120.00474548339844 284.9343566894531
person 0.07498623430728912 1.700359582901001 0.0 106.0122299194336 389.4179992675781
diningtable 0.06382620334625244 1.2846565246582031 373.97479248046875 132.55938720703125 499.8591003417969
pottedplant 0.05193339288234711 67.29910278320312 175.31198120117188 175.33839416503906 279.2288513183594
