cow 0.9726162552833557 2.8904542922973633 49.52220153808594 285.8890380859375 333.0
cow 0.7721440196037292 233.1508331298828 2.764350652694702 498.90557861328125 333.0
horse 0.4158762991428375 228.34722900390625 13.469576835632324 499.179443359375 330.1246032714844
dog 0.3291912078857422 239.80690002441406 15.496598243713379 499.9173583984375 333.0
chair 0.1652577817440033 267.2371826171875 227.58021545410156 500.0 333.0
sheep 0.13645511865615845 233.08090209960938 29.257415771484375 500.0 333.0
horse 0.07968105375766754 0.5870504379272461 64.38481140136719 278.57696533203125 326.4911193847656
sheep 0.07537094503641129 2.3054873943328857 79.77583312988281 281.2165832519531 333.0
cat 0.05871760845184326 258.66998291015625 39.039188385009766 497.75164794921875 322.2571105957031
sheep 0.054052673280239105 131.93177795410156 86.2821044921875 249.58880615234375 139.30642700195312
