person 0.9722851514816284 65.4668960571289 184.41079711914062 92.96927642822266 254.22544860839844
aeroplane 0.9553492069244385 57.45442581176758 103.79002380371094 496.18597412109375 246.1563262939453
person 0.9003909826278687 340.5072021484375 159.57508850097656 368.8885803222656 188.32192993164062
person 0.29316699504852295 341.7175598144531 161.4905242919922 369.73675537109375 211.404052734375
diningtable 0.2756669819355011 74.6373291015625 247.03094482421875 499.9999694824219 328.9172668457031
boat 0.2684718072414398 365.0416259765625 186.93988037109375 468.830078125 202.23028564453125
chair 0.23808862268924713 62.177547454833984 250.75538635253906 107.33604431152344 296.50177001953125
person 0.20611900091171265 97.68370819091797 183.1427764892578 134.4232940673828 233.6275634765625
aeroplane 0.18600115180015564 2.246445417404175 22.42868423461914 499.9999694824219 210.96688842773438
person 0.1668698936700821 351.3124084472656 159.93887329101562 366.2721252441406 176.34046936035156
boat 0.1643068641424179 353.2485656738281 179.94024658203125 479.4957275390625 216.15452575683594
person 0.15879739820957184 114.36664581298828 180.4512481689453 133.41925048828125 231.8717041015625
aeroplane 0.15070617198944092 60.67144012451172 170.8040008544922 499.9999694824219 231.23594665527344
person 0.12859246134757996 46.75645446777344 206.645751953125 60.542137145996094 268.30963134765625
boat 0.12265635281801224 73.39956665039062 99.0569839477539 499.9999694824219 305.82342529296875
aeroplane 0.11826840043067932 158.283935546875 99.19316864013672 488.1756286621094 155.4600372314453
aeroplane 0.0993557795882225 326.7026062011719 92.89846801757812 471.6911315917969 117.50460052490234
aeroplane 0.07456721365451813 217.09840393066406 164.36732482910156 483.21832275390625 216.70489501953125
boat 0.07058333605527878 226.85043334960938 143.0119171142578 475.91668701171875 217.52195739746094
aeroplane 0.06271739304065704 157.03038024902344 196.662353515625 276.475341796875 231.501708984375
