sofa 0.9886277318000793 0.0 47.97441864013672 198.67538452148438 194.5062713623047
chair 0.9497140049934387 342.6001281738281 8.368639945983887 488.9210205078125 195.30206298828125
chair 0.9082786440849304 226.12484741210938 25.401432037353516 331.78387451171875 193.96255493164062
diningtable 0.7933077812194824 263.4150390625 27.577852249145508 497.2044982910156 200.58395385742188
chair 0.6412853002548218 354.24493408203125 0.0 419.5328674316406 180.61175537109375
pottedplant 0.6195588111877441 261.87835693359375 3.2935473918914795 324.8253479003906 122.21171569824219
pottedplant 0.5571345090866089 125.08515167236328 0.0 282.1136779785156 186.86105346679688
chair 0.5556696653366089 348.878662109375 62.26721954345703 437.59686279296875 193.8634490966797
person 0.3065851926803589 338.0159912109375 96.69540405273438 416.3982849121094 198.93443298339844
bottle 0.29387009143829346 346.4676818847656 17.933523178100586 359.3913879394531 45.95773696899414
chair 0.1518729329109192 352.3149108886719 103.23421478271484 415.5544128417969 203.6510772705078
pottedplant 0.12721402943134308 233.9097137451172 9.314580917358398 324.4830322265625 178.03724670410156
pottedplant 0.09290754795074463 259.9137878417969 3.993034839630127 474.732666015625 122.92438507080078
chair 0.08466076850891113 320.0437316894531 13.187342643737793 397.46722412109375 183.39674377441406
chair 0.08103296905755997 354.9154052734375 0.0 415.442626953125 44.09672546386719
person 0.07391209155321121 331.2799987792969 58.46936798095703 450.7523498535156 195.8555450439453
chair 0.07127581536769867 412.4088134765625 5.453970432281494 495.78631591796875 198.65890502929688
diningtable 0.06860002130270004 281.6260986328125 43.640533447265625 498.2521057128906 118.85244750976562
diningtable 0.06635786592960358 294.85595703125 77.4626693725586 440.8163757324219 192.0200958251953
sofa 0.05291537940502167 0.0 46.39325714111328 140.18006896972656 132.16995239257812
pottedplant 0.05144495889544487 211.2602996826172 1.8115308284759521 391.9924011230469 128.2484588623047
