sofa 0.9928843975067139 209.94322204589844 259.6941833496094 443.34613037109375 358.6759338378906
bottle 0.7975254654884338 15.606809616088867 210.7665557861328 25.603824615478516 237.6283721923828
bottle 0.732011079788208 24.92833137512207 205.6612091064453 36.900054931640625 236.5319061279297
bottle 0.5609344244003296 50.11457824707031 212.0122528076172 62.7270622253418 237.64907836914062
bottle 0.4497978389263153 26.2490234375 205.92430114746094 35.388710021972656 225.25184631347656
bottle 0.30959659814834595 1.3250154256820679 219.64581298828125 12.097926139831543 238.88632202148438
bottle 0.2944241166114807 41.753318786621094 212.7329559326172 51.90045928955078 236.99884033203125
bottle 0.24279648065567017 17.63898277282715 208.89605712890625 25.7839298248291 224.15455627441406
bottle 0.21571719646453857 60.87540054321289 219.8904266357422 68.85808563232422 237.06259155273438
bottle 0.21136565506458282 29.163503646850586 212.04917907714844 41.38551330566406 237.2930908203125
bottle 0.1539989560842514 38.03061294555664 211.10174560546875 47.83369064331055 234.06109619140625
bottle 0.15020442008972168 6.80188512802124 220.53756713867188 15.870607376098633 238.32717895507812
bottle 0.1119619682431221 22.56867790222168 212.80230712890625 33.49656295776367 237.818115234375
bottle 0.0992075502872467 64.17672729492188 220.46359252929688 70.83358764648438 236.74159240722656
bottle 0.09508273005485535 43.66282272338867 212.84715270996094 50.30247116088867 227.93287658691406
bottle 0.09040030092000961 44.533966064453125 212.0815887451172 58.86909484863281 233.5552978515625
bottle 0.06759293377399445 11.194487571716309 210.87808227539062 22.032033920288086 236.30776977539062
bottle 0.05196366459131241 40.42872619628906 212.48654174804688 48.775936126708984 224.4508056640625
