bus 0.9983141422271729 84.46276092529297 14.358694076538086 380.2925109863281 312.48577880859375
bus 0.9929940104484558 1.1207427978515625 56.461463928222656 90.7899169921875 269.830810546875
person 0.9541556239128113 0.35426339507102966 187.66696166992188 34.86320877075195 301.50274658203125
bus 0.7766996026039124 465.1993713378906 214.08935546875 492.4511413574219 227.6675262451172
bus 0.7650949954986572 8.666998863220215 60.103702545166016 177.55172729492188 269.7633361816406
bus 0.5327194333076477 438.9528503417969 214.3663330078125 452.984130859375 226.2340850830078
car 0.49646899104118347 383.41064453125 215.52532958984375 401.4450988769531 224.4211883544922
car 0.387112021446228 413.03070068359375 214.0093231201172 431.6524963378906 225.7594451904297
bus 0.29966965317726135 451.3841552734375 213.49176025390625 467.2986145019531 227.2487335205078
car 0.2676458954811096 428.6955871582031 214.2934112548828 440.4911804199219 225.57835388183594
bus 0.2103653848171234 0.39067137241363525 160.929443359375 87.40843963623047 266.5768127441406
bus 0.19020873308181763 55.54633712768555 32.65646743774414 250.5692596435547 294.3390197753906
bus 0.1676275134086609 413.78363037109375 213.60377502441406 430.53564453125 225.77777099609375
car 0.14612388610839844 383.07550048828125 211.66212463378906 397.17047119140625 220.2998809814453
tvmonitor 0.13359852135181427 106.97577667236328 101.76795959472656 200.2447052001953 148.68312072753906
car 0.11095380783081055 398.8570861816406 214.77635192871094 414.23394775390625 224.5853729248047
car 0.10001081228256226 438.0561218261719 214.2708740234375 452.9183044433594 226.03268432617188
car 0.09486224502325058 450.46136474609375 214.1088409423828 467.6362609863281 226.92453002929688
car 0.08471646904945374 464.83526611328125 214.070556640625 492.5703125 228.3554229736328
bus 0.08223726600408554 383.3282470703125 211.22010803222656 396.8201599121094 220.2747039794922
car 0.07039664685726166 383.5360107421875 211.8406524658203 396.4962158203125 216.39085388183594
car 0.06293710321187973 387.96722412109375 214.43385314941406 412.22845458984375 224.65988159179688
bus 0.055071376264095306 399.8020935058594 215.91629028320312 414.9670104980469 225.00885009765625
