cat 0.9899841547012329 95.04985809326172 107.48348999023438 273.4788818359375 242.6348419189453
chair 0.9753236174583435 0.0 130.8545684814453 299.0213928222656 493.9775390625
chair 0.5721064805984497 86.57799530029297 211.74075317382812 381.2698059082031 495.0400695800781
chair 0.44007977843284607 0.9414412379264832 310.6910095214844 287.12286376953125 490.1002502441406
chair 0.3991416096687317 4.002857685089111 136.6446075439453 127.10970306396484 414.21905517578125
chair 0.3576984405517578 276.40283203125 323.8606872558594 411.0 499.9999694824219
chair 0.2058108150959015 80.76402282714844 99.89106750488281 343.3021240234375 390.62139892578125
diningtable 0.17701372504234314 78.9029312133789 214.83724975585938 411.0 484.6041564941406
cat 0.14396551251411438 96.79969787597656 103.3948974609375 340.39520263671875 327.0424499511719
chair 0.0875835120677948 340.52239990234375 341.1139831542969 410.193603515625 499.7547607421875
chair 0.08424575626850128 40.28437805175781 399.42254638671875 287.1597900390625 499.9999694824219
chair 0.07816702127456665 196.6051483154297 265.9591369628906 409.61956787109375 499.9999694824219
chair 0.06789542734622955 28.604106903076172 171.49864196777344 95.41477966308594 327.6344299316406
person 0.058207813650369644 316.9831237792969 312.6087646484375 409.76995849609375 496.1609802246094
person 0.05476794019341469 357.7602844238281 325.23992919921875 408.0426940917969 479.17529296875
