bus 0.9961702227592468 93.73938751220703 21.668588638305664 403.6483459472656 270.93463134765625
person 0.949208676815033 207.13148498535156 114.97064208984375 257.31060791015625 161.2002716064453
person 0.945246696472168 143.5290985107422 115.76544189453125 168.0341033935547 146.4385986328125
person 0.9138138294219971 456.0133056640625 156.88876342773438 475.3513488769531 219.5492401123047
person 0.8804576992988586 38.747291564941406 147.8861846923828 59.544830322265625 202.80926513671875
person 0.8763740658760071 58.17633819580078 146.80044555664062 79.9112777709961 202.8363494873047
person 0.8692777156829834 11.13825511932373 146.0233917236328 34.39350891113281 206.1009521484375
person 0.7366935014724731 474.4195556640625 153.96438598632812 493.8746643066406 218.49008178710938
car 0.7207857370376587 420.7120666503906 163.97674560546875 463.7196350097656 202.54612731933594
person 0.6574465036392212 4.442198276519775 141.30056762695312 22.991233825683594 202.9077911376953
person 0.5794757604598999 483.2744445800781 151.1776123046875 498.4790344238281 217.53248596191406
person 0.385097473859787 434.0803527832031 147.3623504638672 441.56402587890625 167.0635223388672
person 0.3452502489089966 0.17405231297016144 136.79241943359375 7.750361919403076 207.74107360839844
person 0.25231796503067017 483.26348876953125 152.24072265625 496.6959228515625 176.98660278320312
person 0.2442205250263214 85.9859619140625 153.39566040039062 96.51038360595703 199.57545471191406
person 0.16463860869407654 407.3482360839844 155.265625 412.6495666503906 184.73785400390625
person 0.1501763015985489 474.6398010253906 155.29701232910156 491.6789245605469 176.88510131835938
person 0.14309179782867432 5.879692077636719 141.0283203125 22.59332275390625 175.10777282714844
car 0.1367390751838684 419.9236145019531 160.04457092285156 496.68304443359375 209.639404296875
person 0.13430972397327423 485.6191101074219 153.6869659423828 496.8009948730469 195.25469970703125
person 0.08942341059446335 197.01950073242188 86.614013671875 246.46092224121094 143.39544677734375
person 0.07188340276479721 21.77596092224121 147.00323486328125 37.0669059753418 206.35403442382812
bus 0.05198420211672783 90.82469177246094 30.961349487304688 235.94656372070312 251.8828125
