aeroplane 0.9923262596130371 30.9252872467041 129.8292694091797 456.7181396484375 246.00958251953125
aeroplane 0.9699300527572632 3.1000964641571045 154.00759887695312 194.01695251464844 207.2564697265625
aeroplane 0.8177149295806885 0.0 208.7649688720703 137.29165649414062 246.48617553710938
aeroplane 0.7342919111251831 45.27345657348633 155.04623413085938 151.8928985595703 191.6460418701172
person 0.6983572840690613 39.957603454589844 167.0562744140625 67.94841766357422 229.76100158691406
aeroplane 0.6866346001625061 4.9131083488464355 157.9826202392578 99.68486022949219 202.5010528564453
person 0.6436598896980286 0.9890148639678955 167.3350067138672 18.721500396728516 210.89634704589844
person 0.39623093605041504 33.265419006347656 164.6333465576172 54.6760139465332 215.3076934814453
aeroplane 0.376363605260849 0.0 153.2080841064453 206.9567413330078 256.2452087402344
aeroplane 0.2884238660335541 469.1744384765625 178.01806640625 499.2598571777344 195.1923065185547
person 0.2876533269882202 0.58573317527771 161.0182647705078 18.338153839111328 280.2558288574219
aeroplane 0.24986937642097473 10.947102546691895 153.63177490234375 53.4892578125 192.9969482421875
aeroplane 0.21400724351406097 83.20386505126953 148.49130249023438 190.9663848876953 220.6482696533203
aeroplane 0.20168840885162354 0.0 179.90420532226562 147.85955810546875 237.31076049804688
car 0.16926923394203186 60.868900299072266 156.30181884765625 140.8106231689453 188.1349639892578
aeroplane 0.16216309368610382 11.757627487182617 136.04393005371094 354.6063232421875 206.89759826660156
aeroplane 0.15706712007522583 3.735189914703369 148.86212158203125 125.4269027709961 190.5388946533203
person 0.14788511395454407 89.60789489746094 164.1878204345703 100.97533416748047 176.24197387695312
person 0.13143104314804077 213.5413055419922 150.0839080810547 229.42164611816406 170.63072204589844
aeroplane 0.10169593244791031 13.795388221740723 176.0039825439453 106.35821533203125 209.11602783203125
person 0.0864502564072609 235.35354614257812 151.54843139648438 265.3808288574219 174.1353759765625
boat 0.08445102721452713 1.8169769048690796 209.33868408203125 132.7928009033203 245.44818115234375
sheep 0.08106376975774765 387.9122619628906 4.608423233032227 500.0 44.00992202758789
chair 0.06968522071838379 252.96548461914062 152.4308624267578 274.1494445800781 174.0089569091797
aeroplane 0.057026300579309464 4.009676456451416 162.05184936523438 77.70468139648438 188.1088104248047
aeroplane 0.05537714809179306 92.97042083740234 153.0154266357422 302.9943542480469 240.59764099121094
