dog 0.9611272215843201 12.037714004516602 105.87812805175781 282.58538818359375 462.35711669921875
dog 0.6514730453491211 109.27593994140625 215.78956604003906 322.77484130859375 481.60308837890625
dog 0.5271282196044922 2.2727468013763428 209.6719512939453 139.15911865234375 363.8310546875
bottle 0.4168427288532257 5.917652606964111 192.2144775390625 182.2677459716797 406.2763671875
dog 0.23626866936683655 7.178267002105713 185.96102905273438 210.36260986328125 397.14190673828125
diningtable 0.2314443588256836 10.920045852661133 0.0 323.2567443847656 324.5431213378906
person 0.17685846984386444 6.3179030418396 196.27166748046875 137.2081298828125 411.9570007324219
person 0.17397232353687286 0.0 86.18428039550781 316.68475341796875 442.75482177734375
sheep 0.12411872297525406 10.566078186035156 70.02733612060547 290.45635986328125 417.6014099121094
dog 0.12142903357744217 7.264888286590576 115.54399871826172 237.86080932617188 318.4015808105469
cat 0.10214865952730179 121.1368637084961 235.93589782714844 322.31683349609375 492.6864929199219
sofa 0.08186972141265869 0.0 19.276411056518555 328.61468505859375 437.1180419921875
sheep 0.08123161643743515 16.059743881225586 217.25177001953125 130.43055725097656 338.3853454589844
cow 0.07242430001497269 232.9805908203125 272.3197937011719 332.1764221191406 390.3790588378906
bottle 0.07143370062112808 4.795592308044434 116.7864761352539 101.77276611328125 345.8909912109375
bottle 0.0692988783121109 42.595802307128906 117.81948852539062 67.41622924804688 169.1077423095703
person 0.05769050493836403 8.215112686157227 107.10908508300781 204.90066528320312 340.2975158691406
dog 0.05275591090321541 228.3346405029297 271.4802551269531 333.0 433.5568542480469
