motorbike 0.9641332626342773 73.08313751220703 27.795860290527344 294.9878234863281 239.2250518798828
person 0.8936604261398315 125.26443481445312 27.215320587158203 221.2120819091797 192.9075469970703
person 0.634315013885498 12.408906936645508 108.83727264404297 23.072614669799805 128.27369689941406
person 0.5622376203536987 1.8888027667999268 114.35485076904297 10.51096248626709 131.19590759277344
person 0.3814932107925415 129.81472778320312 25.816471099853516 168.02137756347656 69.9142074584961
car 0.37018629908561707 0.05575999245047569 121.0190658569336 13.21943473815918 168.50350952148438
person 0.23213806748390198 12.964165687561035 109.01202392578125 22.509830474853516 118.58849334716797
cow 0.14973363280296326 430.26251220703125 95.91859436035156 460.4140930175781 111.85575866699219
person 0.10653775930404663 211.56007385253906 93.36428833007812 279.9394226074219 155.41452026367188
person 0.10045059770345688 229.11839294433594 91.06259155273438 278.1429443359375 133.4324951171875
sheep 0.08491840213537216 430.28741455078125 95.2110366821289 460.7191467285156 111.91949462890625
chair 0.08405382186174393 429.3904724121094 95.77559661865234 460.3609313964844 112.39287567138672
person 0.07332898676395416 85.4281005859375 22.3056640625 268.8203125 209.95059204101562
motorbike 0.06902375817298889 0.2211301177740097 120.30204772949219 13.753982543945312 169.7281036376953
person 0.06693382561206818 125.21479797363281 25.119552612304688 210.60205078125 119.37094116210938
motorbike 0.0560930036008358 132.34751892089844 50.684532165527344 291.1693115234375 197.92628479003906
