pottedplant 0.8339713215827942 150.37477111816406 83.29222106933594 291.22088623046875 251.15023803710938
pottedplant 0.8029791116714478 299.8384094238281 10.309818267822266 420.8696594238281 194.14012145996094
pottedplant 0.7050215601921082 0.0 68.56025695800781 87.39735412597656 238.49317932128906
chair 0.6470279097557068 423.5730285644531 150.8553009033203 498.886962890625 373.74078369140625
pottedplant 0.6387127637863159 114.59909057617188 195.71340942382812 227.49288940429688 296.7964782714844
diningtable 0.5832468271255493 13.152532577514648 141.6234893798828 500.0 369.1788330078125
pottedplant 0.5450614094734192 32.03971481323242 74.60071563720703 130.69139099121094 285.4829406738281
pottedplant 0.5279934406280518 74.2435073852539 84.39911651611328 124.55174255371094 141.97877502441406
pottedplant 0.5034177899360657 9.129622459411621 11.742768287658691 282.69915771484375 341.45025634765625
pottedplant 0.3978252112865448 294.6098937988281 161.3568115234375 384.0059509277344 256.4706726074219
chair 0.3749898076057434 116.37320709228516 155.05540466308594 168.37210083007812 212.7491912841797
pottedplant 0.306505411863327 146.3148193359375 15.562620162963867 331.331787109375 235.3201446533203
chair 0.2834377884864807 85.79529571533203 160.53768920898438 186.08761596679688 289.05841064453125
pottedplant 0.27809378504753113 10.629364013671875 47.18638610839844 181.68531799316406 241.7308349609375
chair 0.246323361992836 214.85552978515625 2.44187593460083 407.11138916015625 120.01278686523438
pottedplant 0.17811688780784607 65.0902328491211 88.33151245117188 127.26444244384766 231.81675720214844
person 0.16610798239707947 101.97762298583984 118.31983184814453 120.68035125732422 151.52732849121094
pottedplant 0.15160664916038513 10.687253952026367 75.00868225097656 123.80342102050781 142.06753540039062
pottedplant 0.14415302872657776 19.72830581665039 168.0440216064453 117.9930648803711 232.37413024902344
pottedplant 0.14147140085697174 148.51307678222656 77.7998275756836 232.79464721679688 209.5044403076172
chair 0.13972024619579315 113.05205535888672 166.15322875976562 227.12510681152344 338.6856689453125
chair 0.13775654137134552 320.25701904296875 133.1866455078125 500.0 375.0
pottedplant 0.13374269008636475 47.188079833984375 129.0812225341797 139.59275817871094 251.18814086914062
pottedplant 0.13373611867427826 47.53211975097656 99.63847351074219 151.11358642578125 372.5389099121094
chair 0.1255304366350174 10.193465232849121 238.42706298828125 184.16445922851562 372.9432067871094
pottedplant 0.11885319650173187 72.15410614013672 0.0 416.4370422363281 297.53472900390625
pottedplant 0.11718133836984634 2.016695499420166 125.79151153564453 59.233856201171875 247.2879638671875
pottedplant 0.09390874207019806 3.751368284225464 130.19427490234375 82.14599609375 321.01617431640625
chair 0.09346405416727066 0.7366427779197693 228.70639038085938 59.55400466918945 325.0309753417969
chair 0.08952613919973373 43.483863830566406 176.4077606201172 236.5556182861328 371.2341003417969
chair 0.08831962943077087 214.16488647460938 103.1526107788086 301.9065246582031 168.11978149414062
pottedplant 0.08043614029884338 30.897674560546875 150.99603271484375 221.6683349609375 318.4768371582031
chair 0.07884706556797028 16.067577362060547 156.618896484375 144.30563354492188 334.5858459472656
chair 0.07692118734121323 40.54456329345703 244.86422729492188 331.7601623535156 370.1090087890625
chair 0.07678551226854324 31.35116195678711 257.20928955078125 58.98599624633789 311.244384765625
pottedplant 0.07045717537403107 16.031734466552734 143.08767700195312 137.5931396484375 323.5332946777344
chair 0.06601077318191528 110.49201202392578 258.0416564941406 241.9567413330078 375.0
chair 0.06422561407089233 279.4814147949219 8.82345199584961 413.47344970703125 165.31802368164062
pottedplant 0.06345059722661972 0.7743799686431885 138.11880493164062 34.120670318603516 253.18258666992188
chair 0.06116246059536934 218.75453186035156 104.75910186767578 295.7008972167969 138.47906494140625
chair 0.05662018805742264 104.52678680419922 158.2798614501953 343.4161376953125 371.2112731933594
chair 0.05642002075910568 121.98706817626953 155.2948760986328 165.9568328857422 187.22384643554688
chair 0.05641211196780205 26.128150939941406 156.2822265625 173.27964782714844 251.14785766601562
pottedplant 0.054280754178762436 348.8301696777344 14.587318420410156 417.22015380859375 137.9176483154297
pottedplant 0.05412333458662033 201.1347198486328 0.0 402.9028625488281 195.73052978515625
pottedplant 0.05152549594640732 0.0 185.8798370361328 11.3562593460083 245.71621704101562
