person 0.9813969135284424 236.07711791992188 87.89839172363281 394.8935852050781 374.59063720703125
chair 0.7095163464546204 258.7450256347656 89.47136688232422 385.9933776855469 205.98086547851562
sofa 0.6751888990402222 44.88508987426758 277.2489013671875 279.1912536621094 372.0163269042969
sofa 0.6233481764793396 112.25635528564453 87.5451889038086 379.0342712402344 193.8434295654297
pottedplant 0.39667195081710815 206.08663940429688 14.880887985229492 344.2980041503906 137.1078338623047
sofa 0.3516308069229126 40.879268646240234 77.25298309326172 426.7532958984375 342.52276611328125
chair 0.3223501741886139 256.0012512207031 91.02051544189453 411.3432922363281 306.17724609375
sofa 0.321363240480423 55.26616287231445 102.31029510498047 278.1598815917969 216.08331298828125
person 0.26930245757102966 267.9755859375 90.52520751953125 374.5146179199219 278.2087097167969
pottedplant 0.2638891339302063 164.39593505859375 9.299619674682617 373.88824462890625 191.80604553222656
pottedplant 0.2544262409210205 341.32916259765625 61.4039192199707 398.7819519042969 169.45401000976562
pottedplant 0.21935246884822845 275.8282165527344 27.661874771118164 348.4329833984375 90.27919006347656
pottedplant 0.18295465409755707 204.03958129882812 51.72773742675781 306.98724365234375 109.86113739013672
pottedplant 0.14756405353546143 386.14923095703125 93.77766418457031 494.7925720214844 249.11878967285156
person 0.1350805163383484 73.01905822753906 73.52227020263672 408.12493896484375 365.1293029785156
person 0.13309141993522644 64.49578094482422 276.3507080078125 245.98837280273438 374.7374572753906
chair 0.12353556603193283 50.690040588378906 279.34954833984375 263.47235107421875 374.1233215332031
pottedplant 0.11220154911279678 263.70458984375 38.805564880371094 416.7905578613281 248.78428649902344
pottedplant 0.10941638052463531 211.5602569580078 42.33371353149414 269.9557189941406 105.92525482177734
chair 0.106368288397789 131.11505126953125 93.02227020263672 270.5849609375 192.0132598876953
chair 0.0947176069021225 149.61964416503906 82.84854888916016 227.89222717285156 121.22630310058594
sofa 0.09013980627059937 0.0737031027674675 108.08021545410156 296.2521667480469 308.6936950683594
sofa 0.08992117643356323 14.468642234802246 86.09756469726562 110.50298309326172 165.70616149902344
pottedplant 0.0893760398030281 292.2972717285156 56.894588470458984 397.3049011230469 180.67584228515625
chair 0.06895170360803604 370.59442138671875 200.07876586914062 407.0166015625 241.931640625
chair 0.06761589646339417 1.235450267791748 185.71987915039062 99.18357849121094 338.01995849609375
pottedplant 0.06509846448898315 1.0074933767318726 95.15939331054688 30.15859031677246 163.07925415039062
pottedplant 0.059794217348098755 445.0197448730469 89.12975311279297 499.9124755859375 275.9457702636719
person 0.05896391347050667 345.5209045410156 105.77375030517578 420.0245056152344 370.3869323730469
diningtable 0.056994810700416565 10.201374053955078 137.114990234375 301.4335021972656 340.66668701171875
pottedplant 0.0538058876991272 340.42425537109375 51.317115783691406 409.58172607421875 231.10960388183594
chair 0.05286294221878052 15.784634590148926 85.95622253417969 112.56927490234375 165.54522705078125
pottedplant 0.05273204296827316 452.9961242675781 98.80037689208984 493.616455078125 154.12709045410156
