bird 0.9921603798866272 175.33790588378906 111.84379577636719 374.61663818359375 281.21490478515625
bottle 0.4429383873939514 7.27320671081543 0.0 333.2258605957031 482.55633544921875
bird 0.4367997646331787 136.75860595703125 110.3940658569336 365.94989013671875 457.7296142578125
diningtable 0.3567439019680023 0.0 168.57077026367188 375.0 500.0
bottle 0.3229095935821533 1.3783693313598633 3.336092472076416 163.95846557617188 488.4059143066406
bottle 0.24070902168750763 9.448442459106445 307.50653076171875 147.65501403808594 499.0118408203125
bottle 0.2299586534500122 142.03204345703125 0.8397523164749146 204.4154052734375 26.114635467529297
bird 0.15558414161205292 7.464580535888672 0.0 346.9248046875 482.5446472167969
pottedplant 0.10641001909971237 10.440645217895508 0.0 325.11920166015625 500.0
boat 0.09529848396778107 0.0 1.391684651374817 329.47540283203125 473.4930114746094
motorbike 0.09029129892587662 0.0 0.0 362.547119140625 499.0316467285156
train 0.07627791166305542 0.0 0.0 329.3667297363281 496.7696228027344
aeroplane 0.07158507406711578 0.0 0.0 363.0218200683594 475.12445068359375
car 0.05488122999668121 1.4543724060058594 3.324612617492676 351.2530517578125 484.7745361328125
