person 0.9877638220787048 166.886962890625 142.44271850585938 215.3988494873047 268.82550048828125
person 0.9819905161857605 236.7443084716797 144.22727966308594 278.43524169921875 233.43626403808594
aeroplane 0.9672675132751465 239.9068603515625 10.034586906433105 500.0 284.0684509277344
person 0.9535133242607117 0.0 154.2822265625 19.422828674316406 195.4824981689453
person 0.35536378622055054 16.2000675201416 158.3713836669922 24.299304962158203 170.6000518798828
person 0.25383299589157104 375.36328125 33.66788864135742 448.117431640625 77.18013763427734
car 0.16055206954479218 253.69992065429688 4.895936012268066 494.9642028808594 200.26882934570312
boat 0.14727337658405304 252.64707946777344 9.348742485046387 498.7781066894531 249.52586364746094
person 0.08561932295560837 15.306680679321289 158.0084991455078 25.21408462524414 178.40965270996094
bottle 0.05608567222952843 234.33096313476562 186.22023010253906 243.71365356445312 203.7589874267578
aeroplane 0.0553584098815918 268.19866943359375 164.5095977783203 300.08990478515625 180.0503692626953
bird 0.05468357354402542 255.67311096191406 11.747108459472656 499.2381591796875 273.4323425292969
