car 0.9910504817962646 1.792596459388733 61.77854537963867 475.7169494628906 312.66070556640625
person 0.9838339686393738 292.35137939453125 50.45976638793945 380.3742980957031 150.2693328857422
person 0.9554161429405212 420.5972900390625 29.231122970581055 497.925048828125 326.0
car 0.926743745803833 0.0 78.06131744384766 51.456947326660156 122.3375473022461
person 0.9266071915626526 394.8514404296875 66.02345275878906 447.05224609375 152.38055419921875
person 0.8987969160079956 262.5135803222656 65.96053314208984 308.23565673828125 136.3505401611328
person 0.8872817158699036 244.41754150390625 81.96260070800781 266.5628356933594 130.22938537597656
car 0.8765486478805542 29.40291404724121 74.66429138183594 71.61588287353516 108.06160736083984
person 0.673173189163208 452.4407958984375 73.28792572021484 471.13818359375 98.69374084472656
person 0.6659340262413025 216.04541015625 79.2441635131836 234.2123260498047 104.89860534667969
car 0.504956841468811 50.141624450683594 59.7044563293457 266.0760803222656 148.55577087402344
person 0.37757301330566406 6.652810096740723 76.46066284179688 17.72730255126953 90.51768493652344
car 0.3768279254436493 374.1511535644531 99.57836151123047 406.2413330078125 142.83912658691406
car 0.2550564110279083 16.62761116027832 81.43119049072266 35.6967887878418 92.6420669555664
person 0.24666617810726166 139.79345703125 80.58425903320312 174.639404296875 105.30044555664062
car 0.23619483411312103 14.839289665222168 82.49120330810547 55.18310546875 110.89259338378906
car 0.23083071410655975 161.29391479492188 81.86176300048828 227.67684936523438 106.92962646484375
person 0.22178903222084045 309.8722229003906 93.0005111694336 317.9980163574219 109.35767364501953
person 0.19735480844974518 139.95156860351562 86.4496078491211 151.12075805664062 97.80232238769531
car 0.17845439910888672 64.52769470214844 79.5473403930664 101.77560424804688 110.7955322265625
car 0.15116605162620544 147.4354248046875 65.17153930664062 265.915771484375 141.0958251953125
person 0.14986595511436462 205.4910125732422 81.83267974853516 223.8168487548828 104.36040496826172
person 0.14563634991645813 138.905029296875 86.8180160522461 158.51336669921875 104.44219207763672
car 0.12743093073368073 377.6829528808594 92.69139099121094 452.3821716308594 146.141845703125
person 0.12546129524707794 426.3451843261719 72.83018493652344 469.73809814453125 162.05625915527344
car 0.11013907194137573 81.8684310913086 81.1603775024414 103.01553344726562 110.56324005126953
bus 0.07157467305660248 65.15304565429688 79.20831298828125 100.98832702636719 110.70050811767578
person 0.06499096751213074 395.90631103515625 71.76730346679688 468.63702392578125 293.849609375
