dog 0.9884834885597229 10.555086135864258 72.32112121582031 375.0 500.0
car 0.987923800945282 0.7475709915161133 85.4354476928711 143.97705078125 179.47645568847656
person 0.881835401058197 138.68463134765625 0.0 372.0393981933594 293.84759521484375
person 0.8634259700775146 150.2481689453125 5.693511009216309 372.27789306640625 148.8478546142578
dog 0.82656329870224 184.1893768310547 372.8738098144531 288.3813171386719 421.780029296875
person 0.3631207346916199 53.432037353515625 0.0 375.0 429.6501770019531
dog 0.14348424971103668 198.3629913330078 62.23366165161133 371.1226501464844 355.63653564453125
horse 0.14317536354064941 306.5369567871094 139.8877716064453 372.65411376953125 350.6319274902344
cow 0.12381330132484436 257.2955017089844 82.83292388916016 373.919921875 353.1665344238281
cat 0.12056723982095718 189.03292846679688 371.8705139160156 285.2637634277344 425.7142333984375
cow 0.057872556149959564 306.96588134765625 138.677978515625 371.95635986328125 353.60150146484375
sheep 0.05625768378376961 187.68882751464844 373.7367858886719 282.2697448730469 424.17816162109375
