chair 0.9132007360458374 338.5545654296875 124.82540130615234 393.01226806640625 217.21218872070312
chair 0.5816006660461426 87.2027816772461 319.200927734375 246.46873474121094 374.9334716796875
person 0.5369976162910461 188.81748962402344 65.85346984863281 208.3764190673828 111.70286560058594
pottedplant 0.4864244759082794 365.63763427734375 72.70548248291016 458.0166931152344 278.7109680175781
pottedplant 0.3743768334388733 429.7103576660156 39.34721374511719 458.1751708984375 65.15216827392578
bottle 0.22555182874202728 106.41026306152344 232.3209686279297 119.5320053100586 266.1022033691406
pottedplant 0.2119160294532776 390.3086242675781 119.18305969238281 415.6733093261719 136.231201171875
pottedplant 0.14838148653507233 349.56536865234375 21.913963317871094 485.2366638183594 321.4742126464844
chair 0.14534465968608856 407.42181396484375 127.96188354492188 454.60406494140625 218.89437866210938
pottedplant 0.1382438689470291 195.67190551757812 126.41541290283203 271.8883056640625 254.4966278076172
pottedplant 0.12495924532413483 354.2881774902344 161.500244140625 453.6746520996094 310.9904479980469
boat 0.11054409295320511 353.8289489746094 136.57630920410156 455.174560546875 308.654052734375
diningtable 0.09302432835102081 378.01605224609375 120.14824676513672 455.83941650390625 223.4070587158203
bird 0.08598171174526215 98.5833740234375 157.47451782226562 129.0648193359375 207.92689514160156
chair 0.08347834646701813 377.72222900390625 112.61341857910156 456.0409240722656 224.13633728027344
car 0.07522139698266983 421.3505554199219 200.21014404296875 453.2078552246094 226.05616760253906
tvmonitor 0.07069449126720428 94.07715606689453 320.0474548339844 232.80474853515625 374.7473449707031
chair 0.06924654543399811 359.6957702636719 107.91646575927734 456.75970458984375 296.9429626464844
pottedplant 0.06842219829559326 352.1982116699219 236.61566162109375 401.3356018066406 312.20184326171875
sofa 0.06644317507743835 85.0438003540039 317.74639892578125 252.27841186523438 374.3685302734375
diningtable 0.05878586694598198 15.778876304626465 219.16416931152344 321.7743835449219 375.0
diningtable 0.05234131962060928 351.09375 118.83617401123047 456.95477294921875 313.73236083984375
