cat 0.9898653626441956 85.6642074584961 144.7803497314453 212.58851623535156 361.640625
bicycle 0.9461016058921814 0.0 223.5372314453125 245.41233825683594 408.49310302734375
bicycle 0.930443286895752 0.0 233.0111083984375 105.0040283203125 413.70855712890625
bicycle 0.5835404396057129 0.0 243.54144287109375 104.74536895751953 329.3009948730469
person 0.5202611088752747 57.63505554199219 140.85458374023438 208.6888427734375 492.95452880859375
bicycle 0.3296172022819519 64.25484466552734 277.1041564941406 238.4303436279297 378.3395690917969
person 0.3224788308143616 27.991291046142578 125.45967102050781 53.420127868652344 158.70932006835938
bicycle 0.26246851682662964 185.13685607910156 285.7110290527344 236.43734741210938 379.8173522949219
person 0.25256600975990295 98.8229751586914 165.5794219970703 126.38442993164062 192.50775146484375
bottle 0.15661829710006714 261.9475402832031 136.9702911376953 276.41168212890625 159.31443786621094
motorbike 0.12618345022201538 0.19979596138000488 239.9630889892578 102.18043518066406 422.8189392089844
tvmonitor 0.12404341250658035 232.78533935546875 251.0731964111328 278.04046630859375 308.3943786621094
tvmonitor 0.11491905152797699 230.5006103515625 112.87213897705078 249.87167358398438 124.62388610839844
person 0.11353224515914917 73.61428833007812 129.26223754882812 96.37665557861328 157.22193908691406
chair 0.10164046287536621 74.93295288085938 278.5106506347656 227.21340942382812 488.4708251953125
bird 0.08806107193231583 73.34307861328125 129.64712524414062 96.1190414428711 155.31475830078125
