sofa 0.9932340979576111 0.0 134.5396270751953 468.6528625488281 360.36370849609375
person 0.9914884567260742 210.25123596191406 101.3471908569336 413.73785400390625 374.89495849609375
person 0.9899303913116455 163.7774658203125 10.447103500366211 281.4622497558594 157.54391479492188
person 0.9854490160942078 4.4146928787231445 123.18160247802734 143.26705932617188 375.0
car 0.9692497253417969 0.0 45.37665557861328 154.47116088867188 140.72164916992188
car 0.5626604557037354 488.43115234375 96.7547607421875 499.94757080078125 119.06642150878906
car 0.2676987648010254 7.566039085388184 68.07413482666016 34.42687225341797 79.44627380371094
sofa 0.1905701607465744 0.0 128.46971130371094 195.11224365234375 370.22283935546875
person 0.18691366910934448 172.62921142578125 38.06941604614258 314.2972412109375 343.9676818847656
chair 0.1399308145046234 203.99249267578125 181.04190063476562 407.08331298828125 367.0221862792969
person 0.11756931990385056 109.14826965332031 15.312881469726562 280.8377380371094 331.9941101074219
car 0.08695796132087708 12.736916542053223 47.80361557006836 143.4971160888672 85.90706634521484
person 0.06695489585399628 10.84970474243164 122.70631408691406 116.31742095947266 253.82400512695312
