car 0.9917650818824768 116.771484375 99.31097412109375 455.21514892578125 265.00555419921875
bicycle 0.8709511756896973 442.2994079589844 145.8888702392578 494.00628662109375 210.63450622558594
bus 0.6511091589927673 404.6922912597656 60.17755126953125 494.622802734375 162.92552185058594
bus 0.426641047000885 182.0848388671875 48.93400192260742 414.631591796875 145.1989288330078
bicycle 0.4022181034088135 419.9057312011719 123.19723510742188 491.4578857421875 211.33824157714844
bus 0.25258898735046387 37.415496826171875 47.8998908996582 411.05572509765625 189.48529052734375
pottedplant 0.25253230333328247 63.625389099121094 177.25234985351562 140.2361602783203 293.41619873046875
tvmonitor 0.21279804408550262 184.38864135742188 46.72415542602539 429.115966796875 154.1939697265625
pottedplant 0.19379478693008423 7.260744094848633 135.7939453125 119.72022247314453 267.4701232910156
tvmonitor 0.18438027799129486 101.68590545654297 50.184146881103516 127.52678680419922 62.1678352355957
bus 0.14693962037563324 5.4011454582214355 47.715003967285156 230.38165283203125 242.4752655029297
motorbike 0.11779472231864929 420.44842529296875 119.31460571289062 491.0447998046875 210.0823516845703
bicycle 0.10673902928829193 462.496826171875 166.6629180908203 494.2557067871094 210.2393341064453
bicycle 0.10587166994810104 417.0451965332031 119.98892974853516 462.6417236328125 163.51597595214844
train 0.08732928335666656 5.26944637298584 48.346561431884766 234.9745635986328 243.81060791015625
pottedplant 0.07025890797376633 24.274396896362305 199.91671752929688 58.06708908081055 271.3346862792969
train 0.06812472641468048 0.0 43.46875 438.2942810058594 210.4286346435547
sofa 0.06417875736951828 186.6353759765625 47.24761962890625 432.4607849121094 152.4940948486328
car 0.059315379709005356 115.50035858154297 43.723628997802734 436.8729248046875 205.2986602783203
pottedplant 0.058906085789203644 65.39878845214844 175.31927490234375 95.95116424560547 276.84661865234375
cow 0.05747896805405617 180.92115783691406 47.21971130371094 422.9312744140625 152.70140075683594
pottedplant 0.05286914482712746 27.427391052246094 144.6733856201172 108.90904235839844 215.06802368164062
person 0.052353836596012115 338.0327453613281 115.71878814697266 374.2584533691406 148.25245666503906
chair 0.051420461386442184 188.93194580078125 46.873443603515625 430.09417724609375 155.1121063232422
