person 0.9758174419403076 285.4487609863281 151.16529846191406 375.22637939453125 321.56829833984375
diningtable 0.9317666888237 45.62711715698242 217.2455596923828 349.432861328125 375.0
person 0.9221125245094299 118.98440551757812 138.32028198242188 202.85719299316406 237.2709197998047
person 0.8462997674942017 202.34707641601562 138.1507568359375 257.24365234375 234.6499786376953
person 0.8107208609580994 249.6997528076172 120.69563293457031 323.05938720703125 262.1971740722656
bottle 0.6165789365768433 180.9443817138672 232.1797637939453 199.7278594970703 293.61395263671875
person 0.5729711651802063 213.6648712158203 135.21861267089844 381.0381164550781 369.12646484375
person 0.5638277530670166 105.80345153808594 99.03645324707031 141.68650817871094 151.98306274414062
sofa 0.5506548881530762 0.0 181.37371826171875 225.39308166503906 308.60089111328125
chair 0.4744521379470825 217.1880340576172 202.86871337890625 459.445068359375 375.0
bottle 0.3982905149459839 1.4433834552764893 235.60472106933594 33.32781219482422 316.4883728027344
pottedplant 0.3462688624858856 0.009916066192090511 38.13875961303711 78.43533325195312 201.28695678710938
pottedplant 0.27464860677719116 80.32612609863281 112.6417007446289 102.41305541992188 132.8668212890625
person 0.2744038701057434 441.40020751953125 112.44548797607422 493.44818115234375 159.90542602539062
bottle 0.23084956407546997 489.7521667480469 67.59992218017578 498.9577331542969 95.47705841064453
sofa 0.21820496022701263 306.754638671875 170.53472900390625 494.9566650390625 355.8526306152344
sofa 0.21107496321201324 74.25320434570312 130.435302734375 110.89350891113281 151.08238220214844
sofa 0.1937970221042633 2.829932928085327 154.26156616210938 424.53741455078125 311.2880554199219
person 0.17031879723072052 211.83152770996094 122.120849609375 361.3274230957031 255.03103637695312
bottle 0.16364316642284393 112.4234848022461 112.15834045410156 134.5386199951172 152.84104919433594
sofa 0.10887786746025085 188.59982299804688 204.6374969482422 470.83929443359375 366.5013122558594
bottle 0.07620186358690262 329.7513732910156 4.108852863311768 346.6971130371094 56.03788375854492
person 0.07363016903400421 133.91558837890625 87.72591400146484 148.3631134033203 119.04059600830078
chair 0.07321033626794815 440.1933898925781 113.6473617553711 493.8599548339844 159.0598602294922
person 0.07257217913866043 65.19194030761719 138.0099334716797 204.780517578125 288.9593200683594
tvmonitor 0.06963235139846802 96.38116455078125 153.3363800048828 119.67407989501953 165.92474365234375
person 0.06830073148012161 411.6961364746094 25.53459358215332 457.6353454589844 153.49285888671875
person 0.06655552983283997 23.273311614990234 137.54208374023438 215.45896911621094 370.3295593261719
chair 0.06270693987607956 197.46917724609375 365.9405822753906 370.937744140625 374.3860168457031
bottle 0.06085722893476486 36.05925369262695 233.8748321533203 70.9180908203125 291.789794921875
person 0.0550677515566349 224.3360137939453 126.96297454833984 323.880126953125 323.91534423828125
person 0.05266512557864189 130.04660034179688 129.80555725097656 269.31939697265625 244.41481018066406
sofa 0.0523616224527359 360.30828857421875 176.53575134277344 500.0 239.4945526123047
bottle 0.05157000571489334 478.8352355957031 62.55965042114258 499.6451416015625 145.83180236816406
tvmonitor 0.050439439713954926 107.46791076660156 74.28863525390625 152.32777404785156 124.58535766601562
