horse 0.9697927236557007 6.507372856140137 27.42121696472168 289.1590270996094 375.0
boat 0.49728453159332275 55.140869140625 12.135683059692383 131.43218994140625 43.60121536254883
horse 0.41003158688545227 119.80171203613281 20.135520935058594 400.28619384765625 371.9187316894531
horse 0.38392990827560425 252.3209991455078 43.24949645996094 410.0821228027344 372.9658203125
cow 0.1461726725101471 7.195549964904785 24.49207305908203 281.20867919921875 375.0
horse 0.11249881982803345 42.48945999145508 28.55951499938965 245.1033935546875 59.47535705566406
horse 0.1065269187092781 128.31101989746094 25.465557098388672 393.3368835449219 104.85326385498047
horse 0.09612157195806503 10.881549835205078 20.392648696899414 347.9595031738281 167.3956756591797
sheep 0.08731216937303543 11.282207489013672 31.337156295776367 142.0729217529297 374.7843017578125
cow 0.08269961923360825 12.110762596130371 21.26323699951172 145.04469299316406 375.0
horse 0.07646473497152328 11.121267318725586 22.513017654418945 147.68527221679688 372.085205078125
