pottedplant 0.9766295552253723 69.08877563476562 0.0 417.1290283203125 375.0
pottedplant 0.380237340927124 177.53799438476562 4.385490417480469 327.6552734375 196.17120361328125
pottedplant 0.2834431529045105 317.723876953125 94.46492767333984 394.0328063964844 169.8701934814453
pottedplant 0.2582462430000305 74.66497802734375 53.232444763183594 192.8359375 178.57635498046875
pottedplant 0.2530294358730316 93.3895492553711 11.652116775512695 373.82470703125 239.75706481933594
pottedplant 0.1647765040397644 71.24393463134766 36.46389389038086 259.4646911621094 234.98309326171875
pottedplant 0.151325061917305 259.455078125 94.26691436767578 408.31982421875 190.3175506591797
pottedplant 0.10776358097791672 155.30288696289062 117.76459503173828 407.7467346191406 372.6275634765625
pottedplant 0.09378129988908768 176.8614959716797 4.78879451751709 284.3671875 103.74029541015625
chair 0.08302224427461624 265.2750549316406 131.583984375 351.7593078613281 186.33746337890625
pottedplant 0.07508639991283417 64.11273956298828 178.76341247558594 321.44769287109375 374.7175598144531
pottedplant 0.06509853154420853 189.79254150390625 102.01451110839844 259.4687194824219 206.02574157714844
pottedplant 0.055885199457407 119.27172088623047 76.21610260009766 245.55654907226562 213.459716796875
pottedplant 0.05192724987864494 319.382080078125 97.95954132080078 377.05145263671875 147.04713439941406
pottedplant 0.05165479704737663 85.65045928955078 112.17516326904297 351.8516540527344 228.89479064941406
boat 0.051429830491542816 257.9990539550781 133.1003875732422 354.3585510253906 184.19178771972656
