person 0.9837371706962585 121.8013687133789 122.35919952392578 259.0407409667969 386.0381164550781
person 0.9793748259544373 257.8022766113281 10.9251070022583 417.6408386230469 321.27618408203125
person 0.9723695516586304 3.1319515705108643 136.35366821289062 138.5169219970703 338.6372985839844
person 0.9720566868782043 256.6559753417969 174.9442138671875 436.5231018066406 385.6860656738281
person 0.8513169288635254 300.2469787597656 212.99737548828125 498.0594787597656 386.81146240234375
person 0.7963842749595642 401.8045654296875 13.308252334594727 466.27838134765625 146.4544677734375
bottle 0.45889508724212646 13.880152702331543 302.30328369140625 43.281349182128906 384.4945983886719
person 0.45314040780067444 305.37982177734375 169.44554138183594 418.81402587890625 323.4346923828125
sofa 0.3908139765262604 0.0 209.9420166015625 264.97857666015625 376.1792907714844
person 0.3802846670150757 46.4239501953125 132.10513305664062 205.69345092773438 365.4866638183594
chair 0.30379608273506165 113.42320251464844 211.43516540527344 232.46990966796875 377.4615478515625
bottle 0.16153652966022491 275.3367614746094 67.03013610839844 325.5539245605469 109.88001251220703
diningtable 0.15850724279880524 6.543583393096924 308.56103515625 177.7886199951172 386.79425048828125
chair 0.1579854041337967 0.0 230.4672393798828 144.3485870361328 326.9653015136719
person 0.14473818242549896 401.1765441894531 211.73069763183594 496.9571838378906 387.0
bottle 0.13236349821090698 446.59454345703125 112.15851593017578 468.86273193359375 158.30276489257812
bottle 0.08332125842571259 43.207550048828125 291.6255798339844 79.01084899902344 344.53167724609375
