person 0.97957843542099 370.3057556152344 171.8801727294922 442.0469055175781 253.17431640625
person 0.9707207083702087 284.0313720703125 171.59600830078125 376.8818054199219 274.077880859375
boat 0.966616690158844 352.8235168457031 205.5947265625 491.9550476074219 351.7798156738281
motorbike 0.9440635442733765 0.999414324760437 146.63702392578125 251.8662567138672 272.25250244140625
person 0.3294803500175476 413.2486877441406 193.8959503173828 446.1729431152344 249.40235900878906
boat 0.28647682070732117 368.35498046875 257.9649658203125 486.6947021484375 342.1747741699219
boat 0.2726025879383087 368.1221008300781 229.65042114257812 488.58148193359375 296.4163513183594
boat 0.14381404221057892 121.8653335571289 194.0345916748047 487.8672180175781 353.55377197265625
person 0.13435408473014832 28.16092872619629 158.2491455078125 62.0723762512207 193.75331115722656
bicycle 0.11886094510555267 1.7036314010620117 151.32687377929688 158.14764404296875 278.5118408203125
motorbike 0.11729375272989273 5.668589115142822 146.53944396972656 143.61715698242188 252.82830810546875
chair 0.11138657480478287 409.0309143066406 186.19505310058594 445.2921447753906 247.6029052734375
person 0.11103332787752151 370.7784729003906 171.34596252441406 412.757568359375 233.43138122558594
dog 0.10302339494228363 411.58502197265625 190.85488891601562 447.9841003417969 250.78402709960938
sheep 0.07165808975696564 413.1479797363281 199.8550567626953 445.45074462890625 247.98451232910156
cat 0.06628125160932541 411.85369873046875 190.787109375 443.99169921875 247.08872985839844
