boat 0.9779746532440186 157.30897521972656 94.61128234863281 361.8074951171875 265.1669616699219
boat 0.8857869505882263 178.63185119628906 60.97641372680664 229.99339294433594 76.92415618896484
boat 0.6131341457366943 389.7552185058594 52.01437759399414 408.56011962890625 67.01568603515625
boat 0.3533492088317871 288.07513427734375 64.75447845458984 298.38665771484375 73.49967193603516
boat 0.3229617178440094 389.121826171875 48.192073822021484 425.8010559082031 66.16063690185547
boat 0.24284633994102478 226.38079833984375 98.41273498535156 273.08990478515625 196.72503662109375
boat 0.23542693257331848 475.3677673339844 124.13081359863281 499.24981689453125 182.7063446044922
boat 0.20491398870944977 303.7261962890625 52.27287673950195 350.6972351074219 68.64434051513672
boat 0.20291173458099365 477.1620178222656 119.44998168945312 499.66943359375 237.63735961914062
boat 0.14049771428108215 197.1811065673828 54.18349838256836 230.15232849121094 77.0854721069336
boat 0.13675639033317566 168.05755615234375 52.681541442871094 229.2001953125 75.2972412109375
boat 0.13448314368724823 353.8583984375 109.78778839111328 500.0 378.0
boat 0.1207754909992218 454.6199645996094 104.9220962524414 498.675048828125 378.0
boat 0.10846666246652603 196.86627197265625 64.12779998779297 229.43533325195312 75.64933013916016
boat 0.09427671879529953 399.4739074707031 41.39323043823242 427.4659729003906 64.3128433227539
boat 0.08811546862125397 447.28375244140625 39.19599914550781 496.837890625 53.689327239990234
boat 0.08421634137630463 155.7373046875 51.63600540161133 193.71141052246094 62.895851135253906
boat 0.07857777923345566 293.0418395996094 44.72064208984375 353.5174560546875 65.67691040039062
bottle 0.06574811786413193 274.7332458496094 152.81597900390625 289.8930969238281 185.40135192871094
boat 0.05885344371199608 207.10704040527344 68.06721496582031 229.18382263183594 75.53205871582031
boat 0.05623313784599304 313.9566650390625 54.71018600463867 325.09454345703125 67.38008880615234
boat 0.05544004589319229 323.9963684082031 53.97013473510742 349.0691833496094 67.92855834960938
