person 0.9942641854286194 110.46493530273438 49.95977020263672 325.8497619628906 332.1785583496094
person 0.9768458604812622 94.85041809082031 29.243202209472656 269.8275451660156 239.608154296875
train 0.9392937421798706 0.0 0.3469276428222656 498.63800048828125 114.45352935791016
person 0.7404013276100159 315.3193054199219 89.39949035644531 358.0514221191406 217.4269561767578
train 0.5915722250938416 7.053525924682617 0.0 370.00445556640625 77.45722198486328
person 0.4457392394542694 221.88169860839844 70.05459594726562 330.0372619628906 321.24951171875
train 0.357927531003952 289.8249816894531 0.0 500.0 128.75094604492188
person 0.28300461173057556 288.7557678222656 81.04792022705078 355.06976318359375 238.815673828125
bottle 0.16640794277191162 378.3522644042969 119.1563949584961 390.3753356933594 139.0016632080078
person 0.16211165487766266 206.58363342285156 45.746070861816406 339.9490661621094 227.15972900390625
bottle 0.1438792198896408 361.3090515136719 118.17639923095703 373.9200134277344 138.48814392089844
sofa 0.13359615206718445 87.66773223876953 110.06047058105469 476.6827087402344 323.5782470703125
person 0.13170456886291504 158.4512481689453 42.1773567199707 286.27386474609375 215.62799072265625
person 0.10931289196014404 312.518798828125 86.93141174316406 344.6799621582031 125.22177124023438
car 0.09230943024158478 264.9472961425781 0.6349825859069824 492.4752197265625 126.66466522216797
bus 0.08819460868835449 8.90343189239502 0.0 498.87847900390625 108.70020294189453
car 0.07401017844676971 266.20172119140625 25.006582260131836 297.1827392578125 51.112709045410156
person 0.0726381465792656 361.6333312988281 117.56002044677734 373.4501037597656 138.01441955566406
person 0.06784584373235703 376.6359558105469 119.57861328125 390.6472473144531 138.4235076904297
tvmonitor 0.0658821389079094 306.34564208984375 0.0 492.3794860839844 124.86725616455078
person 0.05820401385426521 311.5374450683594 88.2750015258789 351.8042297363281 153.6070556640625
