person 0.9889259934425354 106.42513275146484 114.79560852050781 301.8341979980469 327.97283935546875
chair 0.22074173390865326 140.908935546875 63.53667449951172 326.968505859375 270.652587890625
chair 0.219765305519104 4.405213356018066 45.16115188598633 440.5398254394531 324.4838562011719
chair 0.18863840401172638 390.1995544433594 91.05326080322266 499.9999694824219 327.355224609375
chair 0.16756516695022583 394.373291015625 107.56000518798828 434.5524597167969 203.38125610351562
chair 0.12765511870384216 140.38043212890625 190.3527374267578 309.9021911621094 329.3503723144531
chair 0.10555528104305267 391.9273681640625 99.73641967773438 451.905517578125 278.1517028808594
chair 0.10005979239940643 40.6861686706543 209.65940856933594 239.15296936035156 299.0368347167969
chair 0.09979034215211868 193.1580047607422 281.7298278808594 264.4617614746094 333.1470947265625
tvmonitor 0.0914875864982605 3.3348803520202637 44.07246780395508 442.8213195800781 330.5703125
chair 0.07617012411355972 364.6181335449219 149.02734375 384.6990051269531 216.84205627441406
chair 0.07508189976215363 215.06045532226562 86.28182220458984 491.40252685546875 323.1335144042969
person 0.06879924982786179 112.85254669189453 169.84571838378906 247.49212646484375 312.837890625
person 0.0501425601541996 39.54652786254883 152.33518981933594 192.78558349609375 330.2446594238281
