car 0.9645557403564453 340.77093505859375 10.460114479064941 492.0283203125 71.99118041992188
car 0.7355755567550659 122.66014099121094 174.03282165527344 177.62246704101562 191.42555236816406
boat 0.721977710723877 14.382582664489746 60.52729797363281 325.39129638671875 208.7678680419922
person 0.3797169029712677 195.42613220214844 151.1207275390625 212.31057739257812 176.00833129882812
car 0.21307635307312012 0.0 63.09475326538086 314.8406677246094 210.79469299316406
tvmonitor 0.1732824593782425 65.59556579589844 73.208740234375 132.74168395996094 116.78492736816406
person 0.10016100108623505 202.06675720214844 157.05880737304688 217.5767364501953 176.26988220214844
person 0.1000533252954483 128.03440856933594 155.88890075683594 158.60006713867188 179.78762817382812
tvmonitor 0.09504303336143494 6.488912105560303 1.5103029012680054 345.4677429199219 60.34297180175781
bus 0.08628588169813156 3.5522186756134033 69.05305480957031 299.7285461425781 207.35018920898438
aeroplane 0.08285149931907654 0.0 54.632381439208984 493.903564453125 214.42759704589844
person 0.08073276281356812 303.668701171875 202.8821563720703 311.9725646972656 220.46800231933594
person 0.08058418333530426 178.6190643310547 149.49462890625 200.38609313964844 176.35716247558594
boat 0.07152377814054489 0.0 45.23341751098633 500.0000305175781 237.08575439453125
person 0.06676144152879715 105.6857681274414 171.18682861328125 119.66270446777344 188.5218048095703
car 0.06559601426124573 1.4145458936691284 211.08155822753906 300.74951171875 273.0
person 0.055169980973005295 257.3082580566406 129.6951141357422 283.285888671875 172.86387634277344
