aeroplane 0.9882621169090271 60.64757537841797 36.38422775268555 493.6279296875 231.60130310058594
car 0.9174184203147888 18.11176872253418 197.5559844970703 79.59676361083984 235.00660705566406
aeroplane 0.8454039692878723 165.01046752929688 126.24098205566406 500.0 229.6735076904297
car 0.8267714381217957 369.8750305175781 188.6149139404297 421.58709716796875 221.25538635253906
car 0.6516602039337158 0.12051235139369965 212.7509307861328 20.36347007751465 252.6563720703125
car 0.6175084114074707 0.0 190.831298828125 40.731407165527344 227.0446319580078
aeroplane 0.5578978061676025 77.36080169677734 115.3693618774414 386.36517333984375 225.24139404296875
car 0.5236309766769409 77.93071746826172 194.0567626953125 155.83644104003906 221.23028564453125
aeroplane 0.4289563298225403 297.5426940917969 130.55908203125 394.3209228515625 166.38943481445312
car 0.3880554437637329 163.9616241455078 214.71322631835938 188.0143280029297 223.8907470703125
aeroplane 0.3659560978412628 195.11965942382812 170.25607299804688 341.1141357421875 206.16065979003906
car 0.2301703244447708 79.44056701660156 195.6639404296875 118.67317962646484 222.657470703125
car 0.21855312585830688 109.7598876953125 197.8950653076172 159.4400634765625 222.951416015625
car 0.19355301558971405 479.6575012207031 204.256103515625 499.48583984375 228.75535583496094
aeroplane 0.16900554299354553 198.78607177734375 130.654541015625 434.583251953125 199.79563903808594
aeroplane 0.14713561534881592 215.95310974121094 158.0616455078125 367.0062561035156 227.5297088623047
aeroplane 0.13140393793582916 73.42015075683594 108.0577392578125 240.90408325195312 230.90771484375
car 0.10578815639019012 78.2718276977539 195.86573791503906 226.0233917236328 222.00209045410156
car 0.07999948412179947 277.32672119140625 179.3710479736328 340.616455078125 231.75094604492188
aeroplane 0.07768131792545319 316.6193542480469 134.16761779785156 484.3143005371094 202.78196716308594
aeroplane 0.07366617769002914 238.17523193359375 139.99131774902344 385.0736389160156 180.50108337402344
bus 0.0702662244439125 370.6224670410156 189.8382110595703 419.9903869628906 220.9106903076172
aeroplane 0.06778515130281448 110.95915222167969 194.97537231445312 230.25819396972656 222.8598175048828
aeroplane 0.06673552840948105 184.11117553710938 45.411441802978516 369.0263977050781 234.4203643798828
person 0.06293554604053497 2.2116127014160156 200.73663330078125 8.323864936828613 214.49710083007812
car 0.05701533704996109 102.24467468261719 196.8646240234375 141.2935028076172 220.1466827392578
bus 0.05478037893772125 0.18346437811851501 190.09063720703125 41.817562103271484 223.3662109375
person 0.0546916164457798 405.60723876953125 193.718994140625 410.9074401855469 204.6153564453125
