person 0.9930416345596313 104.38334655761719 1.9607019424438477 476.8978576660156 375.0
pottedplant 0.2368517816066742 257.4049072265625 187.11732482910156 477.0586853027344 372.11614990234375
dog 0.19658400118350983 0.67689049243927 64.94725036621094 156.94448852539062 367.0437316894531
sofa 0.19547563791275024 0.0 55.348304748535156 171.1520233154297 347.55511474609375
chair 0.1886768937110901 0.0 55.44170379638672 169.73565673828125 375.0
sofa 0.16881808638572693 0.0 31.888303756713867 405.9712219238281 368.55450439453125
person 0.16612941026687622 4.98513650894165 50.264312744140625 154.12110900878906 373.4280700683594
chair 0.15104816854000092 170.3381805419922 137.1519775390625 478.4732666015625 366.50140380859375
chair 0.09473783522844315 43.27213668823242 38.19017791748047 471.075927734375 358.14239501953125
bottle 0.08588942885398865 259.2037048339844 161.5201416015625 464.3487243652344 363.0674743652344
