sofa 0.9985743761062622 0.0 76.70669555664062 496.464111328125 331.9853515625
tvmonitor 0.975018322467804 5.574104309082031 52.42683410644531 85.26029968261719 106.2293472290039
sofa 0.6901136040687561 214.7724609375 93.13898468017578 494.53948974609375 298.5851745605469
sofa 0.5745821595191956 10.770805358886719 92.67698669433594 242.0858154296875 329.5263366699219
sofa 0.14018034934997559 97.99020385742188 78.6658935546875 269.7696228027344 195.6121063232422
chair 0.12719185650348663 351.1414489746094 121.4339599609375 396.7964172363281 166.7192840576172
chair 0.10489776730537415 16.95812225341797 96.1723403930664 238.63955688476562 332.82562255859375
sofa 0.05585112050175667 341.92694091796875 109.88604736328125 496.1826477050781 294.5323791503906
person 0.054423633962869644 100.07257843017578 21.867435455322266 121.21990966796875 38.819252014160156
sofa 0.05078147351741791 91.09004974365234 84.25359344482422 499.9999694824219 184.39385986328125
