person 0.9957602620124817 28.36616325378418 84.38629913330078 286.06268310546875 467.407470703125
bottle 0.8779180645942688 58.124088287353516 101.43649291992188 136.45001220703125 160.06980895996094
person 0.22657780349254608 58.039608001708984 93.7750244140625 190.86447143554688 233.43724060058594
person 0.16157297790050507 52.79018783569336 94.81239318847656 251.8388671875 300.8703308105469
chair 0.11515121906995773 3.7551801204681396 165.160888671875 319.3762512207031 469.9833068847656
tvmonitor 0.11493125557899475 9.862602233886719 331.7939758300781 333.0 490.8542175292969
chair 0.10689090192317963 258.3709411621094 264.4347229003906 332.39398193359375 357.3171691894531
bottle 0.09904953837394714 60.75792694091797 96.83592987060547 171.18711853027344 175.8804931640625
sofa 0.09626562893390656 1.428026556968689 97.63956451416016 333.0 479.18310546875
dog 0.08568825572729111 19.473773956298828 85.84516906738281 304.6575012207031 460.01953125
