person 0.954789400100708 173.74349975585938 82.8797378540039 239.52554321289062 342.2503967285156
person 0.9508273005485535 38.70660400390625 132.20770263671875 229.99954223632812 432.17437744140625
person 0.9386222958564758 251.62353515625 25.798019409179688 325.5896911621094 324.9729309082031
person 0.7118387818336487 249.8936309814453 27.945293426513672 320.1618347167969 181.71937561035156
cat 0.5688122510910034 22.324472427368164 213.5692901611328 244.85400390625 439.40570068359375
person 0.5394972562789917 177.74984741210938 81.80542755126953 244.19285583496094 219.66708374023438
dog 0.5071297883987427 14.734785079956055 232.4556427001953 254.51840209960938 440.4717102050781
dog 0.3728419542312622 213.3290252685547 318.28472900390625 328.2806396484375 405.8441162109375
cat 0.311079204082489 215.25489807128906 316.4799499511719 326.1698303222656 402.9400939941406
sheep 0.23328092694282532 215.35227966308594 319.6345520019531 324.56024169921875 409.2547912597656
person 0.2039703130722046 120.73870086669922 118.9705810546875 235.40908813476562 347.0931091308594
person 0.12247022986412048 192.29664611816406 65.28857421875 285.5025329589844 373.70660400390625
person 0.11951440572738647 186.57687377929688 179.39356994628906 236.69964599609375 333.5436096191406
cat 0.11555441468954086 13.452859878540039 39.364013671875 293.0306701660156 438.66290283203125
sheep 0.10865660011768341 232.64610290527344 114.8238525390625 274.05206298828125 245.59291076660156
person 0.07998170703649521 217.1859130859375 43.709251403808594 327.5150146484375 435.1606750488281
person 0.06608466058969498 218.78611755371094 313.5650634765625 331.7587890625 419.3520202636719
person 0.05655176565051079 291.8533020019531 66.95104217529297 323.4676208496094 321.2738037109375
