dog 0.9931348562240601 78.0537109375 1.720219612121582 325.1495666503906 331.0673522949219
sofa 0.29303988814353943 0.0 28.452302932739258 500.0 333.0
sofa 0.2386942207813263 275.314453125 167.77777099609375 500.0 331.5484619140625
person 0.15378941595554352 143.77230834960938 0.0 498.6199035644531 333.0
cat 0.10655517876148224 107.77808380126953 32.41309356689453 353.4544982910156 333.0
sofa 0.08211123198270798 0.0 181.79437255859375 237.6329803466797 333.0
chair 0.0774189755320549 274.0804748535156 154.96461486816406 500.0 330.52093505859375
dog 0.07576902955770493 91.42892456054688 2.0506739616394043 302.4971008300781 168.481201171875
dog 0.07514964789152145 172.82252502441406 116.00366973876953 490.4225158691406 322.796630859375
sofa 0.061300117522478104 0.0 170.57916259765625 135.27545166015625 319.6340637207031
person 0.051793862134218216 2.2293713092803955 1.5748852491378784 142.3743133544922 332.1138610839844
