boat 0.9687650203704834 3.3528685569763184 191.95639038085938 468.3408203125 375.0
boat 0.8898912668228149 0.06251666694879532 177.3983154296875 175.9744873046875 367.6888732910156
boat 0.726843535900116 67.93163299560547 268.813232421875 498.3898620605469 372.02862548828125
boat 0.5719794034957886 180.74282836914062 250.98802185058594 353.69927978515625 371.8001403808594
boat 0.5297566056251526 11.039247512817383 241.46295166015625 327.05706787109375 373.53411865234375
person 0.4592036306858063 130.00961303710938 208.41859436035156 193.88467407226562 373.0622863769531
bird 0.4090093672275543 314.9312744140625 230.2000732421875 409.01617431640625 372.8631591796875
boat 0.20989419519901276 238.82681274414062 217.0594024658203 488.2051086425781 375.0
person 0.18272779881954193 16.93885612487793 179.5374298095703 70.36680603027344 266.26104736328125
boat 0.15889647603034973 1.9374582767486572 177.46682739257812 68.98380279541016 262.1624450683594
boat 0.13005590438842773 318.9781799316406 220.41448974609375 435.092529296875 375.0
boat 0.10776854306459427 391.88238525390625 331.8556823730469 497.9911193847656 375.0
boat 0.09476965665817261 2.659559726715088 279.42742919921875 189.3702850341797 369.7900390625
aeroplane 0.09036877751350403 0.0 186.95718383789062 147.12132263183594 369.6842041015625
boat 0.07974746823310852 375.9822082519531 204.14913940429688 499.5518798828125 375.0
bird 0.06917303800582886 125.93663024902344 203.3596649169922 197.28927612304688 371.1086120605469
bicycle 0.06581036746501923 0.0 178.62539672851562 159.13096618652344 368.7646179199219
pottedplant 0.06517814844846725 318.6611328125 226.5255584716797 402.88885498046875 375.0
boat 0.059197667986154556 280.468994140625 327.5356140136719 488.19525146484375 375.0
