bicycle 0.9287893176078796 0.0 130.25732421875 45.962974548339844 241.9117431640625
bicycle 0.9237595796585083 29.60896110534668 134.1717071533203 76.6077651977539 232.70657348632812
car 0.8847846388816833 421.1011962890625 220.0241241455078 456.7450256347656 248.51034545898438
person 0.6718137860298157 136.9287567138672 161.21913146972656 156.14852905273438 202.9625701904297
person 0.6272768378257751 144.0227508544922 159.7520751953125 166.38772583007812 207.1250457763672
pottedplant 0.49734678864479065 177.0365447998047 165.86151123046875 248.96922302246094 231.09292602539062
pottedplant 0.45219162106513977 272.444091796875 158.1933135986328 321.5128479003906 222.9741668701172
bicycle 0.3580694794654846 395.807861328125 230.57659912109375 414.5045471191406 254.5111083984375
person 0.35191217064857483 153.189208984375 160.72930908203125 168.98269653320312 205.1238555908203
person 0.22087089717388153 22.31282615661621 207.78453063964844 33.561038970947266 232.68780517578125
person 0.21049201488494873 144.80722045898438 164.9635009765625 157.91709899902344 197.554443359375
pottedplant 0.20387707650661469 403.822509765625 205.53543090820312 416.3096008300781 223.4188232421875
motorbike 0.18862999975681305 399.64251708984375 229.5548095703125 413.8437805175781 254.48220825195312
pottedplant 0.14257922768592834 383.81109619140625 197.29867553710938 415.045166015625 227.04916381835938
pottedplant 0.11257326602935791 265.2400207519531 168.93206787109375 304.9603271484375 221.33847045898438
chair 0.10401228070259094 134.64479064941406 148.36781311035156 174.7371368408203 210.80691528320312
pottedplant 0.10121969878673553 194.0427703857422 165.22195434570312 227.44931030273438 191.80543518066406
bus 0.10100748389959335 457.20184326171875 0.0 498.7308044433594 325.94329833984375
pottedplant 0.08693897724151611 266.7681884765625 180.5391845703125 292.61553955078125 220.1533966064453
boat 0.07634205371141434 243.8155059814453 289.4519348144531 287.4101867675781 338.1756591796875
bicycle 0.06530920416116714 263.937255859375 181.65371704101562 293.1958923339844 221.84201049804688
person 0.06478194892406464 360.3535461425781 186.1416473388672 380.4848937988281 253.07150268554688
person 0.06098011136054993 144.95486450195312 163.56825256347656 154.4771728515625 180.37716674804688
person 0.05684109032154083 152.86712646484375 162.55960083007812 164.89073181152344 186.5512237548828
bottle 0.056468620896339417 267.02215576171875 265.3706359863281 282.2166442871094 297.2814636230469
