boat 0.9438483715057373 149.1061248779297 312.3602294921875 234.3406982421875 371.8512268066406
boat 0.914448082447052 75.33045959472656 204.32980346679688 164.07632446289062 363.3651123046875
boat 0.7031368017196655 77.31329345703125 317.8445129394531 190.49807739257812 370.8738098144531
boat 0.6964172720909119 90.15827941894531 190.15914916992188 252.84434509277344 378.3289489746094
person 0.5942264199256897 358.4947814941406 364.3117980957031 383.650146484375 395.423095703125
boat 0.5707880854606628 74.12928771972656 265.7846984863281 200.1126251220703 369.7608947753906
boat 0.41204458475112915 78.2337417602539 315.5406799316406 291.90423583984375 374.39422607421875
dog 0.22657212615013123 357.3544921875 364.4434509277344 384.4419860839844 393.33270263671875
chair 0.14102618396282196 356.30645751953125 363.0595703125 384.6569519042969 396.3163146972656
boat 0.13417069613933563 156.71531677246094 326.5630798339844 212.9196319580078 371.34173583984375
boat 0.1267591118812561 81.3774185180664 322.61309814453125 155.5728302001953 354.3063659667969
boat 0.1142057329416275 219.0277099609375 330.32354736328125 310.61053466796875 364.9578552246094
motorbike 0.09176228195428848 356.3358459472656 364.071533203125 382.9257507324219 395.2550354003906
boat 0.08445284515619278 229.29824829101562 329.23785400390625 256.3392333984375 363.5271301269531
boat 0.08177176862955093 82.47886657714844 331.693603515625 152.24612426757812 369.194091796875
boat 0.07819323241710663 149.76760864257812 241.76719665527344 253.7337188720703 370.1192626953125
boat 0.07545997947454453 111.90811920166016 309.81195068359375 227.06863403320312 355.2658386230469
boat 0.07211215794086456 73.0052490234375 223.92718505859375 130.77059936523438 343.7774963378906
sheep 0.07090634107589722 248.14500427246094 410.60888671875 270.8049011230469 422.5625305175781
person 0.06766153126955032 354.5064697265625 336.8282775878906 365.9784240722656 359.1829833984375
boat 0.06556259840726852 74.65106964111328 285.28753662109375 169.3388214111328 352.7240905761719
boat 0.05312495306134224 156.91639709472656 313.77557373046875 231.181640625 347.86859130859375
bird 0.05263328552246094 355.34149169921875 364.2038269042969 384.2069091796875 394.0435791015625
