boat 0.986739993095398 42.233455657958984 1.5201228857040405 496.28564453125 326.56610107421875
person 0.6085118055343628 356.82794189453125 149.88999938964844 394.7856140136719 199.67613220214844
chair 0.5157822966575623 360.6391296386719 154.59576416015625 392.99005126953125 200.71148681640625
boat 0.274052232503891 59.866416931152344 161.25428771972656 500.0 332.7286682128906
boat 0.19932647049427032 0.813546895980835 196.4268035888672 78.02928924560547 209.75006103515625
boat 0.1756908893585205 47.518245697021484 9.468684196472168 282.10723876953125 331.7470703125
boat 0.15073814988136292 260.5560302734375 0.0 500.0 246.7497100830078
boat 0.11791231483221054 35.2630615234375 212.2645263671875 54.21739196777344 235.64561462402344
person 0.11057379841804504 361.9156494140625 151.96458435058594 383.0558776855469 194.8316650390625
boat 0.09920947998762131 50.154598236083984 11.72354507446289 178.8152313232422 238.15614318847656
person 0.08511923253536224 354.19805908203125 153.9776153564453 373.8687744140625 202.847412109375
person 0.08358684927225113 184.5412139892578 115.1776123046875 199.17593383789062 158.44540405273438
chair 0.07981999218463898 264.19390869140625 184.24929809570312 297.6802978515625 221.64646911621094
person 0.07618331164121628 47.47575378417969 212.7971954345703 54.005714416503906 233.31954956054688
chair 0.05020095407962799 473.96588134765625 61.66385269165039 500.0 167.5164794921875
