train 0.9903929829597473 324.2198486328125 138.82284545898438 359.2343444824219 172.2242889404297
train 0.9875542521476746 303.05010986328125 130.49356079101562 349.6527404785156 162.16236877441406
train 0.93048095703125 303.6911926269531 133.26531982421875 326.5194396972656 161.6918182373047
train 0.6787406802177429 234.99563598632812 135.90541076660156 271.3077697753906 168.78807067871094
boat 0.46131423115730286 440.7758483886719 136.2207489013672 497.57373046875 166.37939453125
train 0.2508803904056549 336.98760986328125 127.13025665283203 393.7831115722656 173.45932006835938
car 0.23503117263317108 438.6146240234375 151.3759002685547 451.7378234863281 168.9164276123047
train 0.2273796647787094 291.30157470703125 125.15895080566406 303.0973205566406 140.3795928955078
train 0.185208261013031 39.63631057739258 183.0040740966797 76.66505432128906 205.85897827148438
person 0.12281466275453568 454.3593444824219 135.8231201171875 464.4842529296875 163.95155334472656
bus 0.11176031082868576 304.04150390625 130.81964111328125 350.8822326660156 160.1151123046875
boat 0.10642627626657486 383.8643798828125 117.91897583007812 492.1982116699219 358.7536315917969
car 0.1044197753071785 42.0767936706543 182.09439086914062 75.2571029663086 207.6841278076172
car 0.08152958750724792 462.5836181640625 268.07177734375 498.3812561035156 352.47357177734375
bus 0.07082024961709976 303.3111267089844 134.34498596191406 326.8206481933594 164.04554748535156
boat 0.05386007949709892 442.29302978515625 134.58876037597656 491.96929931640625 154.20668029785156
