car 0.9753000140190125 0.0 96.49215698242188 500.0 339.7037048339844
person 0.9525397419929504 352.5455322265625 8.52876091003418 440.53900146484375 104.17073059082031
person 0.8937097191810608 69.44757843017578 36.514060974121094 134.04833984375 106.37472534179688
person 0.8605244755744934 171.11436462402344 128.084716796875 267.8592529296875 218.40719604492188
person 0.8129996657371521 196.5950164794922 45.43235397338867 242.9072265625 96.08718872070312
person 0.5694378614425659 343.329833984375 136.09323120117188 413.4088439941406 214.27723693847656
person 0.5526875257492065 42.687294006347656 13.557411193847656 77.14363098144531 120.15046691894531
person 0.3893304765224457 70.35964965820312 37.73041915893555 135.4095458984375 192.06103515625
person 0.30925318598747253 87.50214385986328 128.1090850830078 265.83392333984375 226.17459106445312
person 0.2581941783428192 427.76397705078125 149.6201171875 490.1058654785156 212.1792755126953
person 0.2058371603488922 371.3779602050781 135.3491668701172 445.96075439453125 212.31936645507812
person 0.19466698169708252 2.087907075881958 2.621046781539917 52.63222122192383 116.96931457519531
person 0.08354701846837997 100.6811752319336 172.44351196289062 139.78875732421875 229.5231475830078
person 0.076644666492939 193.5316619873047 49.797950744628906 261.3556213378906 199.01516723632812
person 0.06602074950933456 48.41225814819336 26.25687599182129 103.75167083740234 114.25997161865234
person 0.05815828964114189 393.3174743652344 140.2418670654297 476.00726318359375 212.88607788085938
car 0.055158376693725586 4.894925594329834 98.777099609375 374.10748291015625 240.991943359375
