train 0.9934455156326294 184.51824951171875 173.75657653808594 333.50982666015625 324.1849670410156
person 0.9753568172454834 134.24014282226562 269.1143493652344 156.9599151611328 330.277587890625
person 0.9044114351272583 0.5876083374023438 275.2724304199219 43.7502555847168 374.9092102050781
car 0.8151907324790955 345.17742919921875 277.4844970703125 381.47393798828125 292.78839111328125
car 0.5149582624435425 54.58351135253906 278.752685546875 78.70319366455078 289.8172607421875
boat 0.3253347873687744 340.5816650390625 294.2713928222656 386.21405029296875 318.40692138671875
car 0.23862692713737488 76.49781799316406 279.4028625488281 87.3980712890625 289.1357116699219
boat 0.1407269835472107 188.91946411132812 161.6316375732422 331.4723205566406 320.5011901855469
person 0.0896003320813179 4.207552909851074 272.75787353515625 10.187527656555176 287.3470458984375
car 0.08859900385141373 348.7867431640625 278.4551086425781 371.5487365722656 290.55865478515625
car 0.07166390866041183 412.500732421875 282.506591796875 429.2210388183594 288.75408935546875
car 0.06573166698217392 359.3504333496094 279.2049865722656 381.8977966308594 291.7050476074219
pottedplant 0.054800380021333694 203.6204376220703 197.2623291015625 236.74375915527344 225.2584686279297
