motorbike 0.9755286574363708 91.85540771484375 48.79979705810547 376.9429016113281 375.0
pottedplant 0.5925060510635376 433.7275390625 156.26998901367188 496.41192626953125 296.7980041503906
pottedplant 0.5718038082122803 251.59024047851562 0.0 490.7938537597656 343.81097412109375
tvmonitor 0.5468124747276306 197.39120483398438 312.7850036621094 298.512939453125 374.814208984375
motorbike 0.20794318616390228 118.55686950683594 152.22898864746094 307.1236572265625 375.0
person 0.1991320103406906 108.7913589477539 49.33855438232422 313.58349609375 359.14373779296875
person 0.11488709598779678 330.6964111328125 217.20362854003906 500.0 361.911376953125
pottedplant 0.10631463676691055 0.029529908671975136 0.0 92.21732330322266 184.86663818359375
pottedplant 0.1033768579363823 424.1502685546875 106.9538803100586 459.6441650390625 208.61654663085938
bicycle 0.08585422486066818 121.37487030029297 32.65281295776367 434.71453857421875 367.1556396484375
pottedplant 0.05805330350995064 332.9989013671875 41.974124908447266 495.1123352050781 305.4033508300781
person 0.05143672600388527 211.65240478515625 6.920514106750488 447.8518371582031 361.19000244140625
