train 0.9573618173599243 8.179020881652832 0.0 371.22186279296875 500.0
person 0.8888766169548035 230.50888061523438 147.0704803466797 264.70074462890625 248.30447387695312
pottedplant 0.3543713688850403 200.6612548828125 325.58929443359375 266.5057373046875 414.0650329589844
pottedplant 0.3190012276172638 209.93017578125 330.62530517578125 266.7135009765625 371.8939514160156
person 0.2373177707195282 120.99187469482422 180.4696807861328 160.89263916015625 304.60980224609375
person 0.18795961141586304 213.57786560058594 196.04014587402344 242.6993408203125 255.06936645507812
person 0.17073951661586761 223.0222625732422 197.36697387695312 241.43649291992188 223.29266357421875
person 0.15994252264499664 232.34300231933594 139.2565155029297 287.7891845703125 255.62820434570312
person 0.11902439594268799 207.70623779296875 149.02340698242188 267.16363525390625 416.7677001953125
bus 0.10823744535446167 4.829277992248535 4.346722602844238 358.7763366699219 500.0
person 0.08649300783872604 199.8035430908203 141.98377990722656 272.0641174316406 255.9235076904297
train 0.06254434585571289 129.8321533203125 0.0 375.0 329.62689208984375
train 0.06014430150389671 212.36915588378906 0.0 370.8531799316406 500.0
