bicycle 0.9844414591789246 66.1987533569336 58.25277328491211 467.5706481933594 306.1186218261719
bicycle 0.8733763098716736 0.0 112.65946197509766 127.27989196777344 349.9068298339844
pottedplant 0.43409135937690735 401.7643737792969 35.503841400146484 495.4337158203125 134.0279998779297
bicycle 0.21767465770244598 7.808499336242676 56.32178497314453 202.81874084472656 333.1427307128906
pottedplant 0.1962091326713562 0.0 96.44652557373047 141.16770935058594 336.39654541015625
pottedplant 0.17908458411693573 415.6565856933594 33.485633850097656 471.8668212890625 115.87382507324219
bicycle 0.1717144101858139 274.99517822265625 63.334964752197266 471.9504699707031 283.1312255859375
pottedplant 0.16716518998146057 179.9503173828125 87.53312683105469 280.449462890625 214.56898498535156
pottedplant 0.1351190209388733 0.0 193.6068572998047 124.86111450195312 353.7914733886719
pottedplant 0.11522267758846283 133.1224822998047 0.6715035438537598 215.81436157226562 121.24156951904297
pottedplant 0.0901055559515953 434.3618469238281 60.25148391723633 495.2697448730469 135.6610107421875
pottedplant 0.07538770139217377 362.2252197265625 47.41393280029297 488.971435546875 235.9124298095703
motorbike 0.07391543686389923 0.0 111.7313003540039 120.41490936279297 344.3876647949219
pottedplant 0.07355400174856186 5.043452262878418 93.74465942382812 168.4991455078125 231.38365173339844
pottedplant 0.05927727743983269 255.4397735595703 105.52424621582031 296.8705139160156 181.71583557128906
pottedplant 0.05788851156830788 0.9997799396514893 0.0 35.64476776123047 49.517398834228516
