bus 0.9907341003417969 104.65784454345703 0.0 487.51715087890625 319.0831604003906
car 0.9421749711036682 0.0 205.36134338378906 110.0042724609375 301.386474609375
bus 0.5652365684509277 97.77662658691406 3.519024133682251 284.6864013671875 321.04351806640625
car 0.25330209732055664 90.48799896240234 213.79904174804688 104.37882232666016 233.86721801757812
car 0.2434842735528946 245.00352478027344 0.0 491.6784362792969 315.16961669921875
bus 0.20671065151691437 94.20240020751953 159.74900817871094 111.63080596923828 228.8290557861328
tvmonitor 0.11436715722084045 249.8341827392578 3.7631561756134033 492.2220153808594 293.90234375
car 0.07021626085042953 0.0 201.61065673828125 4.768685817718506 244.09194946289062
boat 0.06914006918668747 119.74040985107422 2.0448620319366455 493.0546569824219 308.6602783203125
car 0.05942245572805405 0.4143821597099304 204.82159423828125 17.185937881469727 244.79994201660156
boat 0.05822417885065079 101.11673736572266 0.0 258.3531799316406 224.59988403320312
