person 0.9888610243797302 15.244832992553711 102.92524719238281 221.0267333984375 373.4708251953125
person 0.9867849946022034 278.5064697265625 136.07632446289062 499.5954895019531 373.1784362792969
person 0.9803623557090759 155.53233337402344 112.16989135742188 281.8690185546875 247.39039611816406
diningtable 0.9561454057693481 91.2989501953125 223.68418884277344 455.8495178222656 373.731689453125
chair 0.5120088458061218 255.34242248535156 178.7191619873047 335.7967834472656 230.38612365722656
chair 0.41455012559890747 482.7944030761719 209.44390869140625 499.63104248046875 252.91603088378906
bottle 0.38155096769332886 257.5104675292969 218.01718139648438 326.2749938964844 291.1642150878906
chair 0.19652123749256134 0.0 197.802978515625 124.08525085449219 373.9582824707031
chair 0.1305370330810547 330.88043212890625 153.6310272216797 381.09283447265625 235.69766235351562
chair 0.06403700262308121 0.7090532779693604 185.15338134765625 29.31243133544922 307.771728515625
chair 0.06185571849346161 310.7320861816406 210.4700927734375 500.0 365.8182067871094
person 0.05431193485856056 89.86276245117188 108.398681640625 241.10833740234375 305.47027587890625
