sheep 0.9980049729347229 28.039714813232422 190.5375518798828 233.62522888183594 331.1980285644531
sheep 0.9871102571487427 162.50616455078125 240.08047485351562 326.4926452636719 345.6040344238281
car 0.9055672287940979 304.63555908203125 0.46413660049438477 497.28973388671875 202.22276306152344
train 0.5231534242630005 0.0 8.052606582641602 160.72592163085938 193.95132446289062
car 0.24869798123836517 0.0 21.499149322509766 155.2987823486328 190.4285125732422
bus 0.13707077503204346 169.0298614501953 4.0503716468811035 499.2957763671875 188.41062927246094
car 0.12483116239309311 171.48983764648438 4.262673854827881 475.97552490234375 173.3659210205078
train 0.10685553401708603 0.6396291851997375 4.105868339538574 55.67205810546875 175.36903381347656
bus 0.08789102733135223 169.3391876220703 12.971927642822266 333.3100280761719 155.8472137451172
person 0.08654188364744186 1.9189680814743042 24.589319229125977 56.223388671875 169.25848388671875
boat 0.07677292078733444 0.0 11.622125625610352 154.54905700683594 194.89732360839844
train 0.06408871710300446 0.0 64.5529556274414 157.9407196044922 121.39347839355469
sheep 0.05723928287625313 0.9853478074073792 3.776721954345703 55.614990234375 169.8579559326172
bus 0.054425809532403946 4.849968910217285 59.487770080566406 151.98670959472656 189.90960693359375
