cow 0.9855396747589111 170.9800262451172 175.662353515625 417.92901611328125 278.53826904296875
cow 0.7024794816970825 47.844993591308594 227.4798126220703 96.84503173828125 271.9740295410156
sheep 0.5489710569381714 48.14368438720703 228.88739013671875 95.42243194580078 271.3931579589844
cow 0.4919009208679199 14.514771461486816 221.23947143554688 50.20800018310547 263.23321533203125
bird 0.49182191491127014 443.9545593261719 250.75901794433594 466.92388916015625 266.54541015625
sheep 0.25708839297294617 200.1457061767578 243.2083740234375 215.2560577392578 254.1341094970703
sheep 0.2207743525505066 444.6161193847656 250.98194885253906 467.28656005859375 265.7879638671875
bird 0.20312975347042084 145.69854736328125 243.83717346191406 168.72633361816406 265.8612060546875
sheep 0.15440578758716583 145.51792907714844 244.52996826171875 168.95700073242188 266.8224792480469
cow 0.10902206599712372 5.120982646942139 220.0637969970703 36.3780632019043 255.28211975097656
sheep 0.07866954058408737 377.02587890625 6.054106712341309 500.0 55.8326530456543
sheep 0.0782497376203537 82.63751220703125 253.38922119140625 112.89229583740234 270.9786071777344
person 0.06673584878444672 37.322654724121094 231.5333251953125 49.54203414916992 257.93328857421875
person 0.06350423395633698 3.1453235149383545 222.11492919921875 29.882627487182617 272.2578125
sheep 0.05369872227311134 172.42320251464844 175.4911651611328 418.12835693359375 279.1827392578125
