bird 0.9691670536994934 76.21419525146484 30.968185424804688 343.9695739746094 322.0726013183594
sheep 0.933897078037262 0.3002570867538452 8.701489448547363 235.9809112548828 218.84765625
sheep 0.39633825421333313 57.150917053222656 19.487911224365234 311.9087219238281 319.54632568359375
bird 0.23205476999282837 6.414927959442139 8.540542602539062 285.5976867675781 257.70220947265625
cat 0.19685612618923187 76.92263793945312 24.489286422729492 345.5152893066406 326.5001525878906
sheep 0.12902913987636566 2.6644861698150635 6.0309600830078125 137.88735961914062 160.52957153320312
bird 0.12484759092330933 22.344879150390625 195.88360595703125 176.10035705566406 328.1651611328125
pottedplant 0.11920560896396637 170.58470153808594 0.0 490.22991943359375 130.8410186767578
pottedplant 0.11876179277896881 96.91769409179688 0.0 239.57322692871094 80.7624740600586
pottedplant 0.0992358922958374 231.3001708984375 0.0 367.4132995605469 105.91995239257812
sheep 0.09563237428665161 136.68728637695312 22.64609718322754 333.6625671386719 242.15985107421875
cat 0.08627697825431824 28.54570198059082 155.27146911621094 329.6541442871094 328.9511413574219
sheep 0.0852927565574646 15.055968284606934 153.2041473388672 329.53924560546875 325.2245178222656
bird 0.08356586843729019 1.691422462463379 82.55220031738281 182.74037170410156 311.3324279785156
sheep 0.07365741580724716 0.0 134.02427673339844 184.14456176757812 320.8589782714844
pottedplant 0.07062281668186188 68.13357543945312 26.86293601989746 361.5337219238281 350.7882385253906
sheep 0.06924710422754288 67.15524291992188 201.21295166015625 181.9099884033203 325.11383056640625
pottedplant 0.0628528818488121 0.0 7.555235862731934 240.982421875 318.5552978515625
diningtable 0.056275591254234314 0.0 71.09001159667969 486.4071350097656 344.10797119140625
bird 0.054350245743989944 87.05013275146484 201.5251922607422 179.43553161621094 312.9988708496094
