bus 0.9987456798553467 87.31612396240234 45.54402160644531 403.98626708984375 290.9615478515625
bus 0.944383978843689 56.43452072143555 140.50714111328125 87.06584930419922 199.69976806640625
person 0.9424688220024109 225.80784606933594 139.68638610839844 271.6890563964844 187.74488830566406
car 0.930294930934906 464.32635498046875 162.87474060058594 499.3684387207031 243.75390625
bus 0.904691219329834 87.26223754882812 67.2219467163086 205.6186981201172 258.89154052734375
bus 0.7601490616798401 85.62273406982422 54.295597076416016 140.00082397460938 246.76681518554688
bicycle 0.5806693434715271 433.1534729003906 180.4469757080078 473.28045654296875 235.2013702392578
bicycle 0.4330328404903412 398.3324890136719 180.75938415527344 433.4764404296875 232.2358856201172
bus 0.3596726655960083 85.1300277709961 131.2381591796875 127.76802825927734 206.65345764160156
bus 0.30199259519577026 58.551963806152344 136.3331756591797 116.73714447021484 200.50439453125
bus 0.2917711138725281 73.86463928222656 94.8124008178711 228.88638305664062 204.2317657470703
bus 0.262233704328537 23.891817092895508 142.8924102783203 83.27240753173828 198.6063995361328
bus 0.22791552543640137 80.5982666015625 58.78843307495117 293.6026916503906 214.50845336914062
bus 0.22638216614723206 52.898155212402344 135.30970764160156 193.38449096679688 201.62896728515625
bus 0.2187492549419403 206.81089782714844 48.23851776123047 402.25836181640625 212.69113159179688
bus 0.11338597536087036 94.9104232788086 132.5704345703125 121.46393585205078 191.5026397705078
person 0.09657355397939682 314.22711181640625 108.90215301513672 349.0597229003906 190.57566833496094
bicycle 0.08864542096853256 392.3203125 183.15493774414062 410.4300231933594 225.2386474609375
bicycle 0.08038309216499329 407.7377624511719 180.75228881835938 453.8692626953125 230.6642608642578
person 0.07261519879102707 299.60992431640625 157.38755798339844 335.1703796386719 190.61270141601562
bicycle 0.06021662801504135 452.4252624511719 191.15777587890625 475.5744934082031 236.33493041992188
bus 0.05854741856455803 89.32833099365234 95.37447357177734 128.85499572753906 146.0252685546875
