person 0.996207594871521 101.61949920654297 93.54440307617188 386.72119140625 375.0
tvmonitor 0.8394657969474792 314.8730163574219 114.35340118408203 427.47332763671875 193.83819580078125
bottle 0.8039860725402832 59.96491241455078 147.9073486328125 72.65531921386719 185.545654296875
tvmonitor 0.7842574119567871 362.9787902832031 119.70003509521484 433.0966491699219 189.69329833984375
chair 0.6861000657081604 145.84173583984375 225.24032592773438 270.9087219238281 371.0023498535156
chair 0.4158060550689697 78.29065704345703 255.68641662597656 134.38034057617188 289.4123840332031
chair 0.3885645568370819 473.9689025878906 8.769392967224121 499.734619140625 102.89620971679688
tvmonitor 0.3729478716850281 424.9144592285156 97.92967224121094 497.90826416015625 375.0
diningtable 0.32673269510269165 2.7603378295898438 167.03224182128906 120.60588836669922 281.1284484863281
chair 0.32098037004470825 151.6594696044922 242.65673828125 243.60545349121094 317.8686828613281
tvmonitor 0.30001452565193176 100.40354919433594 86.09976959228516 134.77810668945312 111.34825134277344
chair 0.16711477935314178 131.06011962890625 176.20223999023438 260.1253356933594 314.637451171875
pottedplant 0.14906874299049377 118.78916931152344 87.21015930175781 144.9604034423828 141.6363525390625
tvmonitor 0.1177452951669693 269.8290100097656 111.57713317871094 392.68243408203125 190.59620666503906
bottle 0.11746538430452347 62.309810638427734 148.14930725097656 70.32846069335938 163.1150360107422
diningtable 0.10249791294336319 0.0 168.44656372070312 154.8262176513672 363.52923583984375
chair 0.10174258798360825 50.62786865234375 128.1938018798828 91.23674774169922 139.29736328125
diningtable 0.09226316958665848 3.2591042518615723 262.3154602050781 208.40704345703125 371.7265930175781
bottle 0.08646885305643082 3.6815946102142334 204.80831909179688 58.88282012939453 218.36512756347656
chair 0.07716716080904007 41.62504577636719 135.27871704101562 94.62582397460938 183.1772003173828
chair 0.07420406490564346 147.0858917236328 194.52284240722656 194.83865356445312 314.3299560546875
chair 0.06330087780952454 473.87762451171875 11.019542694091797 493.77838134765625 48.05304718017578
chair 0.05597633868455887 148.93783569335938 236.58396911621094 179.6922607421875 313.4287109375
chair 0.05258175730705261 130.91432189941406 159.07484436035156 332.02606201171875 373.9645690917969
