diningtable 0.9335362315177917 74.34832763671875 282.7614440917969 359.03155517578125 474.8709411621094
chair 0.8994157910346985 124.21464538574219 256.59027099609375 259.391845703125 495.8603820800781
chair 0.7762202024459839 53.39292907714844 233.29269409179688 141.416015625 442.7441711425781
pottedplant 0.7304575443267822 169.2373046875 162.8583221435547 277.7164611816406 289.6535949707031
chair 0.7118192315101624 252.2890625 234.89817810058594 347.71661376953125 411.2643127441406
pottedplant 0.6847949028015137 168.12954711914062 153.79490661621094 208.85597229003906 246.3048095703125
pottedplant 0.6052557229995728 67.59523010253906 150.13587951660156 112.9285659790039 243.5804901123047
sofa 0.5528355836868286 306.38299560546875 345.2247314453125 374.89215087890625 467.2732238769531
sofa 0.5255410671234131 55.56232452392578 250.10020446777344 316.464599609375 474.2190856933594
chair 0.32167017459869385 149.29110717773438 229.78338623046875 312.2470703125 471.4455871582031
diningtable 0.3137562870979309 234.67625427246094 264.3773193359375 359.6881408691406 406.50848388671875
person 0.23459437489509583 87.0274429321289 152.97274780273438 281.33355712890625 446.4171142578125
chair 0.2058725506067276 307.5888977050781 352.7985534667969 375.0 466.7254333496094
pottedplant 0.17856788635253906 154.83860778808594 157.11865234375 300.7264099121094 408.22113037109375
chair 0.15839022397994995 219.05422973632812 225.8027801513672 313.6864013671875 410.1343994140625
diningtable 0.14934323728084564 63.96479034423828 275.4582824707031 363.5656433105469 378.0991516113281
sofa 0.13969171047210693 48.50753402709961 235.85963439941406 145.30422973632812 438.9985656738281
chair 0.11691074818372726 248.86056518554688 239.48878479003906 314.26165771484375 357.6567077636719
person 0.10611601918935776 247.7047882080078 229.623291015625 310.0783996582031 405.2556457519531
dog 0.09951496869325638 244.36282348632812 340.189697265625 316.6247253417969 477.0611572265625
chair 0.09158399701118469 53.38449478149414 238.64173889160156 125.93028259277344 358.3280334472656
sofa 0.08317828178405762 151.9850311279297 234.65562438964844 351.7907409667969 397.04888916015625
pottedplant 0.07406294345855713 175.22412109375 165.68592834472656 244.502197265625 263.8117980957031
chair 0.07261998951435089 109.03398132324219 193.11080932617188 158.24932861328125 241.82418823242188
chair 0.0701158419251442 230.13290405273438 233.67425537109375 307.8510437011719 295.6401672363281
sofa 0.0661715716123581 126.96604919433594 268.1394348144531 261.79937744140625 494.2419738769531
dog 0.05498034134507179 107.94585418701172 304.6675720214844 297.2759704589844 477.5287780761719
sofa 0.05266118049621582 50.340370178222656 230.86239624023438 319.69598388671875 350.19036865234375
pottedplant 0.050333622843027115 144.66966247558594 159.86016845703125 164.52500915527344 198.0707550048828
