dog 0.9860706925392151 2.9285717010498047 93.4992904663086 309.3990783691406 494.5668640136719
chair 0.7905375957489014 1.8324387073516846 54.680335998535156 116.27050018310547 285.7135925292969
cat 0.28267398476600647 11.247668266296387 129.7467041015625 279.91790771484375 483.6366271972656
chair 0.23643651604652405 0.24017572402954102 59.46122741699219 192.4107208251953 353.4327392578125
diningtable 0.13954907655715942 0.0 238.21917724609375 375.0 500.0
chair 0.1096702367067337 0.09564220905303955 189.12353515625 27.76972198486328 310.6036682128906
sofa 0.08370978385210037 0.0 185.84548950195312 360.0948791503906 497.39349365234375
diningtable 0.08303675800561905 166.0348358154297 319.99041748046875 375.0 498.3565368652344
chair 0.08163165301084518 0.0 187.24057006835938 368.1212463378906 500.0
chair 0.06362860649824142 0.0 100.7492446899414 44.19359588623047 254.5332489013672
