tvmonitor 0.9761344790458679 252.14370727539062 171.44796752929688 354.36871337890625 268.8533935546875
tvmonitor 0.975375771522522 122.0589370727539 163.561767578125 253.95921325683594 275.4405517578125
tvmonitor 0.9580504298210144 47.66067886352539 184.10501098632812 126.11080169677734 262.6407775878906
chair 0.9474157691001892 0.0 218.156982421875 117.3722152709961 373.5980224609375
person 0.8738822340965271 136.10459899902344 179.6339111328125 178.02798461914062 247.9647979736328
person 0.807178258895874 278.3841552734375 191.52293395996094 308.2734680175781 236.9185791015625
chair 0.7896053194999695 116.9921646118164 257.40289306640625 350.9069519042969 375.0
chair 0.17682166397571564 150.57562255859375 324.5346374511719 347.492919921875 375.0
tvmonitor 0.1335899531841278 42.75629806518555 146.421142578125 99.3404312133789 192.427001953125
tvmonitor 0.10913369804620743 442.0337219238281 159.94647216796875 497.2628173828125 278.7305603027344
pottedplant 0.0729028508067131 403.6882629394531 363.4853820800781 454.87841796875 375.0
person 0.07014849781990051 432.0472412109375 140.524169921875 461.1946716308594 166.2391357421875
chair 0.06986360251903534 51.99205780029297 295.53173828125 117.55598449707031 374.0322570800781
tvmonitor 0.06701569259166718 1.486261248588562 191.57725524902344 51.31466293334961 264.1813659667969
chair 0.05159252882003784 207.84483337402344 366.3041076660156 350.90380859375 374.3085632324219
