boat 0.8899900913238525 2.4490628242492676 12.349702835083008 475.5559387207031 239.07838439941406
boat 0.8372222781181335 1.577833652496338 48.51963424682617 138.52020263671875 261.79705810546875
person 0.7380908727645874 57.4271240234375 6.80360746383667 485.28143310546875 182.96090698242188
boat 0.6808716654777527 2.142369270324707 7.016936779022217 247.2062530517578 172.4964599609375
boat 0.5224362015724182 5.073665142059326 152.05142211914062 139.544189453125 258.9568176269531
boat 0.42405059933662415 2.8505029678344727 86.72884368896484 408.3202819824219 298.9913024902344
boat 0.2867382764816284 0.30227163434028625 4.9853596687316895 145.0543975830078 144.81541442871094
boat 0.13296310603618622 3.7909858226776123 68.52076721191406 223.89495849609375 197.65545654296875
boat 0.10795685648918152 6.189935207366943 71.94876098632812 140.45816040039062 133.67788696289062
person 0.10617022216320038 247.7963104248047 5.5608744621276855 442.1319274902344 151.4821014404297
aeroplane 0.10516638308763504 0.0 74.52996826171875 141.74166870117188 115.14850616455078
boat 0.1017749160528183 5.666025638580322 220.99610900878906 111.35397338867188 261.2850036621094
boat 0.08022959530353546 125.79828643798828 135.0200653076172 475.8567810058594 315.2044372558594
aeroplane 0.07835690677165985 0.0 2.96897029876709 491.471435546875 187.06805419921875
person 0.06513070315122604 91.20195007324219 51.03801345825195 314.31640625 162.2459259033203
boat 0.06322326511144638 10.518377304077148 157.38931274414062 266.1319274902344 262.3746337890625
aeroplane 0.05271992087364197 0.0 118.85022735595703 461.2942199707031 316.9886474609375
