person 0.9918656945228577 57.75312423706055 6.955933570861816 280.9281005859375 258.7718505859375
person 0.9740210175514221 309.3822021484375 4.452166557312012 497.71783447265625 255.078857421875
diningtable 0.9691837430000305 0.0 244.7032928466797 494.5068359375 375.0
person 0.9393561482429504 24.68245506286621 52.28429412841797 104.7314224243164 193.78948974609375
chair 0.42940953373908997 292.6522216796875 174.49322509765625 326.1767272949219 245.87857055664062
person 0.40913310647010803 13.298965454101562 31.284656524658203 176.9357452392578 200.25775146484375
person 0.38772666454315186 66.6706314086914 89.62985229492188 171.393310546875 164.200439453125
pottedplant 0.09874963760375977 0.2862132489681244 0.0 58.46408462524414 149.70147705078125
bottle 0.09057468175888062 1.7946594953536987 5.535063743591309 56.81144332885742 151.2980194091797
pottedplant 0.07574784010648727 0.21215586364269257 62.93324279785156 68.68834686279297 182.11761474609375
person 0.0744875892996788 54.053466796875 84.74007415771484 174.88385009765625 244.98605346679688
pottedplant 0.06140056625008583 1.4244871139526367 108.52568817138672 33.7796745300293 157.04713439941406
horse 0.058324117213487625 71.607666015625 92.05704498291016 161.9284210205078 151.02947998046875
pottedplant 0.05281640589237213 257.1971130371094 130.19503784179688 316.8100280761719 221.23318481445312
