cat 0.985096275806427 249.26136779785156 34.6201286315918 495.34674072265625 254.62893676757812
diningtable 0.8955675363540649 4.490352630615234 210.5791473388672 500.0 332.79888916015625
tvmonitor 0.7571207284927368 223.77130126953125 33.55907440185547 332.3645324707031 215.72618103027344
tvmonitor 0.19341395795345306 242.30918884277344 38.35466003417969 477.4739990234375 245.34068298339844
chair 0.14518553018569946 230.5111541748047 30.40033721923828 336.0698547363281 214.4595947265625
diningtable 0.12918949127197266 37.86056900024414 196.4164276123047 236.48680114746094 229.5121307373047
chair 0.10809029638767242 197.07273864746094 17.29674530029297 500.0 233.15237426757812
dog 0.08685027062892914 244.76438903808594 27.435026168823242 500.0 261.1434020996094
sofa 0.0847916454076767 170.03424072265625 1.508182168006897 500.0 242.36424255371094
person 0.06284177303314209 245.69862365722656 26.49690055847168 489.4688720703125 262.9976501464844
