boat 0.9880131483078003 240.9376678466797 130.43600463867188 394.66351318359375 242.23402404785156
boat 0.9863405227661133 127.02719116210938 128.99896240234375 287.0429382324219 215.4784698486328
boat 0.9775323867797852 365.3035888671875 122.35955810546875 497.784423828125 249.685302734375
boat 0.963773250579834 6.95994758605957 142.45237731933594 160.29701232910156 222.097900390625
aeroplane 0.8126559257507324 29.813697814941406 135.12265014648438 74.90219116210938 169.47149658203125
boat 0.4643440842628479 60.03599548339844 197.3852081298828 149.65383911132812 219.4494171142578
boat 0.4501453638076782 242.82444763183594 130.29425048828125 391.2081298828125 184.71261596679688
aeroplane 0.2664338946342468 31.417156219482422 133.76084899902344 68.07402801513672 153.13389587402344
boat 0.23928992450237274 291.1960144042969 131.73655700683594 436.3131103515625 249.922119140625
aeroplane 0.21294008195400238 28.130695343017578 138.15377807617188 154.48648071289062 182.8709716796875
boat 0.2060784548521042 342.067626953125 133.48220825195312 392.4613037109375 158.5684356689453
bird 0.20146262645721436 31.66683006286621 136.5380096435547 73.32621002197266 168.39959716796875
boat 0.18482716381549835 32.74751663208008 138.00341796875 154.34136962890625 184.6177978515625
boat 0.18076173961162567 149.40330505371094 128.9608154296875 262.6256103515625 170.31155395507812
aeroplane 0.10066907852888107 340.20819091796875 134.1543731689453 391.8941650390625 158.03346252441406
boat 0.0913659855723381 245.17050170898438 127.34793853759766 340.7750244140625 165.28822326660156
bird 0.08579656481742859 261.7989501953125 131.48947143554688 296.2039794921875 153.02896118164062
boat 0.083816297352314 276.27392578125 214.57455444335938 393.05181884765625 247.38589477539062
boat 0.06397099047899246 23.065553665161133 174.4528350830078 138.9700469970703 219.47128295898438
boat 0.0627131387591362 183.19174194335938 128.37557983398438 285.37384033203125 161.8205108642578
boat 0.053744833916425705 363.6859130859375 124.66229248046875 486.4565734863281 183.71566772460938
boat 0.05370170623064041 243.21371459960938 173.15277099609375 364.00347900390625 235.29212951660156
