train 0.9962803721427917 50.76355743408203 84.05424499511719 496.4432067871094 275.32342529296875
person 0.7506077289581299 0.7196989059448242 177.38168334960938 13.678603172302246 211.47157287597656
person 0.698503315448761 487.7978515625 172.91415405273438 499.568359375 332.9481201171875
person 0.49135544896125793 488.2367248535156 166.8182373046875 498.748291015625 258.84869384765625
person 0.3270379304885864 0.03660731762647629 179.57931518554688 5.090672492980957 215.5002899169922
bus 0.25945430994033813 254.3074493408203 83.6097640991211 496.84124755859375 303.5523376464844
sofa 0.23017644882202148 326.16668701171875 225.36990356445312 496.2351989746094 330.73211669921875
person 0.2251674234867096 452.68798828125 164.16542053222656 467.97064208984375 176.916259765625
bus 0.1917603462934494 414.02996826171875 126.45582580566406 490.1488952636719 209.22421264648438
train 0.11456581205129623 46.71577072143555 119.67729949951172 337.98626708984375 230.02996826171875
boat 0.07942614704370499 405.54931640625 183.9185028076172 483.0376892089844 235.16273498535156
chair 0.051824238151311874 327.9007568359375 228.4072723388672 500.0 327.9261169433594
