person 0.9733670949935913 375.76287841796875 1.9919013977050781 468.7003479003906 175.16363525390625
motorbike 0.9679021835327148 0.7315272688865662 15.640640258789062 240.09381103515625 226.46853637695312
motorbike 0.9605985879898071 33.858524322509766 33.7696533203125 451.2586975097656 370.0509338378906
person 0.8817362189292908 1.2860486507415771 3.5982728004455566 40.071475982666016 81.33612060546875
person 0.87470543384552 164.87139892578125 0.5766642093658447 211.51193237304688 90.8924789428711
motorbike 0.8133183121681213 23.24051856994629 0.7105207443237305 73.46479797363281 82.932373046875
person 0.7670159339904785 455.2028503417969 0.0 495.3638610839844 375.0
person 0.6712890863418579 86.82136535644531 1.1663353443145752 118.19007110595703 43.027076721191406
motorbike 0.6531270146369934 296.0855407714844 0.0 373.2198791503906 38.883384704589844
motorbike 0.6250205039978027 220.46688842773438 0.0 374.4836730957031 94.24043273925781
person 0.44222503900527954 371.16259765625 5.234827995300293 493.10614013671875 307.1011047363281
bicycle 0.3693099617958069 291.9391174316406 0.0 375.9393005371094 37.99715042114258
motorbike 0.3656090199947357 236.64419555664062 0.0 379.8243713378906 45.24687194824219
person 0.36380141973495483 245.64126586914062 0.6652021408081055 276.04193115234375 44.043190002441406
person 0.294946551322937 125.37393188476562 1.931920051574707 205.1334228515625 90.59207916259766
person 0.2467644214630127 117.12751007080078 2.8971076011657715 179.35116577148438 69.18191528320312
person 0.1685784012079239 90.58892059326172 1.944969892501831 145.850341796875 46.0982666015625
person 0.15865612030029297 461.1443786621094 1.9211196899414062 498.9743957519531 181.98069763183594
motorbike 0.15259003639221191 1.193549394607544 78.94841003417969 77.73873901367188 229.02890014648438
motorbike 0.13094720244407654 4.8764142990112305 42.57947540283203 135.48744201660156 224.14825439453125
person 0.12244867533445358 372.4615173339844 0.7415914535522461 404.3727722167969 64.7527084350586
motorbike 0.10967011749744415 189.79891967773438 25.564498901367188 455.81817626953125 305.2194519042969
person 0.10948827117681503 274.5445556640625 10.578289031982422 467.8063659667969 313.3988342285156
motorbike 0.08899622410535812 0.7417296171188354 2.4261116981506348 55.662803649902344 79.50262451171875
motorbike 0.08858741074800491 54.76707458496094 20.20175552368164 235.4266815185547 147.1949462890625
motorbike 0.08257987350225449 0.9517419338226318 6.9368791580200195 70.45458221435547 140.83343505859375
motorbike 0.0737881138920784 235.6041259765625 1.9161701202392578 445.69927978515625 210.06568908691406
car 0.07247267663478851 218.82492065429688 3.47025990486145 392.326416015625 97.80435180664062
bicycle 0.06057531386613846 238.5885772705078 2.1241683959960938 354.4447021484375 35.94062042236328
bicycle 0.054414864629507065 229.4053497314453 4.7534284591674805 369.3677062988281 73.23674011230469
