car 0.9958956241607666 4.222161293029785 24.280799865722656 486.35150146484375 366.69989013671875
car 0.9844128489494324 0.0 7.257299423217773 155.8528594970703 250.76280212402344
car 0.40473678708076477 0.9068458676338196 24.00188636779785 148.3477325439453 117.10479736328125
car 0.18155869841575623 3.6830294132232666 39.22908401489258 150.1000518798828 85.66458129882812
car 0.1792077124118805 454.5494689941406 41.168827056884766 497.5902099609375 96.62677764892578
tvmonitor 0.12116096913814545 55.64634323120117 126.29959869384766 306.7651672363281 270.71014404296875
person 0.08155311644077301 3.925706386566162 54.3249397277832 46.11758041381836 83.05657958984375
tvmonitor 0.07607962936162949 25.580888748168945 34.86539840698242 478.7836608886719 356.4715576171875
person 0.07131414115428925 261.3794250488281 302.5758361816406 349.97528076171875 374.4002685546875
car 0.07044641673564911 25.436588287353516 111.63196563720703 328.61907958984375 281.9800720214844
tvmonitor 0.06632174551486969 110.392578125 155.94436645507812 182.5706329345703 217.2874755859375
