chair 0.9763704538345337 162.26397705078125 9.319596290588379 500.0 315.2208251953125
person 0.9473121166229248 230.87730407714844 42.71394348144531 466.87445068359375 315.76153564453125
diningtable 0.7739431262016296 54.92146301269531 299.8251037597656 498.4524230957031 374.69854736328125
chair 0.596426784992218 218.30020141601562 139.22274780273438 494.49853515625 304.9761962890625
chair 0.39391377568244934 153.62896728515625 20.16604995727539 295.4680480957031 333.93011474609375
chair 0.3726220428943634 373.82354736328125 144.1280975341797 486.8105773925781 303.19549560546875
chair 0.34916597604751587 205.47413635253906 4.241681098937988 500.0 155.25234985351562
chair 0.15133219957351685 3.530176877975464 8.304433822631836 356.045166015625 373.0523681640625
bottle 0.10544750839471817 412.1044921875 7.415177822113037 448.9323425292969 149.7690887451172
diningtable 0.069169782102108 0.0 24.63226318359375 500.0 355.01153564453125
