chair 0.9615866541862488 190.3362579345703 212.33766174316406 370.56201171875 373.2044372558594
chair 0.913514256477356 34.072174072265625 205.51553344726562 160.56204223632812 375.0
tvmonitor 0.6291620135307312 458.034423828125 184.59877014160156 492.11846923828125 232.3992156982422
pottedplant 0.6213318109512329 371.7422790527344 176.17138671875 496.07281494140625 364.92364501953125
bottle 0.5363553762435913 115.2140121459961 168.7822723388672 128.89962768554688 212.47293090820312
diningtable 0.10670313239097595 33.851898193359375 192.8380584716797 277.68048095703125 363.58056640625
tvmonitor 0.08972960710525513 427.61505126953125 184.57485961914062 491.0536804199219 237.28997802734375
chair 0.07750558108091354 55.43090057373047 342.4919128417969 158.2898712158203 374.4548645019531
bottle 0.07329338788986206 70.13710021972656 180.15713500976562 86.5604476928711 205.23609924316406
chair 0.0572352260351181 340.0115966796875 312.79803466796875 500.0 375.0
