sheep 0.9799754023551941 114.33692932128906 187.2092742919922 145.8217315673828 222.65179443359375
sheep 0.9703876376152039 141.9221954345703 189.27008056640625 186.40170288085938 224.82305908203125
sheep 0.9468114972114563 314.38751220703125 106.17750549316406 360.03521728515625 138.1774139404297
sheep 0.9229843616485596 169.47189331054688 159.18031311035156 245.3086700439453 223.43362426757812
sheep 0.9145835638046265 257.673095703125 124.57112121582031 284.6413879394531 137.8127899169922
sheep 0.8677023649215698 194.0153045654297 119.23271179199219 206.3777618408203 134.76458740234375
sheep 0.7748134732246399 211.562744140625 123.60700988769531 251.17236328125 135.73193359375
cow 0.26063480973243713 171.47885131835938 162.27256774902344 249.58827209472656 222.14047241210938
car 0.2058653086423874 122.44502258300781 111.7031021118164 153.92359924316406 131.70584106445312
aeroplane 0.19359922409057617 3.0493686199188232 79.58963012695312 49.20343017578125 114.9832534790039
sheep 0.1625909060239792 191.78152465820312 160.9295654296875 246.10475158691406 205.2547149658203
cow 0.1548706591129303 315.31939697265625 106.09666442871094 360.9064636230469 138.17811584472656
cow 0.08896643668413162 211.8357696533203 122.53673553466797 252.96910095214844 134.5934295654297
aeroplane 0.057006895542144775 109.27326202392578 91.93070983886719 156.9462890625 132.3336639404297
