train 0.9886693358421326 9.559922218322754 260.66265869140625 231.97952270507812 341.8065490722656
train 0.8708555698394775 8.865385055541992 257.7919616699219 113.49662780761719 336.5570068359375
car 0.6450394988059998 224.79986572265625 302.3782958984375 246.62356567382812 312.3672180175781
car 0.4881560206413269 245.02757263183594 301.6348876953125 264.4402160644531 310.302734375
train 0.23292236030101776 3.3298990726470947 193.3856964111328 230.78277587890625 357.50018310546875
train 0.22505874931812286 177.89895629882812 278.674560546875 224.08531188964844 318.5647277832031
train 0.21800975501537323 7.938673496246338 304.22802734375 128.29644775390625 338.8371276855469
car 0.2123921811580658 221.3632354736328 296.1781921386719 246.22195434570312 313.9296875
aeroplane 0.17523658275604248 5.831328392028809 258.8781433105469 112.54940795898438 330.9991149902344
car 0.1458258181810379 177.9302978515625 280.1712646484375 224.6888885498047 317.75238037109375
train 0.12363000959157944 105.99323272705078 275.7349548339844 225.8636016845703 317.6911926269531
aeroplane 0.09289795160293579 97.59980010986328 270.9562072753906 212.0531463623047 310.4737548828125
bus 0.09250245243310928 178.54063415527344 279.9146423339844 224.32412719726562 319.14013671875
aeroplane 0.09122391790151596 1.1042628288269043 257.8636474609375 203.85887145996094 323.17279052734375
car 0.06653282046318054 192.67166137695312 301.1545715332031 204.50421142578125 313.03240966796875
car 0.06082792580127716 293.7234191894531 297.8802795410156 312.8548889160156 306.4590148925781
train 0.055084485560655594 0.0 258.498046875 323.8482666015625 398.2994079589844
