car 0.963703453540802 158.70074462890625 162.6640625 324.7978820800781 205.4774932861328
car 0.8692721724510193 0.0 76.94126892089844 35.86665344238281 99.82535552978516
person 0.5481123924255371 248.67007446289062 161.91818237304688 267.72015380859375 182.6498565673828
aeroplane 0.44577521085739136 118.04518127441406 133.70899963378906 488.2946472167969 210.8429718017578
person 0.27908244729042053 70.53145599365234 80.16345977783203 78.83335876464844 89.81941223144531
aeroplane 0.2751271724700928 115.58915710449219 54.25564193725586 496.6625061035156 211.2882537841797
car 0.23199018836021423 99.9216537475586 72.08738708496094 123.32076263427734 89.00930786132812
car 0.20521724224090576 199.74366760253906 52.919429779052734 212.71192932128906 58.72367858886719
aeroplane 0.20118871331214905 0.0 42.9749870300293 31.30495834350586 55.19881057739258
person 0.17184211313724518 110.72119903564453 71.0719985961914 123.24632263183594 88.5668716430664
car 0.1252308189868927 0.10593583434820175 42.70195388793945 30.803133010864258 55.27500915527344
car 0.08467285335063934 304.79278564453125 168.8409881591797 329.7032470703125 191.1734161376953
sheep 0.0621417835354805 156.3912353515625 79.7256851196289 165.2282257080078 88.7878646850586
car 0.05853234604001045 42.558223724365234 49.05117416381836 59.70751190185547 55.157676696777344
aeroplane 0.05792476609349251 486.78826904296875 64.85757446289062 500.0000305175781 76.64836883544922
