bottle 0.9894434213638306 144.80711364746094 4.829807281494141 213.77369689941406 227.73182678222656
bottle 0.9857543706893921 325.3087463378906 0.4144477844238281 386.9600830078125 209.37930297851562
person 0.977067232131958 406.2646179199219 3.0530834197998047 499.0743103027344 206.55996704101562
diningtable 0.780073881149292 18.896936416625977 222.33770751953125 500.0 369.8129577636719
boat 0.6712892651557922 216.73471069335938 168.3416748046875 326.77899169921875 217.35980224609375
person 0.5740385055541992 12.311209678649902 8.85328483581543 313.82855224609375 227.09970092773438
bottle 0.4592793881893158 2.5594918727874756 3.685641288757324 42.163063049316406 241.2480926513672
person 0.15462903678417206 15.453474998474121 126.8794174194336 243.78724670410156 213.8798370361328
person 0.0962517261505127 2.2315335273742676 5.691890716552734 158.95278930664062 235.95755004882812
diningtable 0.09114564955234528 0.0 244.16790771484375 246.5653839111328 370.846923828125
pottedplant 0.09068184345960617 1.321150302886963 0.0 44.149288177490234 233.9157257080078
diningtable 0.0880887433886528 4.232123851776123 135.8689727783203 500.0 330.9291687011719
person 0.06986548006534576 252.58497619628906 0.0 485.7674255371094 218.31044006347656
diningtable 0.0522281751036644 30.183717727661133 160.78123474121094 500.0 262.512939453125
