bottle 0.9568955898284912 6.196703910827637 20.086305618286133 63.47653579711914 169.34446716308594
diningtable 0.8032643795013428 0.0 92.21194458007812 500.0 375.0
bottle 0.7785194516181946 130.82086181640625 18.379751205444336 178.9421844482422 106.87266540527344
cat 0.7720434069633484 10.987945556640625 93.4466781616211 258.5915832519531 267.3936462402344
pottedplant 0.6443697214126587 344.4898376464844 0.0 455.55865478515625 154.8140869140625
pottedplant 0.5194376707077026 206.79025268554688 25.977245330810547 278.25067138671875 117.35760498046875
bottle 0.4907993972301483 174.4687957763672 67.49263000488281 225.8968505859375 124.29039001464844
dog 0.44619861245155334 1.1435503959655762 97.62194061279297 263.7309265136719 266.9745178222656
pottedplant 0.29664304852485657 279.9883728027344 22.98465347290039 356.9027404785156 135.05044555664062
person 0.27360817790031433 3.088054895401001 2.6418685913085938 99.4289321899414 107.70661926269531
chair 0.12251240015029907 0.0 100.98622131347656 243.75796508789062 331.74200439453125
pottedplant 0.08619764447212219 287.5959167480469 59.376121520996094 341.91387939453125 134.5341339111328
chair 0.07502355426549911 0.0 143.384521484375 130.89427185058594 375.0
chair 0.06349574774503708 385.73809814453125 55.35106658935547 499.3124694824219 209.73776245117188
bottle 0.06340274959802628 187.76608276367188 67.03673553466797 208.03448486328125 96.63959503173828
