person 0.988062858581543 115.32244110107422 24.890417098999023 204.88320922851562 203.2503204345703
person 0.9512991309165955 163.13902282714844 27.776527404785156 248.2294921875 128.36878967285156
person 0.9344828724861145 314.23321533203125 42.23762512207031 388.03460693359375 190.04641723632812
person 0.9273607730865479 435.37835693359375 1.6806563138961792 496.9553527832031 160.47727966308594
person 0.9044946432113647 229.54689025878906 34.800621032714844 321.99517822265625 162.39791870117188
person 0.8285211324691772 343.1070251464844 9.963802337646484 366.1461486816406 70.75066375732422
cow 0.8272198438644409 195.5914764404297 128.9773712158203 356.5049133300781 240.4177703857422
boat 0.46260201930999756 41.98529815673828 98.14362335205078 117.78926849365234 138.42333984375
person 0.4366576373577118 238.41075134277344 77.63416290283203 259.4117736816406 117.0604476928711
boat 0.426726371049881 299.1123046875 55.179500579833984 494.7641906738281 264.8262939453125
boat 0.34182149171829224 157.664794921875 3.8198494911193848 469.9171142578125 261.6748046875
person 0.33450847864151 187.133056640625 29.37973976135254 296.1652526855469 152.76800537109375
person 0.27644720673561096 198.46961975097656 62.234989166259766 342.5343933105469 209.73794555664062
sheep 0.1802651435136795 195.92323303222656 129.11106872558594 355.8162841796875 243.50685119628906
person 0.1683797389268875 223.63507080078125 77.76007080078125 260.70489501953125 129.1348876953125
person 0.16401396691799164 240.90927124023438 78.79080963134766 258.1391296386719 93.57828521728516
dog 0.15156927704811096 190.38172912597656 133.35250854492188 356.81756591796875 241.18357849121094
boat 0.14966735243797302 31.175992965698242 165.4928741455078 80.67188262939453 183.68814086914062
aeroplane 0.1428152173757553 0.0 1.137974500656128 406.431884765625 109.6378173828125
person 0.1306600421667099 319.417236328125 45.000335693359375 433.1382751464844 217.01084899902344
person 0.10599594563245773 264.5531311035156 37.56488800048828 365.416015625 151.52940368652344
chair 0.10551129281520844 381.0749816894531 58.27336502075195 440.47705078125 103.60100555419922
person 0.10217469185590744 116.80863189697266 109.68190002441406 192.59742736816406 204.1895294189453
boat 0.09832271188497543 0.0 0.6256242394447327 385.4714050292969 232.4534454345703
diningtable 0.09239161759614944 252.47637939453125 140.94842529296875 483.73699951171875 259.40313720703125
boat 0.0917021632194519 385.36297607421875 33.752506256103516 494.0865173339844 226.99024963378906
boat 0.0886625126004219 18.4604434967041 147.49551391601562 93.2275390625 170.6289825439453
person 0.0845370963215828 440.33935546875 0.9946781396865845 470.8017272949219 157.23565673828125
boat 0.08375217765569687 1.7563862800598145 74.1451644897461 150.9765625 177.4810333251953
boat 0.07906193286180496 70.7226791381836 132.81475830078125 145.15464782714844 158.9892120361328
boat 0.07256568223237991 393.204833984375 14.063323974609375 433.23309326171875 40.8829345703125
person 0.06539356708526611 402.7394104003906 3.406059741973877 473.4909362792969 149.88612365722656
boat 0.0629255622625351 376.32611083984375 57.37996292114258 439.3116455078125 97.61544036865234
boat 0.06208529695868492 14.75805377960205 158.3499298095703 87.10260009765625 188.37147521972656
diningtable 0.060455407947301865 146.64601135253906 126.55315399169922 425.56097412109375 242.95582580566406
car 0.06027112901210785 194.6512451171875 121.47723388671875 355.5445556640625 233.84799194335938
boat 0.05743355304002762 118.50931549072266 4.629095554351807 409.6224670410156 171.14158630371094
boat 0.05338925123214722 32.651756286621094 154.88372802734375 89.24417114257812 169.05487060546875
pottedplant 0.052066244184970856 384.2328186035156 21.867088317871094 496.28631591796875 234.71920776367188
person 0.050597645342350006 359.96484375 20.31730079650879 491.0470275878906 182.9685821533203
