chair 0.8840864300727844 167.02125549316406 147.00440979003906 368.0039367675781 404.9433898925781
diningtable 0.8552581667900085 38.78345489501953 135.17318725585938 341.14642333984375 400.9842834472656
chair 0.8430080413818359 4.113500118255615 149.770263671875 156.9600067138672 378.13800048828125
diningtable 0.8119619488716125 30.87723159790039 128.6217498779297 321.0914611816406 256.6772155761719
tvmonitor 0.7099561095237732 0.0 334.7557067871094 100.32351684570312 496.08477783203125
chair 0.6988486051559448 217.69386291503906 108.49736785888672 314.2744445800781 244.9422149658203
pottedplant 0.695448100566864 192.02978515625 78.64237213134766 251.91944885253906 160.6791534423828
chair 0.5976386666297913 35.930362701416016 135.48036193847656 183.7158660888672 310.5546569824219
chair 0.29219886660575867 129.8196258544922 169.77249145507812 196.0447540283203 293.4405212402344
chair 0.2613406181335449 226.80941772460938 148.46849060058594 373.7037353515625 278.2554016113281
chair 0.2404104769229889 17.867624282836914 144.24746704101562 145.10739135742188 261.9534606933594
chair 0.19262251257896423 200.72137451171875 108.0035629272461 313.9129333496094 156.75921630859375
diningtable 0.15234506130218506 133.9426727294922 220.207275390625 375.0 500.0
diningtable 0.13856388628482819 131.1461639404297 152.17491149902344 276.5536193847656 258.89227294921875
chair 0.12646983563899994 220.9078826904297 169.1699676513672 298.3985595703125 242.93429565429688
person 0.1250755339860916 268.716552734375 12.414084434509277 327.9788513183594 148.85691833496094
diningtable 0.11909458786249161 28.0040283203125 157.95838928222656 214.10276794433594 305.50811767578125
person 0.11858528852462769 295.38848876953125 18.246448516845703 330.74163818359375 147.7375030517578
tvmonitor 0.10782422870397568 321.6630859375 3.025656223297119 372.5533142089844 154.06259155273438
chair 0.10709508508443832 154.1133270263672 168.95751953125 274.9080505371094 395.91876220703125
chair 0.10300610959529877 276.8562316894531 199.22557067871094 371.90313720703125 396.600341796875
diningtable 0.09462261945009232 3.8914847373962402 175.07655334472656 219.2347869873047 386.95867919921875
chair 0.07144484668970108 160.8489532470703 174.14913940429688 202.35496520996094 298.0326843261719
chair 0.06789333373308182 170.83041381835938 103.39414978027344 312.6527099609375 339.4275817871094
chair 0.056207649409770966 113.588623046875 267.6086120605469 308.7440185546875 404.6595153808594
pottedplant 0.05347130820155144 185.2037353515625 79.47187805175781 253.1102294921875 234.58653259277344
