person 0.9943693280220032 266.9825744628906 2.523439407348633 497.3447265625 411.0
tvmonitor 0.8433858752250671 0.0 47.44350814819336 135.08587646484375 295.0542297363281
motorbike 0.6976515054702759 7.590259075164795 226.72264099121094 139.73660278320312 411.0
bottle 0.6811925768852234 300.5107727050781 272.49688720703125 394.2588806152344 359.47015380859375
bicycle 0.6087215542793274 109.52849578857422 79.64640045166016 483.8304138183594 381.2915344238281
car 0.3390258848667145 91.53504943847656 148.8910369873047 107.23362731933594 175.59063720703125
bus 0.19764891266822815 13.406794548034668 75.24832916259766 128.6917724609375 245.1555938720703
chair 0.1620071679353714 137.91737365722656 82.6191635131836 499.9999694824219 402.75311279296875
car 0.15581907331943512 102.6910400390625 159.25070190429688 132.8278045654297 225.04531860351562
sofa 0.09119591861963272 126.0963363647461 90.49752044677734 491.0440979003906 402.1739807128906
chair 0.0790378600358963 330.0757751464844 173.96969604492188 499.9999694824219 407.4394226074219
chair 0.0755004808306694 404.3096618652344 232.78204345703125 499.9999694824219 409.7423400878906
bicycle 0.07311105728149414 11.718420028686523 73.36683654785156 349.1785888671875 400.06402587890625
car 0.06635387241840363 9.825020790100098 230.7169647216797 140.4813995361328 372.1794738769531
motorbike 0.05973642319440842 0.0 97.20661926269531 171.7222137451172 388.1005554199219
person 0.05620193108916283 189.13482666015625 191.8409423828125 262.5514831542969 287.4419860839844
person 0.051661912351846695 80.14478302001953 163.82655334472656 96.45520782470703 237.8284454345703
car 0.05137011036276817 102.41131591796875 102.8960952758789 133.0009765625 232.98565673828125
