bus 0.9968541264533997 66.96015930175781 99.49982452392578 336.3393249511719 294.48486328125
bus 0.9948721528053284 362.4582214355469 89.74181365966797 499.1047668457031 316.356689453125
person 0.9892181158065796 348.21551513671875 223.60597229003906 375.3221130371094 302.00299072265625
boat 0.9814767241477966 59.19911193847656 46.7057991027832 170.69778442382812 72.5115966796875
car 0.9253407120704651 331.8668212890625 162.3226776123047 366.114501953125 208.3472900390625
bus 0.9025090932846069 333.07012939453125 123.24982452392578 368.2855529785156 163.55235290527344
bus 0.6866323947906494 332.33563232421875 137.3988494873047 354.55535888671875 163.38217163085938
person 0.5850588083267212 324.46087646484375 210.2949981689453 344.6408996582031 253.84132385253906
car 0.49770796298980713 349.59521484375 149.53768920898438 365.8880920410156 165.28440856933594
person 0.3049681484699249 334.0350036621094 216.3621368408203 343.79986572265625 254.2990264892578
bus 0.20378564298152924 336.78521728515625 121.79552459716797 412.583984375 164.13380432128906
person 0.18805168569087982 93.64268493652344 45.37251281738281 102.3818359375 67.95057678222656
car 0.16955740749835968 332.5831298828125 135.8783416748047 355.5045166015625 163.41021728515625
boat 0.16815398633480072 51.77622985839844 15.610963821411133 172.8844757080078 76.31198120117188
boat 0.1271645575761795 27.145122528076172 48.30315017700195 62.89209747314453 58.99479675292969
person 0.09516116231679916 322.8189392089844 210.128173828125 340.6165466308594 236.72120666503906
person 0.05836082994937897 95.83287811279297 47.86684036254883 103.47439575195312 74.63761138916016
person 0.051534391939640045 299.77532958984375 93.35697937011719 311.19708251953125 113.57299041748047
boat 0.05145490914583206 288.6539306640625 39.29753112792969 307.2058410644531 55.04813766479492
