car 0.9924334287643433 32.34859085083008 131.51422119140625 475.2783203125 335.7662658691406
car 0.45240747928619385 390.0051574707031 68.49769592285156 408.31048583984375 78.94293212890625
car 0.36631840467453003 317.52630615234375 56.89896011352539 359.46478271484375 81.33393859863281
car 0.2493540346622467 369.88726806640625 144.56809997558594 471.8053283691406 186.68670654296875
car 0.24847985804080963 379.5909729003906 56.00609588623047 422.34906005859375 80.86526489257812
car 0.12530159950256348 363.13934326171875 146.08688354492188 479.29681396484375 217.56593322753906
bus 0.09478837996721268 381.5400695800781 56.360084533691406 421.7542724609375 80.55020904541016
car 0.09381214529275894 224.83419799804688 140.29498291015625 478.3280334472656 288.80377197265625
pottedplant 0.06937448680400848 26.1541805267334 0.0886988639831543 182.4985809326172 90.78993225097656
car 0.06531774252653122 396.849365234375 70.50894165039062 408.1954345703125 79.01602935791016
pottedplant 0.05248319357633591 6.435308456420898 51.280174255371094 194.94346618652344 294.7322998046875
