motorbike 0.9753565788269043 3.785038709640503 27.525657653808594 472.31451416015625 326.8874816894531
person 0.8777933716773987 445.5777587890625 107.6474609375 497.4815368652344 373.994873046875
person 0.8563098311424255 271.32940673828125 66.82496643066406 354.35516357421875 150.4796905517578
person 0.8256480097770691 466.28533935546875 92.06936645507812 497.5204772949219 174.16278076171875
person 0.7276349663734436 427.9981994628906 79.9137191772461 453.7697448730469 155.82737731933594
person 0.5216600894927979 269.4864501953125 69.1572494506836 355.4780578613281 229.72471618652344
person 0.4610615372657776 428.24420166015625 80.19647216796875 449.21435546875 124.74829864501953
motorbike 0.3730967044830322 0.8906710147857666 24.43751335144043 153.12237548828125 332.6036682128906
person 0.1252305805683136 118.304443359375 0.8620870113372803 203.38414001464844 82.46440887451172
person 0.11368516087532043 27.683029174804688 2.3025083541870117 203.64215087890625 171.6495361328125
person 0.1039092093706131 181.8332977294922 0.6601095199584961 206.14466857910156 69.29505920410156
person 0.09400573372840881 2.427879571914673 274.5097961425781 50.64085006713867 371.826171875
car 0.07912562787532806 0.0 275.856201171875 49.89484786987305 374.1402282714844
motorbike 0.0773748829960823 2.786947727203369 2.6915502548217773 198.21185302734375 214.73629760742188
person 0.0665215402841568 123.20831298828125 0.35056114196777344 337.7909240722656 294.5450744628906
person 0.06006160378456116 106.01461791992188 5.5321455001831055 203.80325317382812 135.64479064941406
motorbike 0.05676288530230522 2.9405770301818848 35.47198486328125 110.65184783935547 214.79977416992188
