cow 0.9806774258613586 214.9004669189453 48.58025360107422 500.0 374.84075927734375
cow 0.928573727607727 131.8892822265625 183.123779296875 450.8628234863281 371.7541198730469
cow 0.34076693654060364 356.962646484375 71.95639038085938 499.2348327636719 370.96966552734375
sheep 0.3384198546409607 121.96473693847656 166.94161987304688 437.1186828613281 375.0
sheep 0.23290112614631653 131.3131103515625 20.98729133605957 295.23687744140625 174.0303955078125
cow 0.21701067686080933 92.82249450683594 19.55280303955078 433.966796875 333.19561767578125
cow 0.19173775613307953 211.66412353515625 42.8106803894043 387.28717041015625 271.530029296875
sheep 0.17679361999034882 8.567838668823242 17.991064071655273 260.111572265625 209.0851287841797
sheep 0.14641179144382477 361.69732666015625 70.54424285888672 499.3300476074219 375.0
cow 0.13683360815048218 16.743457794189453 6.196682453155518 310.2903137207031 225.3643798828125
boat 0.11240288615226746 97.83069610595703 0.0 397.13446044921875 185.93344116210938
sheep 0.09109816700220108 206.933837890625 47.718414306640625 498.71746826171875 375.0
chair 0.08792144060134888 104.8869400024414 92.04983520507812 204.7173614501953 176.9602813720703
dog 0.06487584114074707 350.67950439453125 85.44685363769531 500.0 371.009765625
aeroplane 0.06451413780450821 84.3150405883789 74.01495361328125 267.9006652832031 181.93247985839844
sheep 0.053170960396528244 88.39765930175781 71.97708892822266 262.29083251953125 180.3877410888672
