sheep 0.98380047082901 81.60128784179688 413.5818786621094 142.88156127929688 465.9078674316406
sheep 0.9266809821128845 142.16644287109375 371.4404602050781 182.026123046875 389.2978820800781
sheep 0.9075905680656433 268.1819763183594 328.0982666015625 331.39154052734375 426.5479431152344
sheep 0.9041650295257568 102.3798828125 356.735107421875 142.6649932861328 380.7223815917969
sheep 0.8621533513069153 209.45323181152344 183.65611267089844 247.84109497070312 217.3667755126953
sheep 0.8330954313278198 291.8843688964844 140.25494384765625 327.86444091796875 170.12063598632812
sheep 0.7255139946937561 11.19311237335205 63.996742248535156 38.29011917114258 92.86804962158203
sheep 0.6482805609703064 194.34515380859375 31.122325897216797 214.1783905029297 42.431007385253906
sheep 0.6434740424156189 280.53753662109375 29.063133239746094 300.3807373046875 47.21419906616211
cow 0.5523310899734497 101.7703857421875 357.3487243652344 143.53143310546875 379.8116455078125
sheep 0.317558616399765 45.808258056640625 85.02269744873047 75.36664581298828 111.3519515991211
sheep 0.2578553557395935 316.6100158691406 51.45909118652344 332.0 72.06548309326172
sheep 0.24410229921340942 38.37858200073242 48.295860290527344 67.26907348632812 73.22203063964844
sheep 0.12611156702041626 249.02467346191406 108.64161682128906 276.1954040527344 135.4646453857422
sheep 0.12251722067594528 280.57696533203125 53.08245849609375 300.6103210449219 74.88418579101562
sheep 0.10959021002054214 48.3807373046875 49.4485969543457 78.82487487792969 72.9209976196289
sheep 0.10197408497333527 0.24721243977546692 123.799072265625 13.219429016113281 157.93186950683594
sheep 0.05644376203417778 301.3714904785156 96.3370361328125 327.63677978515625 122.81263732910156
