tvmonitor 0.9805594682693481 136.41549682617188 61.43526077270508 261.76177978515625 175.15060424804688
tvmonitor 0.9481812715530396 0.46541813015937805 83.69964599609375 86.05236053466797 230.13316345214844
person 0.8077114820480347 161.06979370117188 90.10142517089844 220.72879028320312 135.03140258789062
person 0.5140238404273987 217.17922973632812 86.37510681152344 248.91534423828125 134.8585968017578
bottle 0.3445400595664978 2.1014528274536133 280.5946044921875 48.62617492675781 320.5240173339844
tvmonitor 0.28451311588287354 149.86509704589844 78.49166107177734 246.68295288085938 149.82623291015625
bottle 0.2662140130996704 0.3258667588233948 221.47903442382812 22.889192581176758 274.5656433105469
tvmonitor 0.18884499371051788 165.10983276367188 7.9325151443481445 487.1715087890625 294.84564208984375
bottle 0.12750846147537231 336.737548828125 317.4320068359375 425.75482177734375 375.0
bottle 0.12556777894496918 0.7655553817749023 319.9969482421875 68.78047943115234 375.0
