bus 0.941153347492218 27.413063049316406 50.667667388916016 401.13958740234375 288.7046203613281
car 0.8061814904212952 0.34396666288375854 83.10169219970703 84.33917999267578 284.0481872558594
bird 0.7833037376403809 226.3921356201172 101.39356231689453 248.74844360351562 116.78948211669922
bus 0.7313863039016724 454.2198181152344 98.92900085449219 500.0000305175781 290.0
car 0.6451913714408875 15.615579605102539 59.8718376159668 331.9471130371094 270.7947692871094
bus 0.5879220962524414 20.556486129760742 216.4799346923828 390.53692626953125 289.50250244140625
train 0.3588775098323822 0.0 45.53669357299805 397.9886169433594 289.8770446777344
train 0.3549978733062744 454.02484130859375 105.1045150756836 499.53857421875 289.4898681640625
chair 0.3359799385070801 2.06756591796875 79.94866943359375 95.63353729248047 290.0
car 0.32250767946243286 6.466567516326904 84.69698333740234 173.22410583496094 269.4591064453125
bird 0.2339499145746231 145.0604705810547 156.1011199951172 194.4074249267578 178.5937957763672
car 0.21834516525268555 1.5162405967712402 81.10075378417969 54.19102096557617 211.89488220214844
bus 0.18907782435417175 0.0 79.26959228515625 58.86539840698242 279.8839111328125
tvmonitor 0.16445326805114746 35.41897201538086 214.53921508789062 334.51708984375 288.0624694824219
train 0.1379312425851822 0.2133769392967224 83.8210220336914 55.01846694946289 206.7081298828125
person 0.09032858908176422 100.26144409179688 108.72765350341797 125.79975891113281 130.3812255859375
bus 0.0724417045712471 8.75616455078125 73.87702941894531 211.45339965820312 250.74302673339844
boat 0.05394808202981949 24.37507438659668 51.515926361083984 412.58648681640625 290.0
