horse 0.8840351700782776 42.33568572998047 20.174959182739258 499.2723693847656 357.0
aeroplane 0.40935543179512024 141.60264587402344 3.037388324737549 301.783203125 60.583133697509766
boat 0.2957642674446106 117.60906219482422 62.07571792602539 497.5831604003906 355.10675048828125
person 0.25882065296173096 25.081144332885742 304.5027160644531 115.70682525634766 357.0
train 0.18275269865989685 46.266719818115234 43.863155364990234 496.6097717285156 357.0
aeroplane 0.15843939781188965 40.392601013183594 4.855597019195557 316.3788146972656 164.07281494140625
aeroplane 0.1501440405845642 36.1301155090332 11.385625839233398 500.0 336.1611328125
bus 0.11037388443946838 68.53382873535156 51.19344711303711 485.5446472167969 357.0
boat 0.06387593597173691 167.42332458496094 1.9743188619613647 295.0968933105469 51.95295333862305
bird 0.06341303884983063 93.61531066894531 18.329328536987305 496.8258361816406 352.3157958984375
bus 0.05600747466087341 419.2987976074219 140.7183074951172 497.965576171875 234.23184204101562
aeroplane 0.05121816322207451 129.125244140625 6.227545261383057 335.6148986816406 95.7165756225586
sheep 0.0507756844162941 95.35869598388672 24.7409725189209 500.0 354.8627014160156
