bus 0.9951391220092773 404.0830383300781 148.17898559570312 498.5277404785156 221.65457153320312
bus 0.9914257526397705 226.22500610351562 140.48098754882812 356.98883056640625 227.33470153808594
bus 0.9852508306503296 358.39349365234375 143.2562255859375 404.6291809082031 219.6689453125
bus 0.9841539263725281 0.10329384356737137 142.3862762451172 79.04216003417969 226.76983642578125
bus 0.9772937893867493 84.67134094238281 136.84075927734375 173.19241333007812 230.17665100097656
bus 0.9455639123916626 180.77915954589844 146.24826049804688 229.44529724121094 209.05870056152344
bus 0.8776744604110718 79.31434631347656 153.28570556640625 90.06543731689453 193.18118286132812
bus 0.17173540592193604 223.76673889160156 143.95083618164062 253.64393615722656 212.9063262939453
person 0.16254639625549316 104.7268295288086 155.82730102539062 133.53970336914062 182.044921875
person 0.15746024250984192 12.016488075256348 164.63436889648438 24.69853973388672 188.2917022705078
bus 0.1311657875776291 24.316652297973633 139.66940307617188 142.57705688476562 230.5107421875
bus 0.11594554036855698 198.03201293945312 145.76885986328125 258.6658020019531 210.84068298339844
bus 0.08476205170154572 80.12782287597656 151.85899353027344 102.01488494873047 192.0045166015625
bus 0.06252393126487732 344.70245361328125 145.23260498046875 481.85516357421875 221.98904418945312
train 0.059116169810295105 85.11677551269531 137.7046356201172 179.5485076904297 229.77593994140625
