person 0.9922865629196167 229.39215087890625 133.70565795898438 495.95001220703125 338.0
person 0.8712706565856934 13.266111373901367 3.516531229019165 88.72480010986328 271.1953430175781
person 0.5791376233100891 7.421104907989502 5.305864334106445 152.9859619140625 300.2904357910156
person 0.44241225719451904 23.267887115478516 0.0 78.36227416992188 181.89984130859375
car 0.3008809983730316 146.0218963623047 102.9095687866211 200.9714813232422 142.14585876464844
boat 0.17553022503852844 11.785595893859863 20.06742286682129 168.3955535888672 303.0764465332031
motorbike 0.17303723096847534 209.61825561523438 189.92327880859375 499.0482177734375 338.0
person 0.12495490908622742 145.7207489013672 124.88074493408203 402.9966735839844 336.094482421875
bicycle 0.11231328547000885 130.30270385742188 155.96795654296875 457.6760559082031 338.0
train 0.09255771338939667 113.10281372070312 86.4228515625 500.0 148.04969787597656
chair 0.07219625264406204 5.196488380432129 46.85762023925781 164.5135040283203 301.2586669921875
