chair 0.9415138959884644 38.217308044433594 209.0050506591797 130.8773956298828 360.0390930175781
chair 0.8958050012588501 212.7535858154297 201.6956787109375 310.0535888671875 339.0648498535156
diningtable 0.8128480911254883 138.3744354248047 197.6094970703125 291.8603210449219 353.7686462402344
bottle 0.7529591917991638 109.42645263671875 125.67881774902344 121.97999572753906 172.83599853515625
pottedplant 0.6386571526527405 230.1331329345703 141.07083129882812 288.7794189453125 228.7364044189453
pottedplant 0.5635930895805359 66.63101196289062 84.76383972167969 137.90798950195312 158.62017822265625
bottle 0.4744902551174164 230.52406311035156 116.8849105834961 237.93356323242188 137.4235382080078
pottedplant 0.4701952636241913 108.75811004638672 88.44662475585938 135.84339904785156 162.9250030517578
pottedplant 0.4123390316963196 197.7871551513672 120.59944152832031 207.5740509033203 138.11033630371094
pottedplant 0.39369866251945496 245.2493133544922 64.20806121826172 277.9178466796875 159.5842742919922
pottedplant 0.34184154868125916 390.678466796875 100.7079086303711 469.48114013671875 178.7827606201172
pottedplant 0.3369033634662628 241.7408447265625 131.0994873046875 263.5614929199219 155.26254272460938
bottle 0.27808618545532227 172.57061767578125 141.36708068847656 183.72352600097656 170.37796020507812
bird 0.24819710850715637 289.6535949707031 1.2073450088500977 304.1726379394531 12.384207725524902
pottedplant 0.21298594772815704 182.6773681640625 198.24827575683594 208.713623046875 226.1403350830078
pottedplant 0.14842873811721802 200.8540802001953 135.4658660888672 242.0846405029297 170.72970581054688
bottle 0.14296099543571472 108.65576171875 114.36616516113281 130.59732055664062 167.32664489746094
person 0.12715031206607819 230.5666961669922 117.59300994873047 237.9315643310547 137.4456787109375
chair 0.11896908283233643 22.434307098388672 142.0265350341797 117.11874389648438 325.5955505371094
pottedplant 0.11369314044713974 246.3101348876953 130.94627380371094 262.12115478515625 145.2318115234375
pottedplant 0.10512349009513855 63.35047149658203 29.751419067382812 140.36778259277344 170.17691040039062
pottedplant 0.09803104400634766 234.951416015625 131.37777709960938 263.46881103515625 171.65379333496094
pottedplant 0.08367091417312622 431.3861999511719 122.24139404296875 466.9378967285156 169.0370330810547
diningtable 0.07967871427536011 142.47354125976562 216.0302276611328 274.98095703125 253.29608154296875
chair 0.07691510021686554 262.05755615234375 203.82664489746094 306.97711181640625 306.7315368652344
pottedplant 0.06492922455072403 415.0580139160156 127.01678466796875 445.86029052734375 169.64468383789062
chair 0.06252019852399826 349.16094970703125 222.27444458007812 367.985595703125 271.21343994140625
chair 0.06201475113630295 161.9096221923828 201.98468017578125 284.8896789550781 340.18359375
bottle 0.06170108541846275 156.9857177734375 145.3973846435547 169.45635986328125 169.7389678955078
pottedplant 0.05859813839197159 390.0576171875 149.86158752441406 403.7769775390625 172.76576232910156
