tvmonitor 0.9720825552940369 338.6151123046875 62.86604309082031 500.0 238.00030517578125
person 0.9292969107627869 387.685546875 118.35704040527344 427.7396545410156 180.59361267089844
tvmonitor 0.916759729385376 0.16728843748569489 104.08601379394531 137.7847137451172 254.23516845703125
tvmonitor 0.47942808270454407 151.42593383789062 112.5688705444336 266.0821838378906 234.30015563964844
bottle 0.2930402457714081 174.9816436767578 190.0349884033203 198.72677612304688 231.64134216308594
chair 0.20648500323295593 154.22708129882812 108.37750244140625 267.3910827636719 231.48670959472656
bottle 0.1814316213130951 158.81053161621094 188.3498077392578 195.1726531982422 225.18186950683594
bottle 0.17595486342906952 153.47987365722656 216.24624633789062 196.25234985351562 260.6222229003906
bottle 0.11158612370491028 141.80409240722656 179.58815002441406 194.1371307373047 261.5142517089844
tvmonitor 0.08596546947956085 53.42594528198242 101.31066131591797 165.01852416992188 205.9482421875
tvmonitor 0.06972436606884003 186.15609741210938 231.572021484375 258.97479248046875 303.34649658203125
bottle 0.0650777667760849 394.9279479980469 331.4670715332031 445.9405212402344 374.38641357421875
bottle 0.06378530710935593 251.7154083251953 354.4960021972656 282.11468505859375 375.0
bottle 0.05595173314213753 353.53741455078125 257.09771728515625 398.05078125 280.5703430175781
bottle 0.054680101573467255 394.071044921875 294.01300048828125 425.7950134277344 328.8400573730469
bottle 0.05081510543823242 345.5443420410156 232.24954223632812 386.5403747558594 263.2486572265625
person 0.05041320621967316 361.6084899902344 115.74366760253906 412.5303039550781 168.6555938720703
