dog 0.9823466539382935 155.7705535888672 158.0431671142578 349.262939453125 297.60809326171875
chair 0.6470668315887451 6.105205059051514 34.366363525390625 471.1554870605469 370.0676574707031
chair 0.4628913104534149 13.628589630126953 106.22967529296875 275.3550109863281 295.97247314453125
sofa 0.44128739833831787 3.2057056427001953 45.40886688232422 451.4358825683594 365.4545593261719
person 0.373899906873703 81.93719482421875 42.68318557739258 439.0314025878906 331.7298278808594
chair 0.3241749405860901 220.02951049804688 240.47781372070312 371.4255065917969 370.52911376953125
diningtable 0.2883949279785156 319.3752746582031 145.31378173828125 499.2074279785156 367.9571533203125
chair 0.19688758254051208 161.87411499023438 108.42201232910156 275.63543701171875 183.61495971679688
chair 0.18164153397083282 24.967744827270508 177.15130615234375 361.948974609375 375.0
diningtable 0.17989277839660645 84.22874450683594 307.4768371582031 342.9701232910156 374.8061828613281
chair 0.14677417278289795 108.54026794433594 310.65496826171875 331.35638427734375 373.7405700683594
tvmonitor 0.14083631336688995 348.9295654296875 295.87725830078125 498.4766540527344 373.2571716308594
dog 0.12800057232379913 152.5238494873047 51.371482849121094 438.81109619140625 321.2774963378906
chair 0.11461282521486282 439.63043212890625 2.2533130645751953 500.0 128.3763885498047
chair 0.11259987205266953 225.3592987060547 0.8991122245788574 397.9608154296875 107.29541015625
chair 0.10501337051391602 118.84222412109375 0.0 440.1297912597656 203.3870086669922
chair 0.10068900138139725 138.46788024902344 276.2025451660156 361.3604736328125 366.59246826171875
person 0.08920861035585403 155.28857421875 89.08881378173828 349.2920227050781 317.8748474121094
dog 0.08366621285676956 59.88029861450195 141.668212890625 323.19549560546875 322.0319519042969
car 0.06489874422550201 351.9973449707031 141.99940490722656 496.7957763671875 356.8402099609375
tvmonitor 0.0634131133556366 383.903076171875 151.6064453125 496.96044921875 293.8773498535156
chair 0.05581269413232803 142.5984649658203 70.23678588867188 413.27752685546875 324.88671875
chair 0.05365239456295967 246.0849151611328 64.51432037353516 463.9719543457031 353.0895690917969
