person 0.9618629813194275 49.69572448730469 47.51161193847656 378.5817565917969 257.99176025390625
dog 0.9496492743492126 42.800655364990234 121.4508056640625 278.3682861328125 398.8230285644531
person 0.8914207220077515 58.28520584106445 46.00096893310547 233.8755340576172 232.4562530517578
person 0.8635997176170349 31.56743621826172 41.506011962890625 369.3189392089844 445.7736511230469
sofa 0.6230053305625916 0.0 111.98470306396484 378.7054138183594 470.5514221191406
sofa 0.4115922749042511 0.0 327.02789306640625 382.0145568847656 496.83917236328125
person 0.32798513770103455 211.3129119873047 153.5296630859375 368.2399597167969 245.7848358154297
person 0.2983454465866089 74.18187713623047 220.18617248535156 386.7034606933594 494.6380310058594
dog 0.13966789841651917 56.35528564453125 148.8968963623047 369.42401123046875 472.3708190917969
sofa 0.1255444884300232 0.0 350.1792907714844 186.23104858398438 496.8205261230469
sheep 0.08375514298677444 23.493499755859375 120.06704711914062 272.47076416015625 383.05010986328125
person 0.06728868186473846 28.38585662841797 54.17319107055664 209.3233642578125 389.597900390625
person 0.05427505448460579 172.72650146484375 291.4104309082031 386.9794921875 500.0
