sofa 0.9878399968147278 0.0 0.6810235977172852 494.2773132324219 134.97894287109375
pottedplant 0.9238596558570862 84.21658325195312 5.490016937255859 401.37896728515625 369.0562744140625
sofa 0.6828422546386719 0.03906307369470596 0.6539082527160645 265.0323486328125 118.66090393066406
sofa 0.5769117474555969 234.53587341308594 3.555443286895752 482.2662658691406 119.3861312866211
pottedplant 0.2231263965368271 199.57113647460938 24.947505950927734 387.4337463378906 275.95904541015625
sofa 0.1818891316652298 4.638671875 0.0 272.210205078125 58.823638916015625
diningtable 0.17493130266666412 40.69371795654297 91.14579772949219 499.8390197753906 370.31982421875
chair 0.14798998832702637 240.17483520507812 5.682156085968018 481.7335510253906 118.69316101074219
pottedplant 0.1450941413640976 231.20237731933594 124.41771697998047 338.0040588378906 267.15887451171875
pottedplant 0.12869642674922943 219.3760528564453 31.32242202758789 320.840087890625 258.0417785644531
sofa 0.10986204445362091 51.26110076904297 9.823293685913086 452.5857238769531 329.5619201660156
pottedplant 0.0895865187048912 238.67715454101562 185.82859802246094 299.92388916015625 267.3171691894531
pottedplant 0.07718342542648315 165.72743225097656 141.67555236816406 247.01589965820312 365.40087890625
chair 0.07518298178911209 77.72791290283203 75.50305938720703 225.7391815185547 307.01898193359375
sofa 0.05780380219221115 0.0 0.3948032855987549 500.0 66.9450454711914
