cat 0.985585629940033 45.59663772583008 41.7691535949707 398.9991760253906 324.5375671386719
person 0.6683821678161621 357.17181396484375 3.861941337585449 495.80419921875 123.16238403320312
dog 0.22175568342208862 0.0 27.377975463867188 393.7752685546875 324.790283203125
person 0.12132760137319565 346.2667236328125 8.639395713806152 496.93682861328125 223.5150604248047
person 0.082256980240345 351.1575622558594 1.507317304611206 427.0354919433594 76.67689514160156
chair 0.06152039393782616 248.63352966308594 21.699352264404297 500.0 279.2658386230469
sofa 0.059360321611166 5.275968074798584 6.931405067443848 461.4815673828125 325.0
person 0.05489722266793251 3.259972095489502 40.08018112182617 373.6432189941406 313.76220703125
cat 0.052974291145801544 177.63194274902344 43.24860382080078 402.6776428222656 251.33172607421875
dog 0.050091683864593506 6.456737995147705 137.9375762939453 332.2536926269531 316.3249206542969
