cat 0.9897330403327942 162.5057373046875 185.76373291015625 279.8692626953125 315.1943359375
person 0.8972120881080627 2.2663450241088867 93.60199737548828 64.44347381591797 500.0
pottedplant 0.7908617854118347 60.19023132324219 0.0 374.4734191894531 476.4053039550781
person 0.7686295509338379 11.42204761505127 132.26351928710938 361.89306640625 499.3044128417969
person 0.553676187992096 13.557801246643066 393.6028137207031 304.2577819824219 499.6964416503906
chair 0.4963969588279724 35.557167053222656 175.8975830078125 375.0 493.78314208984375
person 0.1982092261314392 1.18635892868042 84.25262451171875 124.21002197265625 458.13909912109375
sofa 0.18666593730449677 37.96521759033203 58.76902770996094 364.74713134765625 498.9288635253906
pottedplant 0.09101413935422897 137.4351348876953 0.0 375.0 314.9004211425781
sofa 0.08812935650348663 9.151039123535156 390.5426330566406 335.5523376464844 498.6793518066406
cat 0.07425996661186218 34.5033073425293 11.92524528503418 356.0874938964844 483.18017578125
person 0.06083214282989502 1.489180326461792 88.84575653076172 42.155391693115234 290.4447937011719
cat 0.056699130684137344 129.18405151367188 2.367731809616089 360.38909912109375 308.3398132324219
person 0.05589365214109421 1.6532135009765625 289.2035827636719 75.36961364746094 500.0
chair 0.05228262394666672 130.82766723632812 5.414637088775635 375.0 304.9511413574219
