cat 0.9934343099594116 102.05693054199219 65.64729309082031 381.9654541015625 429.4888916015625
sofa 0.5825807452201843 53.28693389892578 384.55889892578125 331.54022216796875 480.9887390136719
dog 0.2060752809047699 93.69208526611328 62.83224105834961 354.5868225097656 432.0841979980469
cat 0.16868938505649567 164.67674255371094 63.21307373046875 365.7447814941406 295.3206787109375
chair 0.15283150970935822 50.371646881103516 131.99684143066406 402.16339111328125 498.31781005859375
tvmonitor 0.13771843910217285 56.87967300415039 118.68473052978516 454.3400573730469 500.0
person 0.11838086694478989 106.81370544433594 45.244998931884766 380.30804443359375 461.10137939453125
sofa 0.09099004417657852 71.07926940917969 296.167236328125 326.53411865234375 481.1210632324219
chair 0.05915957689285278 58.876007080078125 314.6170349121094 347.4227600097656 472.00701904296875
sofa 0.05192144960165024 34.01914596557617 103.95709991455078 473.1826171875 500.0
