cat 0.9955713152885437 10.784442901611328 64.01282501220703 500.0 375.0
cat 0.8040392398834229 0.0 6.416881084442139 489.7975769042969 208.8212890625
cat 0.44001245498657227 5.0526347160339355 125.08433532714844 286.2792053222656 370.48822021484375
cat 0.4388010501861572 6.1980743408203125 2.2649145126342773 260.72723388671875 183.03892517089844
sheep 0.4066028892993927 129.6051788330078 4.6274614334106445 500.0 138.5894317626953
cat 0.2801295220851898 0.7012243866920471 4.832596778869629 190.52685546875 310.05963134765625
sheep 0.13598836958408356 14.293492317199707 3.3353734016418457 251.5525665283203 147.40081787109375
cat 0.11982179433107376 94.99767303466797 2.8930020332336426 367.4995422363281 147.21646118164062
cat 0.06941553950309753 206.20957946777344 52.05708312988281 498.919189453125 307.62646484375
dog 0.05805811658501625 0.0 12.896132469177246 500.0 209.2735137939453
cat 0.05797424167394638 1.7514756917953491 138.97181701660156 141.18153381347656 369.666748046875
