horse 0.9105699062347412 0.0 63.74476623535156 278.4457702636719 375.0
person 0.9048434495925903 248.0732421875 126.32028198242188 461.3102722167969 374.6571960449219
horse 0.7495609521865845 49.90525817871094 17.08047866821289 406.90374755859375 370.6682434082031
horse 0.6185685396194458 189.61460876464844 38.514102935791016 464.6429748535156 374.039794921875
person 0.3994539976119995 239.96351623535156 125.75438690185547 339.8215637207031 374.81329345703125
horse 0.3014400601387024 154.347412109375 104.04315948486328 360.0882873535156 368.0783386230469
horse 0.21136868000030518 124.6029281616211 85.66043090820312 253.6739044189453 372.2055358886719
cow 0.12993335723876953 0.0 87.26567840576172 211.41580200195312 367.6359558105469
person 0.08710455149412155 261.49578857421875 127.24874877929688 487.94952392578125 264.8428649902344
sheep 0.058784350752830505 0.0 1.9136953353881836 29.504880905151367 85.14073944091797
