dog 0.9886455535888672 61.073387145996094 70.98921203613281 246.84878540039062 170.1707305908203
chair 0.7519462704658508 111.52337646484375 3.1615371704101562 254.22561645507812 88.52666473388672
person 0.6153451800346375 271.7952880859375 31.2138614654541 295.55426025390625 73.25432586669922
dog 0.4650276005268097 57.25288391113281 72.29566955566406 151.12733459472656 170.98167419433594
bottle 0.42028382420539856 123.50727844238281 0.0 252.1929168701172 83.41059875488281
chair 0.2714989185333252 100.32752227783203 5.719673156738281 259.1265563964844 165.63528442382812
chair 0.2624305486679077 201.29376220703125 3.1846084594726562 300.0 103.2281494140625
chair 0.20682990550994873 186.1035614013672 3.38543701171875 250.75669860839844 84.70828247070312
cat 0.19322454929351807 77.31733703613281 68.72151184082031 249.08741760253906 151.3772430419922
person 0.16596628725528717 116.93022918701172 0.09867477416992188 251.90548706054688 83.1629638671875
tvmonitor 0.12859317660331726 110.68677520751953 1.8716011047363281 256.11773681640625 79.07296752929688
pottedplant 0.12801125645637512 119.6706771850586 0.0 243.88995361328125 83.59098052978516
person 0.11989422887563705 109.03114318847656 7.78363037109375 246.7239227294922 149.3890380859375
tvmonitor 0.10986044257879257 239.13470458984375 0.3744773864746094 298.9501953125 35.28444290161133
sofa 0.10517969727516174 58.63755798339844 10.894477844238281 289.237548828125 182.4661865234375
tvmonitor 0.09623151272535324 0.0 0.3173370361328125 108.32781982421875 94.35020446777344
car 0.09481071680784225 109.05332946777344 0.0 253.3589630126953 83.79733276367188
bottle 0.0641828402876854 183.47265625 0.0 248.49758911132812 81.49576568603516
chair 0.058434732258319855 248.12496948242188 31.20745277404785 294.5959777832031 71.51885223388672
