sofa 0.9928165674209595 49.61542510986328 51.76128005981445 418.6007385253906 230.2475128173828
person 0.9925729036331177 261.0128479003906 30.844511032104492 358.6123352050781 188.08731079101562
bottle 0.933258056640625 247.61685180664062 129.70428466796875 268.8659973144531 201.85482788085938
diningtable 0.6920381188392639 132.59063720703125 178.052490234375 461.9388122558594 300.0
tvmonitor 0.6606624126434326 407.19873046875 51.559349060058594 444.6959533691406 85.22953033447266
diningtable 0.4719862639904022 0.0 103.1922607421875 76.13890075683594 233.08184814453125
diningtable 0.40609344840049744 0.10240445286035538 102.18767547607422 64.44276428222656 155.80154418945312
chair 0.3835732042789459 4.086554050445557 96.88275146484375 70.18452453613281 229.7228546142578
tvmonitor 0.32958748936653137 438.73675537109375 146.6988525390625 483.9021301269531 210.6737518310547
sofa 0.2947629988193512 208.23675537109375 81.4967041015625 422.39324951171875 184.1125946044922
chair 0.15084561705589294 223.8297119140625 81.46015167236328 417.4404296875 183.62225341796875
person 0.14938947558403015 177.82838439941406 34.47095489501953 350.6563720703125 256.65032958984375
chair 0.14438094198703766 18.484355926513672 94.02886962890625 62.61903762817383 186.4146270751953
person 0.10579423606395721 4.395781993865967 32.74168395996094 69.45777130126953 111.22415161132812
chair 0.09418745338916779 5.846460342407227 42.0223274230957 74.02411651611328 109.7715072631836
chair 0.07629043608903885 61.64718246459961 50.30364990234375 293.7991638183594 231.94053649902344
chair 0.05270425230264664 367.808349609375 150.06761169433594 454.40484619140625 289.9401550292969
chair 0.05114944279193878 20.286331176757812 97.22449493408203 61.48274612426758 112.21148681640625
