sheep 0.989095151424408 96.42340087890625 2.0720911026000977 319.7372741699219 225.26136779785156
sheep 0.9867960214614868 104.18741607666016 2.6690022945404053 491.9085388183594 329.0793151855469
sheep 0.8365864753723145 0.0 85.871826171875 175.6685333251953 257.8948059082031
sheep 0.5435391664505005 74.4263916015625 4.053165912628174 387.1475524902344 110.6834716796875
sheep 0.427642822265625 12.762153625488281 52.66621780395508 237.3701934814453 302.8436279296875
cow 0.26040780544281006 87.36529541015625 0.0 500.0 333.0
sheep 0.18976013362407684 149.43023681640625 3.6617119312286377 478.81439208984375 169.10606384277344
sheep 0.15466003119945526 76.16166687011719 0.0 250.0779266357422 95.1393051147461
sheep 0.14885902404785156 353.5601806640625 25.12204933166504 500.0 313.814453125
sheep 0.12951229512691498 442.1445007324219 106.12466430664062 499.19036865234375 222.69021606445312
sheep 0.1264716386795044 242.77822875976562 4.863753318786621 500.0 247.89561462402344
sheep 0.08004596829414368 55.74402618408203 1.7335450649261475 155.40597534179688 92.73375701904297
dog 0.07540122419595718 355.41900634765625 0.0 500.0 307.1113586425781
cow 0.07493949681520462 0.0312417671084404 78.83800506591797 184.00523376464844 266.4952697753906
sheep 0.07427000254392624 24.806102752685547 253.6024169921875 229.46957397460938 331.54608154296875
