motorbike 0.9692641496658325 4.792229652404785 31.595365524291992 295.8817138671875 430.1477355957031
motorbike 0.6595126986503601 9.362539291381836 51.8662223815918 299.24017333984375 253.4750213623047
car 0.61979079246521 1.0230717658996582 190.33309936523438 167.03842163085938 456.970703125
car 0.5737706422805786 53.87089920043945 24.945749282836914 348.1514892578125 184.7316436767578
car 0.5446310639381409 0.0 221.08290100097656 149.2567901611328 370.89447021484375
motorbike 0.3678131103515625 0.0 128.77212524414062 175.83706665039062 464.4129638671875
motorbike 0.24751387536525726 0.0 85.97541046142578 197.68861389160156 277.26019287109375
chair 0.19258783757686615 5.718776226043701 138.20535278320312 78.75723266601562 238.4756622314453
bottle 0.18399088084697723 27.924448013305664 261.0132141113281 218.15594482421875 494.6717529296875
aeroplane 0.17538705468177795 64.05404663085938 44.73085403442383 358.0 196.24436950683594
car 0.15462148189544678 0.0 128.5187225341797 160.84507751464844 293.2083435058594
chair 0.13223282992839813 88.75989532470703 64.53402709960938 295.7261657714844 213.25604248046875
chair 0.13143835961818695 0.0 107.78910064697266 120.19302368164062 208.1735076904297
bicycle 0.126100093126297 0.0 114.34685516357422 262.291259765625 500.0
car 0.1143634244799614 0.0011471557663753629 125.31092834472656 233.79049682617188 370.0481872558594
tvmonitor 0.08349054306745529 0.0 109.67591094970703 115.81858825683594 204.72998046875
chair 0.07854801416397095 1.9365559816360474 91.95816802978516 178.4558868408203 254.95925903320312
chair 0.06313540041446686 0.0 42.63589096069336 83.43331909179688 121.72822570800781
person 0.06110503897070885 189.04595947265625 345.17218017578125 226.30198669433594 419.3107604980469
boat 0.060327596962451935 99.17122650146484 201.98516845703125 143.8318634033203 228.94374084472656
person 0.05170096457004547 16.120023727416992 45.5044059753418 277.51141357421875 236.18496704101562
