dog 0.6751656532287598 121.61126708984375 7.688512802124023 341.8289794921875 267.9319152832031
dog 0.5662837028503418 144.61048889160156 13.21439266204834 500.0 375.0
horse 0.3759075403213501 184.8292236328125 0.4205131530761719 494.8787841796875 371.4867248535156
cat 0.26109158992767334 197.93763732910156 0.0 497.92242431640625 375.0
horse 0.20989122986793518 111.70314025878906 2.632570266723633 345.0093078613281 297.5475769042969
cow 0.10985774546861649 232.656494140625 0.0 500.0 374.8513488769531
sheep 0.07630691677331924 118.95488739013672 5.56640625 313.16888427734375 262.6768798828125
sheep 0.0761207640171051 240.9940643310547 0.8750438690185547 495.5745544433594 375.0
person 0.07031843066215515 169.08900451660156 0.0 497.3788146972656 375.0
aeroplane 0.05627686157822609 103.52555084228516 243.25186157226562 155.70582580566406 264.6496887207031
