bottle 0.8691792488098145 73.22595977783203 0.0 452.6909484863281 334.0
bottle 0.5351711511611938 233.94476318359375 0.0 417.0223388671875 334.0
bottle 0.49303916096687317 235.11720275878906 40.43293762207031 310.11297607421875 325.7261657714844
bottle 0.4139796197414398 259.5402526855469 40.27901840209961 315.6976013183594 127.90103149414062
bottle 0.2887583076953888 211.54930114746094 12.569723129272461 331.91168212890625 250.2340850830078
bottle 0.2251482754945755 283.2270812988281 38.305908203125 316.8548889160156 111.02983093261719
bottle 0.15645624697208405 188.12176513671875 50.653236389160156 261.3995056152344 325.55889892578125
bottle 0.13948804140090942 182.11663818359375 51.71656036376953 261.8606262207031 137.1338348388672
bottle 0.12294238060712814 324.8314208984375 12.897040367126465 358.0798645019531 98.48817443847656
bus 0.11762536317110062 38.41960144042969 7.804422378540039 429.9338684082031 334.0
chair 0.11647380143404007 181.7200164794922 55.40953063964844 258.5147399902344 135.3760986328125
bottle 0.10983201861381531 259.8798828125 44.12709426879883 314.2886657714844 207.52056884765625
bottle 0.08643557131290436 173.65000915527344 13.11108112335205 278.7063903808594 237.96243286132812
bottle 0.07915649563074112 276.55615234375 38.104862213134766 318.5242004394531 168.8502960205078
bottle 0.07884648442268372 234.62158203125 160.7012176513672 290.6748962402344 232.98831176757812
bottle 0.0775458887219429 75.0679702758789 0.0 143.8430633544922 328.0661315917969
bottle 0.061006639152765274 199.3334503173828 0.6834836602210999 336.2398986816406 137.31890869140625
bottle 0.05623182654380798 281.5232238769531 2.8360228538513184 337.1303405761719 116.85826873779297
