person 0.97713702917099 146.04855346679688 186.66860961914062 217.57534790039062 297.8165588378906
person 0.9697566032409668 228.33152770996094 167.9901123046875 291.57733154296875 338.23248291015625
chair 0.8034898638725281 420.7969665527344 221.50648498535156 459.928466796875 273.3349609375
person 0.7845677733421326 277.66357421875 203.33975219726562 322.52972412109375 298.71026611328125
person 0.5777357220649719 218.61436462402344 202.27664184570312 235.91580200195312 249.1171417236328
person 0.5321444272994995 184.0860137939453 164.86090087890625 198.1957550048828 200.58328247070312
person 0.44749265909194946 171.68995666503906 170.30604553222656 190.21632385253906 224.0825958251953
person 0.3608091473579407 274.56561279296875 57.33157730102539 298.6526794433594 105.80929565429688
person 0.3165636956691742 266.8210754394531 203.83749389648438 306.4686279296875 275.7385559082031
chair 0.22323356568813324 266.83392333984375 232.81524658203125 318.6455993652344 326.4544982910156
person 0.210880309343338 216.6042022705078 201.28277587890625 234.84060668945312 228.50990295410156
person 0.20301170647144318 261.63641357421875 194.1286163330078 314.95172119140625 325.1109924316406
person 0.20276232063770294 13.552254676818848 57.85559844970703 45.03422546386719 187.1005096435547
person 0.19290964305400848 275.62652587890625 202.996337890625 301.17535400390625 234.1439208984375
chair 0.18700478971004486 224.63597106933594 226.79994201660156 314.0111389160156 324.4862365722656
chair 0.17556743323802948 212.58836364746094 223.71434020996094 250.0248565673828 302.0745544433594
person 0.14625965058803558 279.7245178222656 61.21816635131836 299.8218078613281 84.56391143798828
tvmonitor 0.11721298098564148 432.5852355957031 0.0 498.7215270996094 107.68279266357422
person 0.11008060723543167 408.7504577636719 131.41836547851562 487.1250305175781 272.075439453125
chair 0.08577335625886917 0.5507031083106995 236.87525939941406 48.62310791015625 322.3174133300781
diningtable 0.07768170535564423 211.97340393066406 236.57000732421875 319.56378173828125 319.4578552246094
person 0.07326889038085938 175.47364807128906 186.69384765625 218.22511291503906 280.3680114746094
person 0.07108205556869507 186.11590576171875 164.9181365966797 196.54428100585938 180.6363983154297
person 0.05637643486261368 274.3338317871094 56.24281311035156 316.7690734863281 111.7626953125
person 0.05144255608320236 13.829050064086914 58.57763671875 38.368614196777344 107.3940658569336
person 0.05061793699860573 321.4238586425781 26.981781005859375 344.2260437011719 87.77722930908203
