aeroplane 0.9937374591827393 16.371013641357422 133.68545532226562 226.7033233642578 206.81838989257812
aeroplane 0.9904859662055969 301.0328063964844 168.43487548828125 402.69866943359375 200.62698364257812
aeroplane 0.9800829291343689 402.4201965332031 164.50601196289062 493.5264587402344 201.00782775878906
aeroplane 0.9406316876411438 337.9833068847656 165.71652221679688 440.7212219238281 202.54190063476562
aeroplane 0.9401534199714661 238.3426055908203 181.17349243164062 311.0184631347656 201.10540771484375
aeroplane 0.867031455039978 242.7690887451172 170.6256103515625 331.2128601074219 200.360595703125
person 0.7354503273963928 459.2060546875 188.1868133544922 467.2632141113281 204.2469940185547
aeroplane 0.6731314063072205 220.03736877441406 169.7026824951172 250.91424560546875 195.29286193847656
aeroplane 0.49178698658943176 384.40167236328125 163.449951171875 445.3729553222656 195.26341247558594
person 0.4740980565547943 341.3454895019531 196.18801879882812 350.3692932128906 208.24163818359375
aeroplane 0.36598634719848633 188.07107543945312 170.57968139648438 250.43765258789062 203.91517639160156
aeroplane 0.2872849404811859 240.0532989501953 184.18585205078125 281.9342346191406 200.37538146972656
aeroplane 0.2276790291070938 139.92767333984375 161.27401733398438 240.95309448242188 205.1142120361328
aeroplane 0.22238433361053467 396.19281005859375 169.83865356445312 425.8860168457031 180.6942901611328
aeroplane 0.20706935226917267 293.59295654296875 179.99566650390625 322.26214599609375 199.03968811035156
aeroplane 0.17959842085838318 398.7055358886719 180.22210693359375 498.9401550292969 198.72793579101562
person 0.16460007429122925 351.5714416503906 176.77764892578125 366.58270263671875 202.83111572265625
aeroplane 0.12501715123653412 256.3698425292969 165.16868591308594 468.93292236328125 205.64990234375
aeroplane 0.12227784842252731 225.04258728027344 172.29367065429688 280.49267578125 198.49301147460938
aeroplane 0.08671268075704575 344.1986083984375 170.8516845703125 420.38885498046875 195.35513305664062
aeroplane 0.0846266821026802 334.6014404296875 171.91085815429688 389.13055419921875 202.1348419189453
aeroplane 0.08311149477958679 377.18011474609375 174.81500244140625 427.4118957519531 202.1413116455078
aeroplane 0.05602163448929787 395.12384033203125 164.84979248046875 439.7214660644531 183.93296813964844
aeroplane 0.05366184189915657 373.9775695800781 180.45004272460938 407.108154296875 203.01498413085938
