chair 0.9497172236442566 107.82707214355469 28.28866958618164 294.3250732421875 319.9172058105469
chair 0.9440320134162903 306.8785705566406 33.15664291381836 451.2510681152344 282.8257141113281
chair 0.8395297527313232 0.05029129609465599 50.211700439453125 136.9667510986328 320.9648742675781
chair 0.8065062761306763 113.65130615234375 77.4852066040039 244.05532836914062 279.6307373046875
diningtable 0.580848217010498 0.0 16.7668399810791 360.4987487792969 354.5373229980469
chair 0.5534339547157288 203.98941040039062 8.148061752319336 369.15020751953125 276.94427490234375
chair 0.5054173469543457 420.6017150878906 9.07085132598877 498.43206787109375 301.9382629394531
chair 0.4730982780456543 5.0603437423706055 0.0 263.728271484375 327.1617431640625
chair 0.4486447274684906 457.7093811035156 4.597908020019531 499.9013671875 254.63807678222656
chair 0.4483029544353485 1.940604329109192 142.75523376464844 114.64892578125 283.01739501953125
chair 0.4021623134613037 363.25274658203125 62.995582580566406 497.4243469238281 296.2120056152344
chair 0.36877068877220154 90.99699401855469 73.8375473022461 191.25770568847656 274.8622131347656
chair 0.36610329151153564 29.217437744140625 104.65352630615234 176.5819549560547 272.36114501953125
chair 0.34548935294151306 136.44931030273438 5.049744129180908 417.4649658203125 323.1414794921875
chair 0.31586578488349915 0.6423323154449463 145.27630615234375 56.83022689819336 284.41455078125
diningtable 0.28719082474708557 129.40255737304688 40.91861343383789 500.0 303.8730163574219
chair 0.28705689311027527 306.3608703613281 166.57833862304688 376.4390869140625 277.95953369140625
chair 0.284565806388855 369.7607727050781 35.61360549926758 440.7757568359375 132.02098083496094
chair 0.2749549150466919 96.1719970703125 110.47411346435547 153.0323028564453 258.8043518066406
diningtable 0.24758774042129517 0.0 82.36439514160156 276.0777282714844 289.113037109375
chair 0.1931309998035431 312.9361267089844 34.64753723144531 452.87786865234375 161.81661987304688
person 0.16433852910995483 306.20965576171875 2.115231513977051 370.2858581542969 134.77017211914062
chair 0.1619362086057663 469.5437316894531 79.16000366210938 499.3769226074219 243.279052734375
person 0.1617601066827774 193.55284118652344 140.70281982421875 215.55877685546875 170.7635040283203
person 0.13912704586982727 151.20718383789062 218.05714416503906 217.98883056640625 274.6108093261719
chair 0.11509057879447937 357.9403076171875 151.55772399902344 442.8570861816406 273.83148193359375
chair 0.11270690709352493 276.9676818847656 0.4797322452068329 368.79595947265625 129.914794921875
chair 0.0975857749581337 292.9120788574219 12.547578811645508 393.1985168457031 244.38406372070312
person 0.08916997164487839 129.3728485107422 82.74964904785156 233.6697235107422 266.5308532714844
diningtable 0.08333359658718109 0.0 132.91725158691406 170.46287536621094 277.5790710449219
tvmonitor 0.08051254600286484 434.1655578613281 32.510658264160156 452.29815673828125 93.68167114257812
bird 0.058169174939394 194.00653076171875 139.66209411621094 215.7272491455078 169.2564697265625
chair 0.054743003100156784 96.30904388427734 95.1009521484375 167.27252197265625 191.08677673339844
chair 0.05433272942900658 309.51971435546875 136.1700897216797 427.9995422363281 276.4856262207031
