sofa 0.9580500721931458 0.0 4.0796613693237305 500.0 367.0205993652344
cat 0.8930129408836365 0.0 163.25765991210938 478.87744140625 318.7351379394531
person 0.7373442649841309 8.9828462600708 4.093666076660156 493.1268615722656 279.946044921875
person 0.5013507604598999 164.2375030517578 3.5196876525878906 399.1601257324219 196.33143615722656
dog 0.3842799663543701 7.789698123931885 159.57379150390625 436.52081298828125 314.4366760253906
person 0.16927587985992432 6.027822971343994 2.8563737869262695 122.1236801147461 224.05978393554688
chair 0.14381954073905945 32.762718200683594 9.486551284790039 212.15875244140625 193.6538848876953
bottle 0.1192433089017868 52.5917854309082 0.0 210.84812927246094 192.53298950195312
person 0.11723659187555313 39.658138275146484 1.894984245300293 204.72108459472656 194.31246948242188
car 0.10864661633968353 27.46530532836914 0.0 212.82716369628906 193.33059692382812
sofa 0.09749217331409454 0.0 186.3567657470703 500.0 374.905029296875
person 0.06069866567850113 0.9451681971549988 64.04483795166016 87.197265625 230.4838409423828
