bottle 0.9849588871002197 178.97305297851562 87.14331817626953 288.5724182128906 495.8261413574219
cat 0.9730119109153748 38.93020248413086 50.83757781982422 206.3083038330078 412.97882080078125
diningtable 0.5967792868614197 5.471220016479492 386.00225830078125 375.0 499.8065490722656
bottle 0.36804282665252686 21.398147583007812 309.5821838378906 104.28840637207031 445.2168884277344
diningtable 0.31043365597724915 5.984244346618652 242.1254425048828 375.0 490.14697265625
person 0.16377246379852295 302.6591491699219 200.34609985351562 370.5189514160156 263.9056396484375
bottle 0.11988542228937149 104.94408416748047 309.2326354980469 187.29444885253906 435.5468444824219
bottle 0.092889204621315 2.1026980876922607 306.6258544921875 61.43438720703125 428.64251708984375
person 0.06140478327870369 356.8380432128906 197.83705139160156 372.4087219238281 249.0994873046875
cat 0.052537549287080765 138.05233764648438 87.79725646972656 285.6905822753906 486.51409912109375
