person 0.9861069917678833 170.1427459716797 50.83385467529297 496.3490905761719 336.0
person 0.7884925007820129 41.93772888183594 40.57173156738281 326.4139709472656 336.0
car 0.7650418281555176 15.146598815917969 136.97866821289062 93.67015838623047 229.4031219482422
chair 0.5766205191612244 21.035009384155273 132.70565795898438 172.9984893798828 336.0
car 0.4192970395088196 284.82196044921875 96.16617584228516 309.3207702636719 105.71961975097656
car 0.3859812021255493 273.1929626464844 94.43949890136719 470.8251037597656 229.52215576171875
tvmonitor 0.31814104318618774 285.243408203125 103.7051010131836 447.62835693359375 216.4092254638672
car 0.30863580107688904 369.1050109863281 100.83446502685547 388.5328674316406 107.69609832763672
car 0.2175648808479309 14.669184684753418 27.704618453979492 458.44122314453125 294.9081726074219
car 0.2001873403787613 10.94648265838623 109.91217803955078 158.0902099609375 249.5221405029297
chair 0.11440160870552063 72.8447265625 150.82701110839844 382.51995849609375 335.0180358886719
chair 0.08777010440826416 280.97637939453125 143.82337951660156 500.0 335.0365295410156
person 0.07301192730665207 21.38919448852539 97.61792755126953 170.06979370117188 336.0
tvmonitor 0.06702406704425812 11.046539306640625 77.75812530517578 106.78889465332031 142.19935607910156
tvmonitor 0.06293901056051254 220.59280395507812 88.47869873046875 481.865234375 229.33839416503906
car 0.059501711279153824 18.754610061645508 131.7034454345703 167.2377166748047 326.1482238769531
chair 0.05664762482047081 3.2052111625671387 81.38298034667969 151.27781677246094 287.6182556152344
