dog 0.9591667056083679 12.727718353271484 96.79253387451172 287.237548828125 218.5764617919922
sofa 0.7296626567840576 0.0 80.49773406982422 375.0 281.7400817871094
dog 0.2553730309009552 1.645216941833496 119.21878051757812 157.7313995361328 205.31219482421875
sofa 0.23058241605758667 163.814453125 106.11955261230469 373.97271728515625 354.660888671875
dog 0.22619286179542542 139.44810485839844 121.7335205078125 292.2185974121094 202.7386016845703
dog 0.2022138237953186 85.024658203125 77.91999816894531 283.51824951171875 188.46600341796875
bottle 0.1733214259147644 1.3361549377441406 256.313232421875 144.4867401123047 470.1180114746094
tvmonitor 0.1589837223291397 0.0 263.0501403808594 143.4323272705078 461.9712219238281
dog 0.1523669958114624 215.21975708007812 190.37985229492188 295.83453369140625 248.64065551757812
sofa 0.13836421072483063 0.0 186.97723388671875 321.57574462890625 296.5774841308594
person 0.1337955743074417 5.057516098022461 26.987565994262695 362.9686279296875 202.1714324951172
person 0.1322086900472641 39.45044708251953 93.56907653808594 304.3708801269531 190.8651580810547
sofa 0.1271665394306183 220.72174072265625 119.7886734008789 373.58184814453125 269.9004211425781
chair 0.11687358468770981 120.65005493164062 56.66157913208008 279.6651611328125 144.63986206054688
dog 0.08274180442094803 22.09732437133789 135.73695373535156 298.26800537109375 275.0284118652344
sofa 0.05727541446685791 64.40084075927734 52.7292366027832 280.1495361328125 158.49671936035156
sofa 0.05560886114835739 73.56494140625 57.12760543823242 375.0 421.125
person 0.053983379155397415 0.0 85.8461685180664 315.76080322265625 269.4679260253906
