horse 0.9586487412452698 92.74124908447266 106.11968994140625 309.6675720214844 500.0
horse 0.8182216286659241 5.8769001960754395 134.8330078125 142.02130126953125 469.6349182128906
horse 0.20291690528392792 76.81163787841797 133.30482482910156 215.77976989746094 474.9767150878906
dog 0.16408810019493103 77.64366149902344 211.99063110351562 315.0 493.52838134765625
horse 0.11943765729665756 5.327503204345703 131.88726806640625 112.02132415771484 343.652099609375
horse 0.08393073081970215 95.69947814941406 226.84689331054688 175.8828887939453 450.0433044433594
cow 0.07866129279136658 77.093505859375 213.1328887939453 315.0 497.0821838378906
person 0.07596951723098755 105.39830017089844 230.60733032226562 172.818603515625 451.0198669433594
person 0.06863532215356827 9.400979995727539 107.61803436279297 112.82365417480469 399.2409362792969
sheep 0.057200837880373 82.92759704589844 212.24856567382812 309.5388488769531 496.84716796875
cat 0.05511178448796272 79.5284194946289 219.59637451171875 315.0 487.5835266113281
