person 0.9620229005813599 164.96054077148438 241.1486053466797 178.2357940673828 275.5930480957031
person 0.9594035148620605 144.22438049316406 237.6907958984375 159.55784606933594 275.059814453125
person 0.9327649474143982 344.64605712890625 257.4698181152344 357.25543212890625 282.3102722167969
car 0.90301513671875 107.16958618164062 248.3402557373047 116.60404968261719 255.8619384765625
car 0.8916541934013367 86.99272155761719 244.18536376953125 100.48588562011719 264.0146484375
car 0.8760176301002502 54.92351150512695 244.20761108398438 94.88433837890625 275.6874084472656
person 0.7643821835517883 277.61639404296875 258.4687805175781 284.89495849609375 277.74163818359375
person 0.6725971698760986 284.4880065917969 261.4294738769531 291.9989929199219 278.27008056640625
car 0.14017681777477264 381.8516540527344 193.34654235839844 393.7080078125 206.0303955078125
bird 0.1232040748000145 370.3857727050781 153.9081268310547 387.3053894042969 170.17242431640625
sheep 0.11920759826898575 370.0765075683594 154.45458984375 387.60906982421875 170.48341369628906
person 0.09193343669176102 279.90350341796875 259.82452392578125 288.31365966796875 278.53753662109375
person 0.07433518767356873 165.19595336914062 242.26272583007812 173.20199584960938 270.47027587890625
dog 0.06768590211868286 369.68426513671875 154.36343383789062 387.8547058105469 170.00914001464844
car 0.05976323038339615 368.6539611816406 193.542724609375 381.7598876953125 206.2193603515625
car 0.059343382716178894 70.35852813720703 244.33436584472656 97.10067749023438 265.1644287109375
