dog 0.9043072462081909 1.4297014474868774 53.81428527832031 466.3512878417969 317.53594970703125
cat 0.6574132442474365 15.685755729675293 49.74504852294922 432.3172302246094 316.72711181640625
cat 0.46330010890960693 276.63232421875 59.38057327270508 446.2121276855469 223.66709899902344
bottle 0.4351463317871094 6.16211462020874 9.90569019317627 60.31044387817383 181.92051696777344
chair 0.35780856013298035 16.900327682495117 31.434558868408203 213.08145141601562 284.7857666015625
cat 0.2550027072429657 10.876632690429688 39.60584259033203 224.95828247070312 308.97650146484375
dog 0.12088143080472946 8.492220878601074 41.72300338745117 238.60557556152344 313.7933044433594
person 0.10561136901378632 280.7080993652344 185.68235778808594 390.37750244140625 312.01812744140625
bottle 0.09198442101478577 11.839142799377441 3.653759717941284 114.57225799560547 215.81626892089844
bottle 0.07472100853919983 7.693758487701416 2.2974541187286377 247.44358825683594 276.79058837890625
dog 0.05823879316449165 266.02154541015625 59.810874938964844 452.2938232421875 243.5078125
