bus 0.9966654181480408 11.289215087890625 72.7507553100586 143.1661376953125 238.23936462402344
bus 0.9954414367675781 141.5452880859375 105.74735260009766 258.26800537109375 228.62472534179688
bus 0.9947155117988586 267.53631591796875 44.25481414794922 487.50982666015625 264.7278747558594
person 0.8405294418334961 1.5274393558502197 174.31593322753906 10.029767036437988 197.0603485107422
person 0.6993273496627808 253.34922790527344 169.57992553710938 260.1981201171875 202.1729278564453
person 0.3299099802970886 1.7851183414459229 172.03050231933594 6.170627117156982 200.23526000976562
person 0.14921562373638153 87.94043731689453 158.36923217773438 105.20632934570312 190.49888610839844
person 0.13485153019428253 285.3834228515625 172.6502227783203 308.1489562988281 195.67352294921875
person 0.11818063259124756 296.86785888671875 168.08311462402344 309.3955078125 196.19927978515625
person 0.0744679644703865 0.7564853429794312 174.1171875 4.312056064605713 198.3612823486328
bus 0.0686885416507721 443.6804504394531 64.14944458007812 494.15631103515625 247.37181091308594
