dog 0.9873824715614319 116.01534271240234 165.4747314453125 226.08392333984375 339.0104064941406
sofa 0.9212481379508972 0.45867621898651123 0.0 114.27144622802734 303.1875
pottedplant 0.8782127499580383 236.5299530029297 75.9906997680664 415.3233642578125 367.8108825683594
sofa 0.23923757672309875 0.794562816619873 0.0 93.44740295410156 109.21002960205078
chair 0.157466322183609 68.40235137939453 88.33572387695312 116.67414855957031 263.36431884765625
chair 0.07095705717802048 435.76605224609375 133.42835998535156 500.0 284.3883361816406
sofa 0.06463465094566345 5.7705278396606445 6.067171096801758 455.714599609375 327.893310546875
chair 0.06319738179445267 0.0 20.798450469970703 109.1744155883789 297.39697265625
pottedplant 0.062011633068323135 260.6169738769531 76.49958038330078 403.9732666015625 254.92015075683594
sofa 0.05321584269404411 4.951326847076416 0.0 244.48565673828125 298.24041748046875
