cow 0.9909738898277283 67.04422760009766 136.52044677734375 280.2320861816406 376.6700439453125
person 0.9802242517471313 1.1595678329467773 19.195478439331055 177.76731872558594 245.8075714111328
cow 0.978509247303009 226.0919189453125 102.98905181884766 345.5661315917969 359.677734375
cow 0.8207942247390747 3.3151535987854004 159.7333526611328 81.92581939697266 318.9486999511719
cow 0.7950025200843811 7.630329608917236 134.5662384033203 196.2589874267578 337.81939697265625
cow 0.7549296021461487 287.4615783691406 103.40227508544922 347.0 357.2923583984375
cow 0.6900212168693542 178.28787231445312 113.08934020996094 311.9746398925781 367.40313720703125
cow 0.45740070939064026 224.60986328125 161.51878356933594 313.0747985839844 323.4317626953125
cow 0.37442439794540405 309.0796813964844 219.765380859375 346.429931640625 344.09320068359375
sheep 0.36594143509864807 0.03778832405805588 151.58245849609375 83.82785034179688 320.5256042480469
cow 0.30599260330200195 67.23763275146484 156.74273681640625 167.7605743408203 344.2024841308594
horse 0.15514253079891205 1.624037504196167 168.6665496826172 76.05655670166016 314.6836853027344
cow 0.13386748731136322 273.74761962890625 203.27767944335938 342.39501953125 361.463623046875
sheep 0.10392334312200546 309.4804382324219 221.0016326904297 346.2699279785156 343.6119384765625
horse 0.09601301699876785 228.34500122070312 209.6382293701172 332.7392883300781 335.8225402832031
horse 0.0930478423833847 299.76837158203125 215.29676818847656 344.5190124511719 350.1899108886719
person 0.08581794053316116 2.0137414932250977 17.56376075744629 62.558101654052734 74.22193908691406
horse 0.0810253694653511 5.747141361236572 140.04742431640625 180.2141571044922 319.31292724609375
cow 0.06918063759803772 69.51638793945312 147.62648010253906 114.73824310302734 340.689208984375
cow 0.06555775552988052 2.4823477268218994 231.29286193847656 73.26155090332031 311.2756652832031
sheep 0.06197531521320343 225.89935302734375 179.3436279296875 322.9888916015625 328.2290954589844
cow 0.05566069111227989 1.7245097160339355 88.16047668457031 114.66265106201172 311.31982421875
chair 0.05125189200043678 3.4506442546844482 16.785329818725586 63.38497543334961 74.64645385742188
