car 0.9583044648170471 288.78009033203125 1.0024083852767944 344.5209045410156 49.08103561401367
car 0.9548215866088867 212.12060546875 5.7644853591918945 272.1047668457031 61.30497741699219
diningtable 0.830889105796814 0.0 168.76925659179688 375.0 497.1522521972656
diningtable 0.6815193891525269 0.0 187.1479034423828 375.0 342.6097106933594
pottedplant 0.4386867880821228 1.0471343994140625 176.76744079589844 370.1427307128906 500.0
motorbike 0.2563825249671936 0.0 96.85177612304688 31.65674591064453 137.0297088623047
pottedplant 0.11542557179927826 2.4154722690582275 21.74814796447754 72.4784927368164 130.95596313476562
bicycle 0.10411441326141357 0.0 99.80331420898438 33.335018157958984 136.6197967529297
chair 0.08823065459728241 204.771728515625 183.65817260742188 365.8517150878906 226.21607971191406
person 0.07387437671422958 2.2238998413085938 1.1440441608428955 51.55004119873047 43.270999908447266
bird 0.06110239773988724 338.9953308105469 291.1234436035156 365.2776184082031 321.0958251953125
diningtable 0.05079104006290436 170.1268310546875 196.51490783691406 372.9556884765625 320.478515625
