sofa 0.9731069207191467 2.3215198516845703 188.5188446044922 374.2799987792969 489.4432678222656
person 0.9726937413215637 46.00114440917969 15.343070983886719 360.17486572265625 500.0
sofa 0.37022069096565247 41.8345947265625 162.72352600097656 375.0 350.5633850097656
person 0.290272980928421 47.260093688964844 20.11934471130371 256.904541015625 310.0663757324219
bottle 0.18374477326869965 347.3655700683594 475.962890625 375.0 500.0
chair 0.16516658663749695 76.96676635742188 189.35292053222656 375.0 486.0245056152344
person 0.11235368251800537 66.66242218017578 187.9624481201172 299.751953125 495.8706359863281
bottle 0.11099739372730255 64.69217681884766 129.0733642578125 91.04344177246094 157.49368286132812
person 0.10568556934595108 66.05545043945312 128.77786254882812 90.48265838623047 156.0411834716797
person 0.10538675636053085 82.53355407714844 129.17689514160156 98.48651885986328 148.16062927246094
sofa 0.09926370531320572 253.0765380859375 193.31277465820312 375.0 400.11260986328125
chair 0.09563382714986801 254.12606811523438 196.11248779296875 375.0 397.3821716308594
dog 0.09522546827793121 61.04789352416992 159.9260711669922 375.0 343.6127014160156
chair 0.07076427340507507 47.25065231323242 158.6993408203125 375.0 347.8903503417969
person 0.07052302360534668 174.48995971679688 293.6714782714844 278.41619873046875 499.9878845214844
