motorbike 0.9854748249053955 98.2566909790039 136.6792755126953 302.279052734375 333.2808532714844
motorbike 0.9755985736846924 322.0746765136719 139.34445190429688 494.3540344238281 338.0892639160156
sheep 0.9690585732460022 256.45953369140625 165.8151092529297 347.339111328125 219.6543731689453
motorbike 0.9505022168159485 41.83681106567383 100.99987030029297 122.75829315185547 274.3686828613281
person 0.5834353566169739 359.6334228515625 110.21720123291016 409.1889343261719 223.29151916503906
bus 0.5724728107452393 0.07861997932195663 0.0 216.51205444335938 248.73648071289062
train 0.4917994737625122 0.0 5.32131290435791 209.29254150390625 114.97527313232422
bus 0.47728046774864197 0.7542722821235657 2.271984815597534 203.75743103027344 102.92587280273438
person 0.42065760493278503 338.99676513671875 107.49668884277344 418.4429016113281 263.89874267578125
person 0.34897133708000183 364.989501953125 107.11685943603516 407.4014892578125 177.58270263671875
motorbike 0.2342168241739273 324.8039855957031 144.61935424804688 420.6504821777344 274.0881652832031
boat 0.14270561933517456 6.032017230987549 2.0314836502075195 212.69692993164062 95.01814270019531
train 0.10959739983081818 0.0 1.6578412055969238 217.15353393554688 214.60853576660156
motorbike 0.08873497694730759 89.8999252319336 128.3515625 231.3567657470703 279.143310546875
motorbike 0.07310814410448074 48.62493896484375 102.3357925415039 186.6844024658203 268.0616149902344
