bus 0.9926515221595764 101.24701690673828 63.10503005981445 440.4082336425781 358.3092956542969
person 0.9639067053794861 460.5304870605469 255.57049560546875 484.01611328125 306.7937927246094
person 0.9476072788238525 447.4931945800781 254.30340576171875 467.1978454589844 303.84014892578125
person 0.906700611114502 302.53668212890625 223.55172729492188 324.9692687988281 275.99237060546875
person 0.8084932565689087 89.7391586303711 243.7738494873047 98.9363784790039 274.77838134765625
person 0.8003343939781189 148.53097534179688 250.5854034423828 168.63182067871094 269.28997802734375
bottle 0.7989720702171326 202.81277465820312 176.07608032226562 221.3818359375 253.4693603515625
person 0.3435423672199249 452.88140869140625 254.120849609375 474.96051025390625 306.826416015625
person 0.30821821093559265 463.54901123046875 253.3128662109375 473.2413635253906 266.66461181640625
person 0.28167927265167236 305.6048278808594 222.56674194335938 354.8106689453125 277.7233581542969
person 0.2539181411266327 471.4220275878906 256.46600341796875 483.1717834472656 306.5051574707031
person 0.23361478745937347 462.0844421386719 254.10447692871094 472.1999816894531 299.32958984375
person 0.18349279463291168 92.00338745117188 244.38235473632812 98.8966064453125 262.8298034667969
person 0.1737602800130844 83.11698150634766 247.8834228515625 92.40251159667969 275.2533874511719
person 0.13267067074775696 463.6198425292969 253.91119384765625 471.931884765625 277.692626953125
person 0.09462907165288925 457.2796630859375 254.457275390625 468.7166442871094 300.7327880859375
person 0.09240441769361496 304.9344787597656 232.19972229003906 324.61407470703125 259.2081298828125
person 0.05039256438612938 163.95303344726562 157.5272979736328 177.6355743408203 176.80824279785156
