dog 0.9950602650642395 77.28084564208984 66.71337890625 404.0787658691406 251.7042694091797
sofa 0.9668897390365601 0.0 0.0 500.0 375.0
sofa 0.3152290880680084 16.99401092529297 0.0 328.37872314453125 201.76028442382812
sofa 0.23627762496471405 254.60140991210938 0.0 496.9261474609375 145.6136474609375
sofa 0.19133219122886658 131.2291717529297 0.0 274.0859069824219 35.79409408569336
dog 0.16812722384929657 60.034706115722656 36.09824752807617 317.7923889160156 211.84100341796875
dog 0.15781453251838684 166.62339782714844 40.399173736572266 426.2248840332031 340.13116455078125
sofa 0.0648699626326561 0.0 253.45338439941406 488.1384582519531 373.4237060546875
person 0.057464051991701126 281.95904541015625 4.521961212158203 490.83734130859375 134.09405517578125
sofa 0.054486505687236786 118.64794158935547 0.0 500.0 211.97750854492188
