car 0.9942405223846436 0.588010847568512 45.130374908447266 500.0 345.3605041503906
car 0.9472864270210266 325.9752502441406 78.86710357666016 497.234130859375 240.6316375732422
car 0.805732250213623 391.8069152832031 54.86537170410156 495.9603271484375 125.43253326416016
person 0.7911147475242615 396.990966796875 51.19548797607422 413.7659912109375 64.41764068603516
car 0.5896170139312744 4.038478851318359 81.21665954589844 264.84173583984375 258.5345153808594
person 0.4940028190612793 375.2087097167969 52.207618713378906 420.3569641113281 119.13475036621094
car 0.4520406424999237 346.13262939453125 65.6941146850586 498.45001220703125 159.613525390625
car 0.35943135619163513 49.73815155029297 87.25244140625 200.3953094482422 162.3124542236328
car 0.2247871309518814 422.1865539550781 78.74903106689453 497.69952392578125 235.39071655273438
car 0.20626616477966309 135.43601989746094 50.680206298828125 487.6827087402344 235.8959503173828
car 0.15035779774188995 6.9016432762146 71.24317932128906 175.04022216796875 189.86151123046875
car 0.14857356250286102 354.5019226074219 86.02901458740234 439.4712829589844 126.1397933959961
person 0.1136791855096817 395.8130187988281 52.91020965576172 421.533935546875 105.52375030517578
tvmonitor 0.10674475133419037 29.517227172851562 53.80025100708008 158.07620239257812 126.69192504882812
car 0.08395639806985855 284.85772705078125 95.67078399658203 492.26727294921875 316.9356384277344
car 0.05048522725701332 53.37333679199219 106.6170425415039 159.03338623046875 158.40574645996094
