cat 0.9866569638252258 68.52252960205078 20.849239349365234 404.7681579589844 334.40264892578125
cat 0.8436886668205261 2.2454638481140137 1.3748730421066284 182.9614715576172 262.1555480957031
dog 0.3788965344429016 0.0 2.026534080505371 187.2136688232422 313.71942138671875
cat 0.36882397532463074 15.748579025268555 51.38918685913086 274.43017578125 329.6575927734375
bottle 0.27228161692619324 20.05557632446289 225.2384796142578 105.09561920166016 301.1811828613281
person 0.24479469656944275 363.5018005371094 93.52754974365234 498.7326965332031 328.1971130371094
cat 0.21726080775260925 200.25523376464844 6.894677639007568 482.9157409667969 205.0057830810547
person 0.2069769650697708 3.5307037830352783 160.84327697753906 176.8744354248047 335.0
person 0.1520012617111206 2.9904863834381104 0.0 173.3311309814453 329.8319396972656
sheep 0.09867901355028152 1.8940579891204834 0.0 171.13800048828125 290.6060791015625
bottle 0.09506848454475403 6.374129295349121 177.57615661621094 180.60049438476562 321.5238952636719
person 0.06959400326013565 260.3990783691406 1.2819348573684692 459.0890197753906 134.56663513183594
cow 0.06470298767089844 0.0 0.0 176.4764404296875 309.0757751464844
cat 0.06049833074212074 304.51593017578125 64.0369873046875 489.91033935546875 327.1324157714844
