bus 0.9973624348640442 9.35149097442627 23.92104148864746 278.1348876953125 337.6903381347656
bus 0.9940074682235718 276.395751953125 88.46388244628906 484.3449401855469 297.1700134277344
bus 0.9192857146263123 473.420166015625 140.7678985595703 498.44732666015625 241.61233520507812
bus 0.8356267809867859 414.5061340332031 143.68357849121094 500.0 241.44627380371094
bus 0.4701440930366516 419.84326171875 143.38711547851562 485.0574035644531 203.3074951171875
bus 0.4300338625907898 1.0064516067504883 90.55978393554688 14.930769920349121 237.16268920898438
bus 0.3315907418727875 218.18145751953125 105.10084533691406 319.0774230957031 291.43841552734375
train 0.28304776549339294 473.03179931640625 143.25039672851562 498.8772888183594 240.66964721679688
bus 0.24307046830654144 381.42926025390625 113.88756561279297 488.2694091796875 249.700439453125
bus 0.16198623180389404 276.64141845703125 114.45314025878906 322.0884094238281 289.0888977050781
bus 0.13924649357795715 420.5224914550781 149.71658325195312 475.21539306640625 183.35589599609375
car 0.12181729078292847 279.6794128417969 211.33712768554688 308.8191833496094 280.4592590332031
train 0.08001776039600372 418.3414611816406 141.92422485351562 497.4012145996094 239.9160919189453
bus 0.061005305498838425 93.05599975585938 58.26909637451172 435.0788269042969 333.5323791503906
