car 0.9637258648872375 181.52569580078125 286.58990478515625 361.95953369140625 449.0776062011719
person 0.5821926593780518 285.58056640625 320.09515380859375 324.82330322265625 349.760986328125
car 0.35228878259658813 225.52114868164062 209.36328125 374.8793029785156 400.62506103515625
person 0.3096717298030853 252.43637084960938 243.04022216796875 268.3700866699219 287.4312438964844
person 0.2757602035999298 269.8921203613281 317.8428955078125 326.7568359375 358.84735107421875
bus 0.1881624311208725 233.3118438720703 202.23699951171875 370.55615234375 392.8275146484375
pottedplant 0.14886412024497986 1.2397289276123047 0.0 94.99897766113281 493.438232421875
person 0.14008298516273499 373.3177185058594 282.6762390136719 388.34051513671875 309.2059326171875
motorbike 0.1065397635102272 241.1947784423828 222.48043823242188 323.2624816894531 287.02099609375
pottedplant 0.09667164832353592 27.421951293945312 234.38417053222656 89.31498718261719 294.5013122558594
car 0.09644678980112076 307.3583679199219 239.45236206054688 371.61541748046875 395.04296875
bus 0.09556418657302856 307.96844482421875 232.7289581298828 369.8023986816406 388.56243896484375
aeroplane 0.09054367244243622 238.60562133789062 223.652099609375 326.71966552734375 288.2478942871094
motorbike 0.0746777206659317 234.4777069091797 181.42303466796875 370.30120849609375 391.0474853515625
bus 0.0665728971362114 17.43999481201172 223.15020751953125 251.0116424560547 307.77392578125
pottedplant 0.06443440169095993 16.298019409179688 208.35630798339844 87.28630065917969 310.4963073730469
boat 0.05081804096698761 250.4752197265625 216.43492126464844 315.7215270996094 290.3833312988281
