bird 0.971980094909668 7.370882034301758 72.514404296875 342.96893310546875 496.5736389160156
bird 0.8952332735061646 105.88720703125 65.19139099121094 261.2028503417969 449.5856018066406
sheep 0.8817296028137207 210.08529663085938 169.76068115234375 372.7073974609375 496.5483703613281
bird 0.7913841009140015 91.06045532226562 65.8769760131836 374.4552001953125 367.50726318359375
cat 0.6174234747886658 0.0 128.77027893066406 360.3468933105469 500.0
sheep 0.4011803865432739 181.90101623535156 1.2028177976608276 374.67120361328125 167.04641723632812
bird 0.3415924310684204 198.2264404296875 156.4810028076172 375.0 485.9307861328125
sheep 0.33326631784439087 253.77943420410156 1.6311695575714111 374.35546875 111.10205078125
cat 0.252329558134079 197.8547821044922 143.41275024414062 372.7802429199219 491.5715026855469
chair 0.2475190907716751 2.373168468475342 120.08679962158203 131.14576721191406 417.69989013671875
sheep 0.20126448571681976 203.3973388671875 160.1715087890625 240.5074005126953 201.15200805664062
bird 0.10518988966941833 14.493598937988281 67.3749008178711 283.42913818359375 333.31207275390625
dog 0.09427943825721741 0.0 118.52127075195312 373.21588134765625 500.0
bird 0.08638262003660202 159.71070861816406 4.616005897521973 374.0615234375 195.78871154785156
sheep 0.0842253714799881 44.4501953125 88.46697998046875 352.7060852050781 497.5521240234375
cow 0.06164112314581871 255.72369384765625 0.0 375.0 111.23668670654297
bird 0.05387438088655472 112.93745422363281 62.596492767333984 243.33401489257812 293.5606689453125
cow 0.05157878249883652 179.52757263183594 0.3926418721675873 375.0 168.6052703857422
