bird 0.9741113781929016 215.46971130371094 17.7218074798584 445.9935302734375 243.87344360351562
dog 0.8739510774612427 61.939979553222656 59.238868713378906 255.680419921875 253.67608642578125
bird 0.6627833247184753 69.6250991821289 50.18309020996094 255.20944213867188 240.55677795410156
bottle 0.24637942016124725 143.3090362548828 84.29739379882812 157.6927947998047 100.2275390625
sheep 0.17831194400787354 74.24120330810547 81.48155975341797 249.6316375732422 244.60951232910156
cow 0.17801032960414886 29.841018676757812 64.76339721679688 248.6466064453125 242.35952758789062
bird 0.13922832906246185 220.02447509765625 28.985265731811523 273.2916564941406 118.48113250732422
sheep 0.10520386695861816 143.12208557128906 84.13811492919922 156.755615234375 100.16036987304688
sheep 0.09337493032217026 222.18272399902344 19.5111141204834 459.1949462890625 250.26278686523438
sheep 0.09006410837173462 143.64785766601562 84.91236877441406 176.34434509277344 100.31265258789062
horse 0.08430405706167221 57.5187873840332 84.0345230102539 255.2082061767578 243.65847778320312
bird 0.06853843480348587 142.48907470703125 84.13739013671875 158.96182250976562 100.2027816772461
bird 0.06307575851678848 216.43638610839844 25.961210250854492 433.4677734375 145.79183959960938
