bird 0.9387502074241638 93.54032897949219 107.81743621826172 202.72048950195312 168.30189514160156
bottle 0.719869077205658 242.82891845703125 0.0 383.7839660644531 249.92893981933594
chair 0.4441707134246826 42.55634307861328 124.26368713378906 376.62841796875 317.9171142578125
bird 0.2872673273086548 87.93050384521484 114.77071380615234 336.8517150878906 247.31883239746094
sofa 0.2692856788635254 0.0 133.62435913085938 352.72186279296875 316.70977783203125
person 0.2366233766078949 102.66796875 111.2265396118164 271.9378356933594 314.51702880859375
tvmonitor 0.09469696879386902 3.077929973602295 154.76467895507812 327.012939453125 322.0
bird 0.0876387357711792 99.55321502685547 112.09687805175781 249.04360961914062 197.89051818847656
boat 0.06924401223659515 12.74952507019043 124.50924682617188 360.56005859375 314.67620849609375
diningtable 0.05672476440668106 1.0313527584075928 180.69210815429688 357.279052734375 322.0
