aeroplane 0.9969583749771118 0.0 82.98328399658203 500.0 332.0
person 0.9922040700912476 89.77600860595703 42.124961853027344 135.7657470703125 152.12782287597656
person 0.9859858751296997 219.431396484375 15.494115829467773 272.3340759277344 133.45872497558594
person 0.9759582281112671 173.45321655273438 69.5103530883789 216.96249389648438 144.7624053955078
person 0.9579357504844666 333.4291687011719 52.64912796020508 374.2238464355469 160.80548095703125
aeroplane 0.4892639219760895 245.584228515625 112.46863555908203 494.4241027832031 209.27186584472656
person 0.46404555439949036 333.3501892089844 52.17624282836914 372.5067138671875 108.665771484375
aeroplane 0.336212694644928 114.75674438476562 118.28291320800781 363.6221618652344 330.83038330078125
aeroplane 0.3005661964416504 186.27264404296875 78.95673370361328 489.79010009765625 260.0378723144531
aeroplane 0.23560090363025665 281.8912658691406 129.75083923339844 493.7189636230469 324.98858642578125
boat 0.19742520153522491 146.68771362304688 117.29254150390625 354.0270690917969 327.670166015625
car 0.18819835782051086 146.3361358642578 125.17877960205078 344.8987121582031 330.1527099609375
aeroplane 0.1737043708562851 335.91424560546875 148.9920196533203 498.89178466796875 203.1126708984375
aeroplane 0.1350797712802887 0.0 130.7059326171875 281.16680908203125 253.5864715576172
aeroplane 0.11261632293462753 0.0 36.14944076538086 344.4143371582031 265.02764892578125
aeroplane 0.10914462059736252 0.0 120.5446548461914 181.11183166503906 322.2549743652344
bird 0.10343223810195923 136.47718811035156 303.11053466796875 155.94273376464844 330.74444580078125
train 0.09068634361028671 139.88412475585938 126.97221374511719 347.75616455078125 332.0
tvmonitor 0.07928992062807083 149.20071411132812 130.7162322998047 343.3809814453125 327.56280517578125
aeroplane 0.0750134065747261 326.47528076171875 208.00987243652344 500.0 328.9546813964844
person 0.06397143006324768 149.5207061767578 68.33470153808594 221.4658203125 223.96885681152344
aeroplane 0.0505862683057785 291.9412536621094 139.83773803710938 423.71630859375 173.3095703125
