bus 0.9934192299842834 36.70528793334961 85.76768493652344 426.4847717285156 343.7420654296875
person 0.9884373545646667 140.8578338623047 182.61611938476562 208.6382293701172 359.49615478515625
person 0.6520286202430725 138.9235076904297 184.93751525878906 177.77764892578125 346.6955261230469
person 0.4967418313026428 218.91314697265625 157.20245361328125 250.0767059326172 321.0146179199219
person 0.3858649432659149 265.5328674316406 154.5431365966797 301.93072509765625 226.47152709960938
person 0.24003569781780243 220.55906677246094 159.7357177734375 251.6360626220703 234.0736541748047
bus 0.10482291132211685 43.70948028564453 101.72459411621094 284.1700439453125 303.44171142578125
person 0.09467468410730362 151.6363525390625 188.1242218017578 162.14834594726562 217.03530883789062
person 0.0941159799695015 220.3529510498047 161.46871948242188 248.78213500976562 192.7259063720703
person 0.07395654171705246 280.1547546386719 144.9568328857422 303.4241638183594 222.09005737304688
