diningtable 0.9931901097297668 54.2026252746582 250.66445922851562 500.0 375.0
chair 0.9295015335083008 65.67329406738281 226.47259521484375 137.60414123535156 371.017822265625
diningtable 0.9230850338935852 282.0067138671875 265.8720703125 500.0 374.8551025390625
chair 0.903502345085144 159.9306640625 257.82244873046875 304.0855407714844 374.3329772949219
chair 0.8943637609481812 87.86872863769531 241.39337158203125 180.87075805664062 375.0
diningtable 0.7444115281105042 45.84069061279297 248.6278076171875 249.80825805664062 372.84033203125
chair 0.7352322340011597 295.9331970214844 267.27496337890625 399.9084777832031 375.0
chair 0.6830189824104309 225.13870239257812 219.18260192871094 350.0057678222656 269.9230651855469
chair 0.537317156791687 383.7756652832031 227.3304443359375 458.69677734375 279.4190979003906
pottedplant 0.466193825006485 231.6841278076172 160.1186065673828 342.5588073730469 282.5924377441406
pottedplant 0.4423132836818695 434.024658203125 138.68634033203125 460.6447448730469 173.917724609375
tvmonitor 0.3124487102031708 347.49566650390625 174.01205444335938 377.8334655761719 194.42312622070312
chair 0.2675341069698334 172.43276977539062 190.1632537841797 206.33946228027344 252.6414337158203
diningtable 0.238653302192688 161.74595642089844 252.21250915527344 376.4534606933594 375.0
chair 0.2258545309305191 242.37428283691406 218.21754455566406 346.80645751953125 366.059814453125
chair 0.19321557879447937 64.0693130493164 223.54312133789062 116.6614761352539 272.7950744628906
sofa 0.18988490104675293 219.45143127441406 216.80897521972656 352.3175048828125 267.6044921875
chair 0.17422190308570862 377.44989013671875 232.61981201171875 463.7977600097656 368.1524963378906
chair 0.15820258855819702 221.3987274169922 217.57850646972656 271.4122009277344 258.7486267089844
chair 0.1328085958957672 142.5377960205078 212.65179443359375 160.05404663085938 253.72454833984375
bottle 0.13184115290641785 445.15557861328125 117.32842254638672 461.4189758300781 141.76681518554688
chair 0.1268773227930069 60.653717041015625 226.19625854492188 117.72319030761719 331.1592102050781
chair 0.12588287889957428 297.7277526855469 221.8821563720703 350.7348327636719 270.080810546875
pottedplant 0.11337549239397049 394.91864013671875 50.94657897949219 426.0865783691406 78.83849334716797
pottedplant 0.10455630719661713 446.22174072265625 205.0839080810547 461.6885986328125 224.34422302246094
diningtable 0.08456317335367203 143.2758331298828 202.66116333007812 176.47389221191406 250.16078186035156
pottedplant 0.07385753095149994 230.78761291503906 167.21572875976562 251.61875915527344 217.82090759277344
pottedplant 0.06937512755393982 231.55789184570312 169.701416015625 270.4838562011719 219.35679626464844
diningtable 0.05958392843604088 68.67366027832031 260.3462219238281 165.5518798828125 375.0
chair 0.05887827277183533 77.810791015625 304.65936279296875 138.00234985351562 371.7933654785156
chair 0.053965967148542404 172.13894653320312 193.70849609375 189.22154235839844 251.25787353515625
person 0.052124109119176865 176.2200927734375 193.33145141601562 204.76483154296875 254.73890686035156
