aeroplane 0.9925557971000671 74.92662811279297 98.10053253173828 415.8909912109375 206.92849731445312
car 0.8216978311538696 342.5977478027344 201.56048583984375 366.7481689453125 210.18629455566406
car 0.7936715483665466 377.7416076660156 200.50938415527344 398.0211486816406 210.87112426757812
car 0.790107250213623 298.1233825683594 199.45370483398438 330.8243713378906 210.5073699951172
car 0.7895017266273499 210.65650939941406 195.57147216796875 244.40798950195312 208.42250061035156
bus 0.7851513624191284 403.3133850097656 195.80783081054688 433.0648193359375 211.62466430664062
aeroplane 0.7143099308013916 236.29476928710938 173.9159393310547 329.5927429199219 207.60296630859375
car 0.6778832674026489 401.80816650390625 195.47488403320312 432.9195861816406 211.63436889648438
aeroplane 0.07952406257390976 199.4800567626953 168.10972595214844 369.023193359375 208.3014373779297
car 0.06389805674552917 386.6643371582031 200.2918701171875 397.67901611328125 209.9744110107422
