car 0.987096905708313 26.835540771484375 51.21945571899414 446.326416015625 328.4056701660156
car 0.9117344617843628 88.43547058105469 43.0723762512207 134.14015197753906 61.940948486328125
person 0.8808857202529907 416.71063232421875 36.15774917602539 425.90826416015625 58.707881927490234
person 0.6907207369804382 426.61968994140625 33.093563079833984 439.8252258300781 61.29337692260742
bus 0.4817075729370117 243.50732421875 40.72739028930664 366.3811340332031 69.04953002929688
car 0.45337656140327454 448.62939453125 40.83535385131836 462.39080810546875 62.87348937988281
car 0.3710893392562866 246.6649627685547 40.63102340698242 367.1341857910156 69.24949645996094
person 0.2988935112953186 432.4948425292969 35.131282806396484 439.9350891113281 59.37738800048828
person 0.2657400667667389 283.21868896484375 93.91738891601562 333.5208435058594 147.4386749267578
car 0.2645872235298157 92.98442840576172 20.255783081054688 149.03330993652344 50.560890197753906
bus 0.2641284167766571 309.236083984375 26.531320571899414 345.1179504394531 45.60391616821289
person 0.2327524721622467 426.848876953125 38.4561882019043 434.80816650390625 59.599735260009766
car 0.1876266896724701 450.4029235839844 39.499752044677734 493.93359375 63.62046432495117
bus 0.14230017364025116 86.83943176269531 18.061168670654297 147.60791015625 51.81595230102539
person 0.0965195894241333 290.5968933105469 97.74589538574219 355.3286437988281 157.8637237548828
boat 0.07316119968891144 242.2371826171875 40.57566833496094 371.13720703125 69.78812408447266
bus 0.06952156871557236 299.6376953125 24.953298568725586 368.63958740234375 47.61554718017578
bus 0.06870627403259277 280.2115478515625 24.622329711914062 366.5264587402344 64.57379150390625
person 0.05923791229724884 119.35940551757812 30.361865997314453 133.55931091308594 44.162593841552734
person 0.054623737931251526 420.111572265625 35.62077713012695 432.4972839355469 59.341094970703125
person 0.05383343622088432 292.6113586425781 93.45040893554688 319.86297607421875 133.59478759765625
