cat 0.9347415566444397 177.0826873779297 175.04000854492188 472.99761962890625 369.7561950683594
person 0.8757472634315491 258.5910339355469 66.41488647460938 500.0 365.23577880859375
sofa 0.5463961958885193 132.24363708496094 30.34387969970703 500.0 375.0
sofa 0.500943124294281 165.59359741210938 37.77485656738281 500.0 211.8683319091797
dog 0.36571004986763 209.302734375 169.2368621826172 482.1144714355469 371.1044616699219
chair 0.22417710721492767 103.92082977294922 42.996910095214844 500.0 368.5263977050781
person 0.12909413874149323 264.43853759765625 73.8164291381836 497.8895568847656 226.36138916015625
person 0.1059422641992569 194.54478454589844 234.53907775878906 497.150146484375 369.05596923828125
person 0.08614959567785263 282.353271484375 261.94354248046875 462.9803466796875 374.22918701171875
chair 0.08078484982252121 36.467288970947266 28.11595916748047 165.1737823486328 359.75091552734375
