person 0.9937573671340942 235.63584899902344 157.30538940429688 307.0220642089844 247.94801330566406
sofa 0.8093522787094116 149.90988159179688 156.50350952148438 332.0848693847656 265.8644714355469
sofa 0.8041157126426697 147.8227081298828 158.50213623046875 372.557373046875 334.5460205078125
sofa 0.6819773316383362 399.59521484375 241.64955139160156 497.3931884765625 348.119384765625
chair 0.4700790345668793 144.22152709960938 203.4011993408203 318.1075134277344 374.23052978515625
sofa 0.3116765320301056 0.0 235.321533203125 110.08966064453125 369.29351806640625
diningtable 0.26788973808288574 249.3838653564453 216.09425354003906 427.24700927734375 338.4361267089844
person 0.22728386521339417 215.65272521972656 153.21583557128906 324.5124206542969 332.90960693359375
sofa 0.16543404757976532 3.1656548976898193 127.13307189941406 340.439453125 375.0
sofa 0.12282660603523254 286.3804626464844 206.33726501464844 433.2597961425781 292.6119384765625
person 0.09060051292181015 180.96466064453125 157.13800048828125 324.18536376953125 255.51449584960938
sofa 0.08060429990291595 229.62623596191406 200.01119995117188 418.64117431640625 343.7769775390625
bottle 0.06371688097715378 178.5439453125 296.2540588378906 211.8734588623047 334.3411865234375
chair 0.05754764750599861 238.2020263671875 160.7334442138672 329.0125427246094 242.86459350585938
chair 0.05527625232934952 340.14093017578125 208.29037475585938 428.6136169433594 285.6773376464844
