bus 0.9902926683425903 315.3106384277344 137.3928680419922 408.5166015625 172.67156982421875
car 0.9601700305938721 0.0 158.763427734375 231.82562255859375 308.1356201171875
car 0.9151515960693359 273.427490234375 162.04345703125 409.07489013671875 227.7344970703125
car 0.9142212271690369 123.10599517822266 157.5189666748047 242.46006774902344 208.52496337890625
car 0.8604963421821594 221.55186462402344 153.62962341308594 289.4629821777344 179.5569305419922
car 0.8343102335929871 399.7776184082031 135.3010711669922 488.89068603515625 213.92662048339844
car 0.734194815158844 383.8977966308594 163.4609375 408.60308837890625 191.4219512939453
car 0.7105698585510254 359.9665222167969 154.6370086669922 402.1280212402344 175.60968017578125
car 0.7016245722770691 212.16644287109375 150.2770538330078 255.21376037597656 172.25975036621094
car 0.6088575124740601 0.0 140.35411071777344 60.34191131591797 165.23458862304688
car 0.6052334904670715 72.53689575195312 143.6907501220703 124.73875427246094 167.03408813476562
car 0.5765209197998047 484.181884765625 167.68714904785156 500.0 194.00498962402344
car 0.4740552008152008 126.23511505126953 149.6160430908203 176.6563720703125 168.0025177001953
car 0.37835851311683655 292.214599609375 160.36203002929688 354.8216552734375 184.37057495117188
car 0.2696066200733185 293.6197814941406 153.54234313964844 385.3127746582031 183.48419189453125
car 0.24109768867492676 472.1910705566406 166.4969024658203 490.1471252441406 205.99806213378906
bus 0.1596149504184723 389.6441650390625 136.18490600585938 485.4393310546875 210.8377227783203
car 0.1394340842962265 98.99369049072266 133.37242126464844 119.26300048828125 148.553466796875
person 0.11872963607311249 47.931095123291016 141.0038604736328 57.57358932495117 158.3305206298828
car 0.1074100136756897 107.54163360595703 148.0708770751953 130.4554901123047 165.75621032714844
bus 0.09537243098020554 295.99945068359375 141.5491485595703 410.5018615722656 205.5570068359375
car 0.08185883611440659 293.4166259765625 167.97596740722656 310.73284912109375 184.1876983642578
bus 0.07755522429943085 132.67715454101562 141.3604278564453 156.6177215576172 151.93397521972656
car 0.0735778957605362 80.54475402832031 132.31399536132812 117.90125274658203 148.86927795410156
car 0.06516553461551666 464.39276123046875 142.1706085205078 489.8601989746094 205.54635620117188
bus 0.06381191313266754 126.07878112792969 138.88587951660156 163.95213317871094 154.77850341796875
