train 0.9913899302482605 130.27288818359375 232.17300415039062 177.1763153076172 288.7805480957031
cat 0.24266785383224487 0.0 61.75947189331055 333.0 500.0
train 0.13042496144771576 72.74000549316406 228.27191162109375 149.97071838378906 296.6212158203125
car 0.12403038144111633 217.7244873046875 303.1510314941406 282.0868225097656 336.3378601074219
train 0.10705491155385971 128.88938903808594 229.3993377685547 212.54718017578125 296.0139465332031
train 0.09228593111038208 127.94873046875 230.46905517578125 146.87242126464844 282.28271484375
dog 0.07448293268680573 0.0 69.9525146484375 318.30767822265625 500.0
person 0.05762006714940071 277.4532470703125 322.2509460449219 284.44281005859375 331.3348693847656
train 0.056045856326818466 32.15845489501953 225.20828247070312 171.803955078125 289.29534912109375
train 0.05237116292119026 111.95154571533203 229.8658447265625 143.6783905029297 292.656494140625
