dog 0.9969064593315125 174.56231689453125 120.22553253173828 484.4480285644531 358.9381103515625
tvmonitor 0.6478919386863708 79.23484802246094 2.8534860610961914 176.3300018310547 59.321044921875
chair 0.6456818580627441 368.63525390625 2.8992247581481934 500.0 193.27099609375
person 0.31995561718940735 110.90858459472656 0.0 149.27381896972656 36.39555358886719
dog 0.28499072790145874 373.9408264160156 126.02940368652344 435.34442138671875 221.78738403320312
person 0.24022434651851654 369.40533447265625 13.337888717651367 497.5084533691406 203.0247039794922
car 0.23549120128154755 117.46068572998047 52.61442947387695 180.3453369140625 81.77717590332031
car 0.18496423959732056 85.02729797363281 1.624467372894287 175.14651489257812 59.556819915771484
diningtable 0.15002743899822235 263.9344482421875 2.5090384483337402 482.43963623046875 198.5106201171875
diningtable 0.14628635346889496 66.49234771728516 11.346551895141602 477.2842712402344 197.60284423828125
person 0.07614895701408386 413.68408203125 214.2396240234375 498.4136657714844 337.4940490722656
dog 0.07532049715518951 310.324951171875 205.97149658203125 495.79052734375 366.7584228515625
motorbike 0.07241591811180115 376.83099365234375 121.64500427246094 433.6051330566406 219.0470428466797
bird 0.06865860521793365 374.0494689941406 122.73463439941406 433.5697937011719 213.4950408935547
person 0.05853807181119919 444.3387451171875 2.545022964477539 498.1922607421875 207.52610778808594
sofa 0.05846180021762848 292.6177062988281 196.23544311523438 500.0 375.0
chair 0.05002172663807869 445.4504699707031 10.632104873657227 500.0 202.89915466308594
