person 0.8909965753555298 123.73419952392578 11.89629077911377 497.8946533203125 213.6058807373047
person 0.7605029940605164 55.54076385498047 41.4718017578125 496.21905517578125 371.3233642578125
person 0.5762103796005249 112.25678253173828 76.45265197753906 259.0303955078125 204.30287170410156
person 0.3778549134731293 240.47279357910156 7.645425796508789 493.0666198730469 332.15081787109375
person 0.3669365346431732 348.8246765136719 40.27233123779297 497.436767578125 364.4064025878906
sofa 0.27310633659362793 345.8271179199219 91.71473693847656 499.62103271484375 360.95281982421875
person 0.2279217392206192 216.10536193847656 30.314441680908203 434.0837707519531 244.94973754882812
sofa 0.17192402482032776 160.95333862304688 20.56430435180664 490.8505859375 344.0579833984375
person 0.16265557706356049 33.80896759033203 196.75555419921875 456.1618347167969 375.0
chair 0.1239423081278801 344.1001892089844 94.35374450683594 500.0 355.4401550292969
dog 0.118086077272892 24.748109817504883 185.61068725585938 464.3173522949219 364.52093505859375
person 0.09157510846853256 113.42831420898438 69.23462677001953 337.3466491699219 373.88287353515625
sofa 0.06356857717037201 11.952040672302246 217.46942138671875 477.32061767578125 375.0
chair 0.05315909534692764 301.6880798339844 28.82696533203125 495.1769714355469 273.6593017578125
chair 0.05130588263273239 434.0869445800781 251.9131317138672 500.0 371.64990234375
