person 0.9718201756477356 5.38521671295166 125.28070831298828 375.88836669921875 377.0
cow 0.9438777565956116 216.99334716796875 174.39425659179688 241.57643127441406 191.8386993408203
cow 0.9406685829162598 208.0506591796875 187.1099853515625 254.90350341796875 217.10984802246094
cow 0.9309384226799011 223.4813995361328 210.78720092773438 273.0611267089844 265.0169677734375
cow 0.9275840520858765 269.22454833984375 210.2998046875 312.1021728515625 269.7581481933594
cow 0.8913958668708801 166.92681884765625 189.3765869140625 202.20436096191406 218.91915893554688
cow 0.856501042842865 283.19464111328125 189.33349609375 322.13299560546875 218.68679809570312
person 0.816326379776001 328.2211608886719 218.69351196289062 394.3220520019531 316.9326171875
car 0.45134860277175903 5.0430803298950195 72.20685577392578 431.6441650390625 367.20184326171875
tvmonitor 0.26647913455963135 414.8728332519531 20.41925621032715 498.3796081542969 304.13140869140625
car 0.2516271770000458 186.274658203125 0.0 485.0888977050781 374.3404846191406
sheep 0.23112809658050537 283.1477355957031 189.2733917236328 321.1375427246094 218.53794860839844
person 0.17899039387702942 343.1822814941406 223.27491760253906 378.9769592285156 296.7474365234375
person 0.13812461495399475 313.8200988769531 219.6455841064453 423.86773681640625 354.55303955078125
car 0.10429545491933823 371.55438232421875 12.391812324523926 493.14599609375 373.104248046875
cow 0.10315525531768799 207.04844665527344 191.17141723632812 232.23599243164062 216.11895751953125
sheep 0.08992564678192139 267.92718505859375 210.3277587890625 311.389404296875 269.949462890625
chair 0.08394601196050644 296.1249694824219 222.18919372558594 475.22271728515625 377.0
sheep 0.07622974365949631 207.56777954101562 185.9637908935547 254.31944274902344 216.58816528320312
car 0.06182895600795746 364.52203369140625 205.03567504882812 410.2761535644531 236.7646026611328
person 0.06126447394490242 1.224981665611267 117.50704193115234 195.69349670410156 377.0
car 0.05880887061357498 293.82647705078125 194.0503692626953 469.2580871582031 370.2098388671875
aeroplane 0.058511849492788315 0.0 67.6197738647461 437.1260681152344 362.8890380859375
sheep 0.053622521460056305 223.9337158203125 211.94924926757812 269.71575927734375 264.5097351074219
