person 0.9887369275093079 0.8667087554931641 203.06915283203125 202.0526885986328 497.799072265625
sofa 0.9782651662826538 0.0 257.91876220703125 492.66357421875 499.7222900390625
person 0.9779655337333679 259.134765625 198.79966735839844 498.4065246582031 500.0
sofa 0.3180280923843384 74.7463607788086 368.8245849609375 491.483642578125 499.7121887207031
sofa 0.10397116839885712 0.0 331.78131103515625 347.29974365234375 498.349609375
bottle 0.07976186275482178 14.199468612670898 314.2864990234375 81.15508270263672 418.15924072265625
sheep 0.07851053029298782 58.1547966003418 3.6370205879211426 171.5453338623047 76.6260986328125
sofa 0.0719798356294632 198.9952392578125 414.2413635253906 497.8246765136719 497.384765625
bottle 0.0664687529206276 18.474578857421875 352.6937255859375 71.49967193603516 403.3345031738281
chair 0.06517916917800903 310.76123046875 449.9786071777344 500.0 499.8645324707031
