person 0.9970415234565735 3.8057470321655273 43.84113693237305 325.095703125 500.0
person 0.9246538877487183 174.1001739501953 302.0338134765625 375.0 494.8199157714844
person 0.6392300128936768 322.7565002441406 315.5574951171875 373.61053466796875 401.6844482421875
bottle 0.37997159361839294 195.7483367919922 421.5830993652344 253.1843719482422 462.69244384765625
person 0.22605571150779724 135.55665588378906 121.1413345336914 358.04095458984375 491.90496826171875
bottle 0.14787523448467255 184.28848266601562 308.0234680175781 228.5030517578125 350.48382568359375
person 0.14552202820777893 219.02719116210938 312.3986511230469 370.1393127441406 410.0126037597656
person 0.13745474815368652 290.509033203125 316.2120666503906 371.48553466796875 425.2081604003906
person 0.11855592578649521 1.1449205875396729 1.9124051332473755 31.59074592590332 54.72324752807617
person 0.1170889362692833 261.10888671875 314.3664245605469 371.24749755859375 478.3181457519531
person 0.09357050061225891 1.0532373189926147 2.8792054653167725 43.36721420288086 88.21296691894531
person 0.0772349163889885 328.8267517089844 322.5462341308594 373.97845458984375 471.9176025390625
person 0.07384929060935974 42.69713592529297 52.45237350463867 318.85906982421875 286.97637939453125
bottle 0.07078694552183151 347.4956359863281 312.51300048828125 371.6474914550781 354.0119323730469
person 0.0569787435233593 6.088449954986572 105.150634765625 242.1964874267578 387.9252624511719
chair 0.05249519646167755 0.0 451.292724609375 38.995079040527344 500.0
