aeroplane 0.9877033233642578 27.32146453857422 13.068594932556152 500.0 330.15631103515625
person 0.9416648149490356 458.3529052734375 138.08389282226562 493.9997253417969 234.3976287841797
person 0.8802396059036255 439.6324157714844 146.16311645507812 458.5496520996094 206.65457153320312
person 0.7681190967559814 10.40981674194336 151.54661560058594 37.87679672241211 217.3436737060547
person 0.752902090549469 418.8861083984375 141.55526733398438 441.7205505371094 189.6624755859375
aeroplane 0.6876437664031982 60.08192825317383 115.8263168334961 337.14947509765625 211.40206909179688
person 0.671795666217804 41.05219268798828 162.60662841796875 55.715946197509766 207.90463256835938
person 0.6622056365013123 414.94598388671875 156.65548706054688 436.2333984375 202.8184051513672
person 0.5948219895362854 2.9368436336517334 151.2810821533203 16.357389450073242 217.51156616210938
person 0.5807199478149414 26.453927993774414 149.9513702392578 42.64591598510742 208.96014404296875
aeroplane 0.5716096758842468 66.69940185546875 120.91624450683594 216.29884338378906 202.78761291503906
aeroplane 0.570441484451294 186.23434448242188 19.5281982421875 493.97607421875 212.6126251220703
person 0.4880249500274658 342.9443664550781 174.10321044921875 355.23681640625 196.04640197753906
bird 0.4341992139816284 193.71578979492188 47.69596862792969 295.0350036621094 339.0661926269531
person 0.42767536640167236 179.19253540039062 166.84408569335938 189.36376953125 201.1423797607422
chair 0.3633028268814087 78.2152099609375 179.5081787109375 127.46510314941406 208.00514221191406
person 0.3486100435256958 0.24709022045135498 177.21754455566406 8.272529602050781 220.09715270996094
person 0.2850772440433502 178.7066192626953 180.3118896484375 197.03346252441406 217.30426025390625
person 0.2752838134765625 28.172609329223633 150.143310546875 43.40313720703125 181.70408630371094
aeroplane 0.2746028006076813 192.56326293945312 0.0 298.7941589355469 352.99749755859375
sofa 0.24772988259792328 77.44694519042969 180.0891876220703 127.26692199707031 207.02415466308594
person 0.19021391868591309 417.271240234375 158.85006713867188 433.5625305175781 187.7206573486328
person 0.16877949237823486 27.407793045043945 149.85223388671875 40.2278938293457 170.5267791748047
person 0.13473305106163025 416.06622314453125 141.65274047851562 450.6679992675781 205.461669921875
person 0.1277308464050293 294.7431335449219 173.25079345703125 310.0792236328125 214.44866943359375
person 0.11168747395277023 342.6842041015625 174.94015502929688 368.1610107421875 195.79898071289062
aeroplane 0.09056559205055237 380.0783386230469 130.35107421875 498.73602294921875 189.9116973876953
person 0.08421459048986435 30.36058235168457 156.6444091796875 51.33457565307617 209.20626831054688
aeroplane 0.07890202105045319 364.3103942871094 150.4817352294922 478.4742431640625 202.02536010742188
boat 0.0718797817826271 195.94395446777344 28.7178897857666 295.7570495605469 227.038818359375
chair 0.06615505367517471 139.05027770996094 176.41787719726562 176.9235076904297 201.93212890625
aeroplane 0.06611710786819458 287.88677978515625 116.71697998046875 425.6166687011719 198.32095336914062
sheep 0.06032130867242813 76.0022964477539 181.026123046875 129.0901336669922 206.25233459472656
person 0.054427336901426315 447.2017822265625 144.8988494873047 465.0173645019531 204.12045288085938
