bird 0.9609953165054321 284.88787841796875 199.27650451660156 404.7330017089844 272.7358093261719
bird 0.9589640498161316 64.86149597167969 207.7201385498047 199.02684020996094 260.6936950683594
sheep 0.4181167185306549 436.010498046875 0.0 498.76190185546875 69.59738159179688
bird 0.3673713207244873 398.5921325683594 39.239654541015625 423.5372314453125 51.40292739868164
person 0.33515018224716187 285.332763671875 199.68560791015625 326.25189208984375 238.02952575683594
bird 0.23235616087913513 287.06646728515625 198.0360870361328 329.71124267578125 236.31932067871094
cow 0.17481397092342377 129.64476013183594 78.05020904541016 312.1502990722656 142.24241638183594
sheep 0.16391848027706146 72.29071807861328 208.12245178222656 199.404296875 262.0140380859375
person 0.11824516206979752 287.8918151855469 197.59744262695312 407.0569763183594 275.2391052246094
bird 0.10412934422492981 127.00629425048828 76.65780639648438 329.9494323730469 142.6045684814453
dog 0.0862719714641571 133.230712890625 81.40142822265625 319.21331787109375 139.79576110839844
sheep 0.07465916872024536 129.75796508789062 77.35126495361328 328.2530517578125 142.64492797851562
cat 0.07217156141996384 134.0547637939453 76.65400695800781 322.0047912597656 141.44007873535156
bird 0.06822017580270767 18.56827163696289 272.33514404296875 78.47262573242188 312.264892578125
