aeroplane 0.9983479976654053 0.1694348156452179 24.885723114013672 500.0 260.10205078125
person 0.9039978981018066 166.85142517089844 260.9332580566406 181.25132751464844 286.09197998046875
person 0.8666861057281494 178.02976989746094 261.7775573730469 192.1239776611328 284.2368469238281
person 0.8474108576774597 246.10012817382812 318.18878173828125 265.0679931640625 333.0
car 0.7468726634979248 34.723876953125 243.7914581298828 209.83502197265625 321.1138916015625
boat 0.6509150266647339 82.46876525878906 310.7315673828125 202.3292236328125 333.0
car 0.33781659603118896 73.068603515625 174.30221557617188 88.84375 181.5716552734375
car 0.3182508051395416 208.7539520263672 242.4903106689453 287.156494140625 295.7934875488281
boat 0.29182639718055725 300.4338684082031 264.31231689453125 498.63934326171875 330.5585632324219
train 0.25716233253479004 199.19403076171875 244.7825164794922 288.28802490234375 295.6495056152344
person 0.21882514655590057 171.33424377441406 261.3464050292969 187.82870483398438 287.8779296875
car 0.21526044607162476 52.75465774536133 211.68124389648438 96.19806671142578 233.5615997314453
aeroplane 0.1914718896150589 294.9478454589844 263.2625732421875 499.66949462890625 330.59893798828125
person 0.1884630024433136 180.0790557861328 270.26507568359375 193.44773864746094 284.1066589355469
train 0.17466884851455688 30.39859390258789 249.6974334716797 259.11700439453125 321.7610778808594
aeroplane 0.16119123995304108 235.07484436035156 56.21510314941406 500.0 251.76361083984375
aeroplane 0.15050268173217773 203.31427001953125 213.1506805419922 285.39349365234375 247.54165649414062
person 0.13207782804965973 210.978515625 242.25454711914062 225.0330047607422 259.1315612792969
person 0.1300022304058075 161.88853454589844 260.388671875 174.60382080078125 283.47027587890625
bus 0.12471041083335876 5.468870162963867 169.83682250976562 38.881229400634766 178.712646484375
boat 0.1044420674443245 204.62811279296875 213.5713348388672 284.396484375 248.22450256347656
car 0.10024981945753098 79.13505554199219 311.7707824707031 199.31639099121094 333.0
boat 0.09744156152009964 6.370545864105225 169.32212829589844 41.252201080322266 178.27798461914062
person 0.08944129943847656 189.30650329589844 270.35308837890625 203.36399841308594 286.1719055175781
bus 0.07182873040437698 209.17840576171875 245.1544952392578 286.4099426269531 295.9145812988281
car 0.07049211859703064 284.04876708984375 265.97186279296875 490.5596618652344 333.0
aeroplane 0.06881282478570938 6.432723045349121 168.5714569091797 47.943477630615234 178.04017639160156
car 0.06524786353111267 135.53338623046875 271.7645263671875 200.36520385742188 312.0627136230469
person 0.061576489359140396 154.4695587158203 219.0943603515625 175.31173706054688 251.1166534423828
aeroplane 0.06111391261219978 472.474853515625 187.33299255371094 498.134521484375 216.85302734375
car 0.05944044142961502 5.982320308685303 168.4755401611328 41.92742156982422 178.2886199951172
train 0.05764118954539299 6.684591293334961 169.23434448242188 38.29224395751953 177.76327514648438
train 0.05356492102146149 103.47859191894531 243.15138244628906 291.09234619140625 304.999267578125
person 0.05273362621665001 99.15672302246094 273.7333679199219 104.93466186523438 286.2342834472656
car 0.05234575271606445 195.04530334472656 277.56646728515625 235.78045654296875 298.7467346191406
diningtable 0.05068598687648773 87.92988586425781 313.0185241699219 188.52732849121094 332.4125061035156
