person 0.9838337302207947 139.18260192871094 79.56796264648438 235.63836669921875 375.0
person 0.9816228151321411 7.1134514808654785 90.40745544433594 86.45707702636719 371.2679138183594
person 0.9691610336303711 282.76190185546875 84.12590789794922 361.7882385253906 375.0
person 0.9433222413063049 389.16754150390625 97.03385162353516 479.8758850097656 268.5595397949219
person 0.7393733263015747 379.56097412109375 98.63725280761719 466.47601318359375 201.74002075195312
diningtable 0.472812294960022 323.4179382324219 250.34124755859375 498.6077575683594 375.0
chair 0.2878766357898712 1.5624513626098633 293.4089660644531 151.75579833984375 374.72930908203125
chair 0.2857487201690674 219.51466369628906 212.5179901123047 270.7921447753906 240.64996337890625
person 0.23301932215690613 429.9513244628906 108.85382843017578 485.95831298828125 165.30885314941406
diningtable 0.23105472326278687 16.095260620117188 355.6233215332031 164.54946899414062 374.0639343261719
bottle 0.2238176316022873 442.5792236328125 120.70006561279297 463.0561218261719 141.6282196044922
person 0.1886480748653412 119.90718841552734 200.3682098388672 146.52203369140625 234.35684204101562
bottle 0.1828688383102417 441.60955810546875 121.42037963867188 476.0369873046875 154.18801879882812
person 0.14738942682743073 451.169189453125 127.60611724853516 498.1493835449219 160.02215576171875
person 0.11376204341650009 46.40910720825195 111.77578735351562 86.177490234375 231.41859436035156
person 0.07291088253259659 403.46966552734375 110.90874481201172 466.5582275390625 170.6781463623047
diningtable 0.07025334984064102 70.04085540771484 231.0955352783203 171.65940856933594 367.0987243652344
diningtable 0.0632130429148674 81.04890441894531 242.98873901367188 489.2392272949219 369.0734558105469
person 0.056671686470508575 380.087890625 142.48854064941406 402.74005126953125 199.87359619140625
diningtable 0.05131102725863457 328.27288818359375 252.65245056152344 500.0 275.5031433105469
