chair 0.960127592086792 130.12818908691406 143.69493103027344 239.24636840820312 311.4217529296875
sofa 0.9163452386856079 0.0 198.15179443359375 79.74420166015625 291.7474060058594
person 0.6965808868408203 0.7689191699028015 1.3716816902160645 101.47833251953125 207.91583251953125
chair 0.4911741316318512 281.2029113769531 143.07769775390625 338.1532287597656 248.8982696533203
pottedplant 0.3275555372238159 415.3841552734375 9.144086837768555 489.947021484375 120.77912902832031
sofa 0.2956591546535492 219.33961486816406 137.1832275390625 337.2513122558594 257.6754455566406
sofa 0.21829122304916382 285.0093078613281 141.64219665527344 337.7715148925781 252.61965942382812
pottedplant 0.20642827451229095 81.56319427490234 4.382879734039307 192.56201171875 233.2321014404297
pottedplant 0.1956426352262497 456.83990478515625 114.88273620605469 490.3302307128906 236.92532348632812
pottedplant 0.18610930442810059 406.63238525390625 20.85870361328125 492.675048828125 233.64834594726562
chair 0.1573922336101532 293.29827880859375 139.0988006591797 322.52374267578125 176.80465698242188
pottedplant 0.14161093533039093 414.6162414550781 77.68775939941406 483.1195983886719 119.17691040039062
pottedplant 0.13910771906375885 0.7419130206108093 260.4645690917969 27.256853103637695 347.08514404296875
chair 0.099855937063694 292.478515625 142.39291381835938 317.04010009765625 165.3267059326172
sofa 0.0957474559545517 120.79940032958984 141.60537719726562 240.4508056640625 309.87933349609375
chair 0.0832800567150116 1.2375006675720215 199.3249969482422 82.43795776367188 291.87890625
chair 0.0655854269862175 298.65118408203125 153.90151977539062 336.0870361328125 210.22096252441406
tvmonitor 0.051886171102523804 409.7590026855469 172.47348022460938 457.8543395996094 347.9947814941406
