bird 0.996427595615387 108.89311981201172 187.58926391601562 294.9425964355469 315.22344970703125
bird 0.48084911704063416 83.57154083251953 89.1710205078125 109.1187744140625 98.85820007324219
sheep 0.39488235116004944 93.19424438476562 196.05685424804688 131.9172821044922 214.39120483398438
pottedplant 0.17968130111694336 315.743408203125 0.0 492.93389892578125 110.28814697265625
bird 0.17324012517929077 106.10031127929688 189.81675720214844 285.8789978027344 229.5652618408203
chair 0.16074098646640778 294.64971923828125 2.4606335163116455 500.0 105.99138641357422
bird 0.15033914148807526 92.8802719116211 194.9933624267578 132.49264526367188 215.67630004882812
chair 0.09708492457866669 358.22265625 263.3037414550781 499.2667236328125 335.99627685546875
sheep 0.058121681213378906 84.08274841308594 89.26522827148438 108.2022476196289 99.10659790039062
dog 0.05794377252459526 311.61492919921875 304.52899169921875 390.17681884765625 353.05120849609375
cat 0.05768660828471184 313.1938781738281 303.7383728027344 389.6043395996094 353.71697998046875
