person 0.9700616598129272 11.029769897460938 75.73626708984375 284.2235412597656 258.2160339355469
person 0.8693970441818237 104.15435791015625 105.70099639892578 255.44528198242188 259.76806640625
person 0.8371919989585876 147.2991180419922 122.29137420654297 295.6181335449219 185.7964324951172
person 0.8320107460021973 5.754900932312012 70.66694641113281 121.75894165039062 261.80157470703125
person 0.5231950283050537 160.8714141845703 126.58251190185547 299.6719055175781 244.2359161376953
person 0.43540892004966736 117.74342346191406 109.92094421386719 165.63992309570312 196.4929962158203
person 0.3367123603820801 112.3190689086914 111.74457550048828 230.6560516357422 208.35720825195312
person 0.26254111528396606 154.4948272705078 113.4770736694336 172.7689666748047 136.09873962402344
person 0.22540776431560516 198.5574493408203 134.05393981933594 287.74359130859375 184.03521728515625
person 0.19660386443138123 97.66706848144531 108.60784149169922 176.01943969726562 221.62887573242188
bottle 0.16134575009346008 7.338841438293457 134.968017578125 14.362482070922852 151.6342010498047
person 0.1544613093137741 124.796875 110.40230560302734 157.2999267578125 151.1222381591797
person 0.1437569260597229 214.99508666992188 137.42173767089844 296.462646484375 235.1038055419922
chair 0.10540077835321426 0.15121257305145264 160.6509552001953 32.6529426574707 257.84588623046875
chair 0.09363266080617905 0.0 155.5700225830078 123.69082641601562 258.128662109375
person 0.08560702204704285 229.878173828125 210.72006225585938 349.5771789550781 261.1681213378906
sofa 0.07946620881557465 0.0 147.49546813964844 285.46710205078125 258.3289489746094
dog 0.07573091983795166 238.23529052734375 172.3441619873047 299.84478759765625 235.23712158203125
diningtable 0.07429459691047668 0.0 148.09811401367188 33.161231994628906 161.32179260253906
person 0.07370483875274658 129.305419921875 164.1822967529297 331.5867614746094 258.2032470703125
sheep 0.0659060850739479 186.38287353515625 124.54402923583984 201.77490234375 143.47438049316406
diningtable 0.06017100811004639 14.113452911376953 2.483729839324951 302.48175048828125 157.33657836914062
person 0.05960865691304207 117.09637451171875 106.48894500732422 199.0025177001953 179.12646484375
chair 0.0576852485537529 0.5218437910079956 158.07418823242188 35.05190658569336 212.25668334960938
person 0.05682821199297905 188.41195678710938 191.3115692138672 334.2602844238281 260.52069091796875
