car 0.968609631061554 372.73345947265625 66.85319519042969 499.431396484375 143.5562286376953
bicycle 0.9218218326568604 66.22981262207031 77.96793365478516 360.4420471191406 353.2879943847656
bicycle 0.916961133480072 58.861812591552734 87.55738830566406 163.93072509765625 261.5456237792969
bicycle 0.7431968450546265 64.08792877197266 76.19437408447266 251.3690643310547 288.541259765625
car 0.7293814420700073 75.61214447021484 84.77716064453125 125.52825927734375 123.31513977050781
car 0.6341491937637329 135.850341796875 78.49483489990234 182.76028442382812 104.60884857177734
person 0.5812118649482727 318.8276672363281 81.97356414794922 330.2176208496094 110.57262420654297
person 0.48833903670310974 359.0575256347656 61.86377716064453 379.71588134765625 142.371826171875
bicycle 0.48295652866363525 0.09802694618701935 63.94367218017578 30.45655059814453 116.40194702148438
motorbike 0.3207894563674927 1.0152748823165894 63.740623474121094 29.380573272705078 114.79517364501953
car 0.22292697429656982 104.01439666748047 79.36779022216797 184.94371032714844 127.36042785644531
bottle 0.20320633053779602 359.44329833984375 58.00313949584961 381.2151184082031 142.51573181152344
person 0.120533287525177 61.971988677978516 87.65449523925781 73.08631896972656 112.2511978149414
person 0.11971095204353333 470.05535888671875 38.98680114746094 498.5385437011719 71.11528778076172
person 0.10065107047557831 130.70169067382812 66.07279205322266 258.8384094238281 292.3062438964844
person 0.09503784775733948 480.64422607421875 39.11394119262695 498.4444885253906 58.66328048706055
person 0.08907979726791382 337.56439208984375 81.46056365966797 354.39801025390625 126.0027084350586
person 0.08703867346048355 116.62245178222656 75.20945739746094 135.09109497070312 100.74620819091797
car 0.08191932737827301 82.5343017578125 83.9355239868164 157.1680450439453 125.86650085449219
motorbike 0.07784896343946457 0.05129169672727585 69.19896697998047 12.502787590026855 116.65497589111328
person 0.07624988257884979 0.4850619435310364 77.15194702148438 10.325820922851562 117.0443115234375
person 0.07273141294717789 338.1137390136719 81.08944702148438 349.2148132324219 109.7711181640625
