person 0.9864053130149841 322.134765625 72.3262939453125 475.1074523925781 333.0
person 0.9781920313835144 128.22650146484375 28.548540115356445 326.923828125 333.0
person 0.953009307384491 69.5191650390625 86.10894775390625 200.56825256347656 333.0
person 0.44872111082077026 1.207410454750061 137.101318359375 80.264404296875 333.0
person 0.31143495440483093 26.40031623840332 111.4181137084961 147.8073272705078 333.0
person 0.2946009933948517 260.40728759765625 146.69297790527344 339.8201599121094 326.92022705078125
person 0.288193017244339 2.7593886852264404 122.89948272705078 128.16445922851562 247.91661071777344
person 0.24848589301109314 220.2904052734375 54.28586959838867 347.4981384277344 333.0
bicycle 0.22331121563911438 389.7371520996094 157.20947265625 500.0 331.3088684082031
person 0.14926840364933014 33.839534759521484 162.43365478515625 98.68675994873047 333.0
person 0.11874395608901978 35.53451919555664 102.61499786376953 184.614990234375 237.75767517089844
person 0.09307023137807846 96.46707916259766 89.23851013183594 201.03143310546875 240.16384887695312
person 0.09233447909355164 0.19560089707374573 125.73201751708984 44.77644729614258 259.5914611816406
chair 0.06933549046516418 190.2681121826172 117.38269805908203 216.937255859375 165.53573608398438
bottle 0.059206269681453705 398.000244140625 171.57276916503906 471.8004150390625 221.57308959960938
person 0.0561797209084034 36.33418655395508 99.88365936279297 301.1191101074219 333.0
person 0.051360875368118286 306.063720703125 71.43881225585938 404.1724548339844 332.5077819824219
