car 0.9306890964508057 364.0061950683594 303.0151672363281 497.5871887207031 353.58294677734375
car 0.8502818942070007 195.4970245361328 312.3909606933594 225.60379028320312 348.299072265625
car 0.6771684288978577 460.91204833984375 313.3714294433594 497.51434326171875 332.14208984375
bus 0.6589763760566711 408.0922546386719 264.94561767578125 490.2893981933594 321.02410888671875
car 0.5789493322372437 459.26025390625 287.5714416503906 497.8984375 316.77813720703125
person 0.447607159614563 243.92308044433594 209.21884155273438 365.2669372558594 373.27685546875
car 0.22615070641040802 458.3938903808594 315.1842041015625 496.786865234375 347.7449951171875
tvmonitor 0.20052973926067352 224.0996856689453 192.8607635498047 362.950439453125 375.0
car 0.17338117957115173 367.0082702636719 304.2632141113281 430.919189453125 352.9867248535156
bus 0.12806950509548187 457.6651611328125 268.33453369140625 484.3840637207031 304.3393249511719
boat 0.09123823046684265 43.92435836791992 3.5565948486328125 473.59881591796875 338.1316833496094
horse 0.08663894981145859 51.072715759277344 70.20845794677734 189.53225708007812 375.0
bus 0.07256805151700974 363.76177978515625 290.4369201660156 497.65509033203125 350.6412353515625
bird 0.06836624443531036 48.06486511230469 77.9405288696289 189.20803833007812 373.4834899902344
car 0.05632786080241203 461.1922302246094 313.71044921875 490.9026184082031 324.572265625
