car 0.6034649014472961 0.0 0.6534393429756165 46.95005416870117 198.68701171875
person 0.5088635087013245 138.33067321777344 5.342031478881836 500.0 333.0
cat 0.453297883272171 142.79624938964844 141.4120635986328 227.31039428710938 228.19375610351562
sheep 0.41052043437957764 194.05160522460938 3.398557662963867 496.805419921875 332.9876403808594
cat 0.36981096863746643 179.8617401123047 3.183903455734253 498.6828308105469 329.9704284667969
sofa 0.342291921377182 0.0 0.0 451.2772216796875 328.1924133300781
dog 0.31777799129486084 177.46481323242188 0.0 500.0 330.6440734863281
sheep 0.2813699543476105 140.8253631591797 141.5681610107422 225.99740600585938 225.92074584960938
cow 0.12172441929578781 190.6752166748047 4.1765875816345215 494.4911804199219 332.6779479980469
bird 0.08621828258037567 139.7255859375 140.30943298339844 229.1807098388672 226.86099243164062
pottedplant 0.07764139771461487 137.06727600097656 140.46072387695312 232.5139617919922 227.92294311523438
