sofa 0.9443646669387817 0.8098323345184326 245.14251708984375 257.2473449707031 370.0843505859375
chair 0.9021021127700806 264.2043762207031 180.88230895996094 310.6126708984375 263.5574645996094
dog 0.8954116106033325 171.93807983398438 222.97572326660156 293.3060302734375 283.3508605957031
chair 0.8662856817245483 212.1466064453125 183.3052215576172 264.3064880371094 247.1061248779297
diningtable 0.7729945778846741 208.81488037109375 182.91555786132812 306.91021728515625 264.5585632324219
chair 0.743588387966156 249.26502990722656 179.8980255126953 286.0821228027344 250.33663940429688
pottedplant 0.23644088208675385 189.52947998046875 81.01289367675781 224.58261108398438 143.6031494140625
chair 0.16495397686958313 16.834924697875977 245.0869598388672 264.6582946777344 373.5757141113281
person 0.11552871018648148 173.9523162841797 225.22900390625 287.6961364746094 285.14849853515625
chair 0.10881483554840088 210.78570556640625 182.3385772705078 230.20135498046875 224.2239532470703
sofa 0.10466163605451584 0.0 247.64808654785156 128.57574462890625 362.2747497558594
diningtable 0.088175930082798 178.95474243164062 205.85348510742188 308.8404235839844 279.37286376953125
cat 0.07526376098394394 174.22410583496094 226.67784118652344 288.52032470703125 282.8968200683594
person 0.06753484904766083 462.1901550292969 0.0 497.3171691894531 375.0
chair 0.05286025628447533 256.5048828125 178.62783813476562 284.1529541015625 193.37770080566406
