horse 0.6017112135887146 276.3162841796875 257.0229797363281 320.0126037597656 293.4296569824219
sheep 0.5836803913116455 57.09172058105469 6.944088935852051 227.958984375 169.93325805664062
dog 0.5750057101249695 56.21015167236328 0.19748210906982422 231.72836303710938 167.8399200439453
bird 0.40130844712257385 56.05847930908203 0.6715965270996094 233.8491973876953 163.38009643554688
bottle 0.23273049294948578 208.8126678466797 23.910125732421875 422.8650207519531 365.6538391113281
person 0.1551199108362198 262.1778259277344 261.6578674316406 272.865966796875 282.0154724121094
cat 0.11758165806531906 60.19206619262695 1.441361904144287 226.8089141845703 169.8878631591797
chair 0.0827554240822792 135.90496826171875 0.0 489.7605285644531 371.03826904296875
sheep 0.06663856655359268 5.6010637283325195 13.65745735168457 170.71498107910156 168.10101318359375
bird 0.06429031491279602 0.3573577105998993 28.3834228515625 147.12962341308594 159.89385986328125
