person 0.9954822063446045 38.327423095703125 22.9462890625 297.31646728515625 438.2604675292969
cat 0.8638176918029785 33.337650299072266 216.17025756835938 198.42413330078125 317.3682861328125
pottedplant 0.7490495443344116 93.31098937988281 100.10952758789062 175.142333984375 220.94613647460938
person 0.7365441918373108 1.965927004814148 17.00214958190918 53.87852478027344 133.34133911132812
pottedplant 0.7250670790672302 7.6175971031188965 116.0753402709961 105.01433563232422 258.79486083984375
sofa 0.7237672805786133 19.812387466430664 372.3245544433594 299.0 500.0000305175781
cat 0.6938644647598267 96.87635803222656 215.14178466796875 196.88153076171875 277.80316162109375
sofa 0.6240987777709961 0.0 274.5002136230469 298.3593444824219 491.8923645019531
pottedplant 0.5223793983459473 0.4685653746128082 80.99234008789062 51.27438735961914 229.65931701660156
person 0.3934731185436249 120.56756591796875 22.77957534790039 295.3841247558594 303.8746643066406
dog 0.33124467730522156 93.9469985961914 214.5409698486328 199.50094604492188 277.2608337402344
diningtable 0.30155348777770996 0.0 300.92578125 289.49932861328125 430.0725402832031
person 0.2566471993923187 31.9924373626709 188.36160278320312 244.6814422607422 500.0000305175781
person 0.21524597704410553 0.890457272529602 1.6897964477539062 17.097904205322266 73.7245864868164
dog 0.1648571491241455 34.85587692260742 218.12759399414062 201.47396850585938 316.0382995605469
cat 0.13017550110816956 38.69388961791992 155.46286010742188 278.9516296386719 500.0000305175781
chair 0.13016974925994873 27.270610809326172 248.35252380371094 299.0 492.0730895996094
cat 0.12128054350614548 97.35629272460938 215.72225952148438 196.06509399414062 407.1932373046875
pottedplant 0.11263228207826614 232.6538543701172 72.8405990600586 275.95684814453125 115.6335220336914
dog 0.10753638297319412 30.84006118774414 227.40646362304688 258.422607421875 493.4492492675781
person 0.08978430181741714 1.051499366760254 3.6251187324523926 21.6964111328125 121.23439025878906
pottedplant 0.07732253521680832 0.0 60.049041748046875 54.2609748840332 160.998046875
person 0.07560807466506958 41.751312255859375 322.40228271484375 272.5558776855469 491.3146057128906
tvmonitor 0.07129115611314774 0.41419753432273865 165.73397827148438 33.182193756103516 226.9812774658203
pottedplant 0.0684724748134613 13.298730850219727 30.59531593322754 163.57733154296875 283.7435302734375
person 0.06662393361330032 126.10704803466797 24.53641700744629 140.85897827148438 55.89197540283203
person 0.06430978327989578 40.99081039428711 211.26649475097656 195.00588989257812 316.5809326171875
pottedplant 0.06310475617647171 233.44725036621094 72.5232162475586 256.2975769042969 108.53160095214844
chair 0.060487035661935806 250.0844268798828 390.53472900390625 299.0 500.0000305175781
person 0.05789084732532501 105.29938507080078 217.29429626464844 283.687744140625 493.0159912109375
pottedplant 0.05666268244385719 1.0605597496032715 122.60774993896484 33.6683349609375 232.15736389160156
chair 0.05031866952776909 29.79316520690918 378.1083068847656 299.0 494.6625671386719
