tvmonitor 0.9765719771385193 150.9573516845703 130.4541778564453 234.26353454589844 199.21649169921875
tvmonitor 0.6717077493667603 123.77583312988281 50.105167388916016 251.3636474609375 102.0910415649414
pottedplant 0.6464813351631165 309.41217041015625 153.04446411132812 360.32476806640625 314.77423095703125
pottedplant 0.48324689269065857 289.0216369628906 56.482078552246094 385.0177917480469 279.7334289550781
sofa 0.3675943911075592 0.0 226.20643615722656 144.76010131835938 373.1595153808594
tvmonitor 0.2728283703327179 401.1007995605469 129.2902069091797 424.2779235839844 148.7373046875
tvmonitor 0.2328905463218689 185.9163818359375 57.039772033691406 254.8560028076172 101.61599731445312
chair 0.22325699031352997 386.4411926269531 157.07235717773438 427.193603515625 197.9468536376953
pottedplant 0.1482047438621521 345.36859130859375 185.5086669921875 376.33941650390625 220.6527099609375
bottle 0.1466224193572998 439.03240966796875 296.0497131347656 465.6966552734375 375.0
chair 0.14191296696662903 455.18212890625 249.84732055664062 500.0 302.4525451660156
chair 0.13675393164157867 281.86663818359375 165.1773223876953 311.2708740234375 212.9812469482422
chair 0.13059209287166595 462.4906311035156 174.88673400878906 497.42266845703125 218.75340270996094
bottle 0.1127704456448555 359.478271484375 151.04298400878906 382.3816833496094 195.9288330078125
person 0.10326612740755081 359.3208312988281 150.93768310546875 382.662353515625 193.7593536376953
pottedplant 0.09096876531839371 310.8110046386719 156.19000244140625 359.1914978027344 240.4958953857422
bottle 0.08836086839437485 460.98760986328125 190.82000732421875 475.7519836425781 219.418212890625
bottle 0.07228117436170578 463.3095397949219 270.1934509277344 499.1626892089844 371.66558837890625
bottle 0.07098671048879623 384.46331787109375 172.90667724609375 401.6250305175781 199.95677185058594
diningtable 0.06657864153385162 317.2107849121094 223.1870880126953 498.3953552246094 366.8200378417969
diningtable 0.0578603520989418 0.10521551221609116 232.93002319335938 133.2718963623047 374.7284240722656
chair 0.05737946182489395 319.19512939453125 261.92059326171875 435.9160461425781 366.1526184082031
tvmonitor 0.050296612083911896 408.58538818359375 90.45796966552734 432.9172668457031 109.74111938476562
