diningtable 0.9839962124824524 0.0 264.10052490234375 206.83480834960938 371.59356689453125
chair 0.9440443515777588 120.8773422241211 263.53619384765625 222.9250946044922 371.9044189453125
bottle 0.729028582572937 26.856016159057617 266.16552734375 52.8293342590332 343.13592529296875
chair 0.6986987590789795 56.00300216674805 270.2150573730469 145.79698181152344 374.3125305175781
chair 0.6127099990844727 88.18492126464844 247.571044921875 182.3167724609375 367.734130859375
chair 0.3659484088420868 121.80868530273438 241.02244567871094 181.9447784423828 343.33599853515625
diningtable 0.17065252363681793 0.0 285.322509765625 123.37447357177734 374.40447998046875
chair 0.11107869446277618 124.96443176269531 238.21762084960938 183.39170837402344 277.68499755859375
chair 0.08425943553447723 2.1609795093536377 240.09266662597656 31.380516052246094 283.3338317871094
chair 0.06187594681978226 55.078617095947266 252.5160369873047 127.5008544921875 284.0742492675781
diningtable 0.05481061711907387 0.0 264.7886047363281 474.7203369140625 369.52178955078125
chair 0.05367420241236687 172.39328002929688 331.8973083496094 423.5524597167969 374.992919921875
tvmonitor 0.05351855233311653 425.18634033203125 101.72441101074219 496.962158203125 338.31365966796875
