dog 0.8882635235786438 147.383544921875 133.77719116210938 343.40509033203125 330.8050842285156
person 0.8315557241439819 11.466107368469238 0.0 368.61968994140625 500.0
sofa 0.6932684183120728 14.969301223754883 0.0 367.53302001953125 377.03485107421875
dog 0.3905406892299652 39.78190994262695 87.1285171508789 367.5417785644531 478.3035888671875
person 0.1749178022146225 225.0966796875 52.6275634765625 364.9476623535156 235.69851684570312
sofa 0.13981717824935913 0.0 122.36507415771484 371.6338806152344 497.4046936035156
person 0.10894645005464554 3.4814929962158203 1.8701177835464478 195.5623779296875 409.42962646484375
sofa 0.09182538837194443 156.07518005371094 4.641978740692139 375.0 236.81719970703125
person 0.0912027508020401 121.08908081054688 40.38391876220703 365.28515625 347.78436279296875
dog 0.06265991926193237 229.05615234375 146.49795532226562 344.0303649902344 227.1421356201172
sheep 0.0573175847530365 240.9974365234375 147.27500915527344 337.4997863769531 227.2633514404297
