cat 0.9658685326576233 0.0 164.9759063720703 453.14349365234375 308.84796142578125
sofa 0.6444419026374817 0.0 0.0 500.0 349.18609619140625
person 0.6123520135879517 0.0 1.2302255630493164 468.9078369140625 292.31231689453125
dog 0.3328835368156433 0.0 156.82421875 419.70343017578125 307.1201171875
person 0.2819094657897949 159.41891479492188 1.5080738067626953 475.4471740722656 200.9101104736328
person 0.19599196314811707 0.5827039480209351 22.407947540283203 127.18275451660156 263.3684387207031
chair 0.1695268154144287 71.93301391601562 3.8338279724121094 252.8558349609375 188.67965698242188
chair 0.13863474130630493 0.0 34.33258819580078 500.0 327.80572509765625
cat 0.0685659870505333 166.36082458496094 161.93032836914062 451.49554443359375 274.49468994140625
sofa 0.05961623042821884 0.0 220.9971923828125 500.0 369.61602783203125
