person 0.9922123551368713 1.6775579452514648 135.39231872558594 208.88392639160156 369.9733581542969
person 0.9767654538154602 216.8117218017578 114.53691864013672 388.8888244628906 373.5171813964844
person 0.9744517803192139 346.06683349609375 103.2740707397461 490.7834167480469 374.3833923339844
person 0.9721837639808655 70.02863311767578 220.26097106933594 263.7982482910156 373.926513671875
bottle 0.9223650693893433 158.66357421875 314.54888916015625 205.8893585205078 375.0
person 0.44999945163726807 270.87982177734375 101.62064361572266 444.36737060546875 375.0
bottle 0.22119475901126862 76.3089828491211 331.69952392578125 105.36803436279297 374.83740234375
bottle 0.12941935658454895 74.53401947021484 329.8270568847656 138.9755401611328 375.0
person 0.12583878636360168 122.14015197753906 202.99615478515625 329.6600036621094 375.0
sofa 0.08277017623186111 50.28233337402344 200.563720703125 492.0924072265625 365.6129150390625
pottedplant 0.0708579495549202 473.72906494140625 0.0 493.1980285644531 19.607975006103516
person 0.06988148391246796 401.3331298828125 110.15235900878906 476.1784362792969 253.14822387695312
