bus 0.9831137657165527 121.80618286132812 64.88594055175781 380.26239013671875 316.2238464355469
person 0.9317346215248108 402.31744384765625 150.03929138183594 434.58331298828125 262.5738220214844
person 0.9238640666007996 452.0646667480469 154.733154296875 482.4727783203125 264.608642578125
person 0.9017456769943237 474.0501403808594 127.8038101196289 498.7222595214844 298.2416687011719
person 0.8846040964126587 321.3897705078125 130.62142944335938 349.1637878417969 153.3642578125
person 0.8555421829223633 425.38214111328125 162.3223114013672 449.8338317871094 261.0214538574219
person 0.8093945980072021 387.2711486816406 164.45208740234375 407.9803466796875 252.5167236328125
person 0.7815385460853577 364.38671875 159.57080078125 385.172119140625 246.41282653808594
car 0.7525391578674316 375.5434875488281 171.21102905273438 397.1894836425781 234.4485626220703
person 0.46692100167274475 460.8152770996094 146.4160614013672 491.9989013671875 289.7471008300781
person 0.3070363402366638 392.5773620605469 154.4502716064453 421.5277404785156 258.4884948730469
person 0.16206830739974976 289.022216796875 128.4420623779297 349.51629638671875 154.18759155273438
person 0.15164311230182648 186.2346954345703 137.53732299804688 202.0819091796875 151.86993408203125
car 0.14105385541915894 369.9931945800781 168.07315063476562 410.3797302246094 245.36590576171875
car 0.13517458736896515 410.151123046875 141.55189514160156 463.99591064453125 170.77601623535156
car 0.13122333586215973 120.69014739990234 78.95887756347656 365.6829528808594 318.9484558105469
person 0.12766298651695251 453.2948303222656 160.20306396484375 477.3828430175781 222.27078247070312
person 0.09700937569141388 201.2205810546875 132.81622314453125 222.2918701171875 152.38746643066406
person 0.08999048918485641 287.1435852050781 110.84110260009766 334.3243408203125 153.33099365234375
car 0.08715501427650452 373.3428649902344 172.50997924804688 399.4249572753906 204.31861877441406
tvmonitor 0.06503984332084656 412.68804931640625 141.0738067626953 465.35382080078125 168.04396057128906
train 0.06377717852592468 118.54387664794922 58.71480178833008 378.4597473144531 323.98858642578125
person 0.06092112138867378 224.4069061279297 129.7197265625 234.84173583984375 152.56375122070312
car 0.05172039940953255 373.5491638183594 162.50779724121094 440.14691162109375 253.75314331054688
