person 0.9787808656692505 41.36050033569336 80.82644653320312 194.2761688232422 350.2978515625
diningtable 0.9618036150932312 101.63130950927734 127.0716323852539 483.47430419921875 375.0
person 0.9560964107513428 360.9618225097656 83.5648193359375 415.6465759277344 192.11505126953125
person 0.9547068476676941 245.05770874023438 67.48785400390625 325.2013854980469 149.80670166015625
person 0.9385975003242493 165.67330932617188 80.13194274902344 242.80982971191406 168.9741973876953
person 0.926544725894928 376.8630676269531 91.29622650146484 479.1788330078125 280.6396179199219
person 0.9232622981071472 109.6572494506836 83.10425567626953 238.97508239746094 226.1129150390625
person 0.7226337194442749 40.654640197753906 66.01651763916016 69.61207580566406 101.40953063964844
chair 0.6143625378608704 9.78818416595459 197.43338012695312 139.30506896972656 375.0
person 0.6001170873641968 72.92292022705078 57.76287078857422 98.84159088134766 83.8250961303711
bottle 0.5138478875160217 279.25830078125 143.0756378173828 296.1102294921875 184.16204833984375
bottle 0.4772090017795563 374.46160888671875 246.81021118164062 437.2291564941406 303.550537109375
person 0.4274165630340576 366.3692932128906 84.7696533203125 461.6598815917969 198.5357666015625
chair 0.3709527254104614 360.4190673828125 113.57508087158203 464.93365478515625 180.25291442871094
chair 0.3011317551136017 0.0 131.13055419921875 42.652069091796875 281.3481140136719
chair 0.23359830677509308 460.5447998046875 161.1401824951172 480.75457763671875 191.6156463623047
chair 0.22900819778442383 459.7557678222656 189.26324462890625 500.0 372.19573974609375
chair 0.20407675206661224 462.0027770996094 162.46389770507812 493.9210510253906 214.367431640625
pottedplant 0.15554465353488922 255.664794921875 59.18743133544922 321.44696044921875 110.54948425292969
chair 0.11340778321027756 0.0 126.33381652832031 24.22031593322754 209.7620849609375
chair 0.10256398469209671 474.546875 247.74366760253906 499.151123046875 321.4919128417969
chair 0.09711547195911407 1.5707464218139648 195.8106689453125 58.191993713378906 375.0
chair 0.053667258471250534 469.77496337890625 167.51116943359375 497.6506042480469 266.2220153808594
