car 0.9966865181922913 41.569522857666016 23.196887969970703 470.911376953125 343.50714111328125
person 0.952989935874939 334.4999694824219 62.98699188232422 354.3501892089844 86.3089370727539
person 0.9020671844482422 439.7155456542969 60.02838897705078 471.9599609375 85.18221282958984
person 0.870817244052887 470.2689208984375 62.17075729370117 492.4667053222656 83.36903381347656
bottle 0.5899038314819336 65.16983032226562 195.7501220703125 101.33738708496094 232.0576934814453
car 0.5511683821678162 61.99232482910156 21.439104080200195 375.3436584472656 222.42242431640625
car 0.3830340802669525 161.4522705078125 119.7623519897461 349.1541442871094 202.36117553710938
car 0.2634069621562958 337.67047119140625 80.03900146484375 472.9757080078125 224.89732360839844
bottle 0.19732238352298737 351.0776062011719 26.34522247314453 372.78082275390625 84.73784637451172
car 0.09530144184827805 122.45689392089844 84.47306823730469 385.18585205078125 205.3394775390625
chair 0.07283364981412888 153.77967834472656 4.759486198425293 196.3271484375 26.367338180541992
car 0.07116862386465073 72.35588836669922 131.47341918945312 319.00848388671875 232.1742706298828
person 0.0633535087108612 457.8935852050781 60.21135711669922 487.8385009765625 84.144775390625
pottedplant 0.06322892010211945 427.0267028808594 54.92296600341797 441.4835510253906 85.96536254882812
car 0.055435340851545334 365.5096435546875 80.16986083984375 490.6085510253906 162.84413146972656
car 0.054132942110300064 166.5556182861328 152.3651580810547 297.4617919921875 199.81680297851562
car 0.05210859701037407 94.23114776611328 0.15688955783843994 146.01869201660156 15.935962677001953
car 0.05088212341070175 271.9103698730469 77.07820129394531 465.7974853515625 276.1116638183594
