cow 0.9814817905426025 408.6026916503906 32.10527801513672 457.7796325683594 132.25820922851562
cow 0.9560433030128479 372.4665832519531 36.191551208496094 412.3895263671875 122.20055389404297
cow 0.9553866386413574 179.95062255859375 77.64391326904297 352.5859069824219 218.8192901611328
cow 0.9507318735122681 123.34899139404297 65.98334503173828 261.96966552734375 202.21478271484375
bird 0.9371741414070129 111.22309112548828 195.10462951660156 143.22999572753906 245.289794921875
cow 0.8982102274894714 265.2415466308594 27.293729782104492 409.0341796875 209.8871612548828
bird 0.8933834433555603 156.3520050048828 135.25013732910156 178.08078002929688 185.66757202148438
cow 0.8348574638366699 455.6096496582031 37.72518539428711 489.50958251953125 131.99586486816406
bird 0.8331992030143738 55.53726577758789 146.0234832763672 107.76653289794922 188.27667236328125
bird 0.7895318865776062 45.88385772705078 192.1959228515625 72.58914184570312 233.40895080566406
cow 0.7478711605072021 386.337158203125 34.101558685302734 441.7044372558594 127.3265151977539
bird 0.5045958757400513 54.9161491394043 155.9138946533203 88.47899627685547 188.62266540527344
bird 0.35715335607528687 49.29500198364258 174.20741271972656 66.9559555053711 200.3087158203125
sheep 0.29111620783805847 169.68028259277344 81.39734649658203 346.7738037109375 216.54092407226562
bird 0.24839317798614502 68.07138061523438 146.2952880859375 108.5744857788086 167.56610107421875
sheep 0.17997033894062042 118.33128356933594 63.772666931152344 263.4644775390625 196.32351684570312
sheep 0.1603836864233017 280.4180603027344 28.99623680114746 410.83062744140625 208.7955322265625
bird 0.12135269492864609 46.26519012451172 176.15927124023438 68.68742370605469 212.7715606689453
cow 0.1120530217885971 469.72039794921875 26.766407012939453 499.340087890625 131.6336669921875
horse 0.09789188206195831 119.8224105834961 63.277889251708984 262.60345458984375 197.72796630859375
sheep 0.09271340817213058 56.01404571533203 159.18531799316406 84.59273529052734 189.5563507080078
cow 0.09056238830089569 425.40167236328125 31.834884643554688 493.4770812988281 132.3145294189453
cow 0.07745781540870667 183.18832397460938 81.80854797363281 276.02508544921875 207.3404541015625
bird 0.06763912737369537 5.372097492218018 123.78717041015625 18.403749465942383 141.21070861816406
sheep 0.060431115329265594 155.1059112548828 135.92686462402344 178.64625549316406 186.269775390625
sheep 0.05311660096049309 45.63141632080078 193.04928588867188 72.8104019165039 234.68299865722656
horse 0.050471603870391846 180.25758361816406 80.88024139404297 351.8578796386719 222.0461883544922
