person 0.9815906286239624 419.52752685546875 128.68203735351562 488.5798034667969 286.99200439453125
person 0.9392931461334229 365.7954406738281 164.888427734375 408.4145812988281 211.9364013671875
person 0.9099428057670593 306.3501281738281 172.72378540039062 334.513671875 223.96388244628906
tvmonitor 0.8566839098930359 359.25286865234375 138.96250915527344 408.70098876953125 168.4250030517578
person 0.7996770143508911 129.64683532714844 150.08914184570312 162.61329650878906 248.563720703125
person 0.7619774341583252 131.78726196289062 150.1340789794922 161.98179626464844 193.68446350097656
chair 0.7569102644920349 105.7159423828125 199.24180603027344 154.76510620117188 272.4194030761719
person 0.7220616936683655 231.23194885253906 159.4217529296875 266.9112854003906 260.6661682128906
diningtable 0.7053758502006531 117.76029968261719 188.548828125 259.6741638183594 291.9573059082031
chair 0.4663582444190979 159.40914916992188 199.40972900390625 197.39987182617188 281.2580261230469
person 0.40255042910575867 231.01686096191406 160.3622283935547 259.1059875488281 191.32635498046875
diningtable 0.28723859786987305 120.61798095703125 196.11187744140625 264.0768127441406 247.6728973388672
tvmonitor 0.20782384276390076 17.379188537597656 217.94357299804688 36.78049087524414 278.3951110839844
tvmonitor 0.1814274787902832 97.03282928466797 138.220458984375 112.6139907836914 151.3662872314453
chair 0.12636008858680725 193.59799194335938 178.1770782470703 242.8094482421875 296.1722717285156
diningtable 0.12420385330915451 191.4877471923828 184.88424682617188 304.25970458984375 291.977783203125
person 0.10381404310464859 304.2908630371094 170.06507873535156 336.2235412597656 278.40472412109375
diningtable 0.09859079122543335 239.43057250976562 191.66793823242188 309.66229248046875 285.717041015625
diningtable 0.08538779616355896 120.30692291259766 188.14138793945312 197.9399871826172 200.16812133789062
chair 0.078622005879879 353.2247009277344 193.9829559326172 384.6114196777344 227.03717041015625
boat 0.07689806818962097 256.94818115234375 92.76338958740234 276.122802734375 108.11991882324219
pottedplant 0.07266698777675629 276.8406677246094 155.80282592773438 303.80010986328125 192.35394287109375
person 0.05241594836115837 198.076904296875 165.37197875976562 259.18768310546875 277.2666320800781
