cat 0.9907979965209961 175.77032470703125 59.06816482543945 434.39471435546875 338.24072265625
sofa 0.7072479128837585 4.089584827423096 0.0 500.0 318.59332275390625
dog 0.1778368353843689 62.29777145385742 24.34697723388672 471.2085876464844 323.87353515625
chair 0.1759791225194931 38.8721809387207 0.0 500.0 365.2279052734375
cat 0.14074839651584625 27.783235549926758 13.971734046936035 384.67510986328125 334.90557861328125
sofa 0.12140302360057831 13.986040115356445 0.0 416.9713439941406 173.5595703125
chair 0.08300470560789108 425.40380859375 0.0 500.0 194.6025848388672
person 0.06049033999443054 477.9737548828125 151.3685760498047 498.48248291015625 364.07159423828125
sheep 0.0597396194934845 50.36122131347656 8.400778770446777 379.3773193359375 159.40304565429688
cat 0.05851788818836212 298.04168701171875 22.03478240966797 493.2783508300781 356.9699401855469
cat 0.051825933158397675 51.68024444580078 4.37373161315918 458.98846435546875 159.9446258544922
person 0.0512789711356163 54.55305099487305 0.0 475.4342346191406 307.36358642578125
