person 0.9957610964775085 13.513203620910645 5.72087287902832 404.841796875 374.37548828125
bird 0.9722414612770081 410.81768798828125 243.8916778564453 492.0365905761719 313.59991455078125
boat 0.8690667152404785 434.36883544921875 56.160308837890625 499.447265625 134.34262084960938
pottedplant 0.5001318454742432 2.701707601547241 0.48980712890625 88.37147521972656 96.1548843383789
person 0.41600850224494934 133.30880737304688 88.4173812866211 452.8667297363281 373.4594421386719
boat 0.27351099252700806 432.35614013671875 52.87995910644531 496.8199462890625 89.64348602294922
car 0.2559525668621063 0.3196902573108673 40.82257080078125 82.84712219238281 87.84291076660156
person 0.21170398592948914 92.86317443847656 4.400153160095215 340.6360168457031 273.62921142578125
person 0.17832957208156586 1.9559520483016968 66.0761947631836 229.6328125 372.18377685546875
boat 0.1672857403755188 342.8816223144531 63.1708869934082 450.24615478515625 103.06169891357422
pottedplant 0.15804898738861084 435.3171081542969 0.0 498.5216064453125 131.7293701171875
boat 0.11169341206550598 431.7443542480469 10.149887084960938 496.8815002441406 121.01091003417969
boat 0.06565596163272858 393.724609375 34.939632415771484 467.24407958984375 95.70576477050781
boat 0.059660762548446655 356.4497375488281 58.76387405395508 490.9735107421875 134.8011016845703
car 0.0542486235499382 431.26739501953125 52.82071304321289 496.4464111328125 74.74923706054688
boat 0.05343400686979294 447.2579345703125 84.82987213134766 498.80267333984375 135.0328826904297
pottedplant 0.05291135609149933 448.3085632324219 0.0 497.8763122558594 77.8886489868164
