bicycle 0.9700840711593628 82.93279266357422 102.22185516357422 369.99267578125 293.7301330566406
bicycle 0.4995875060558319 223.2965545654297 109.03882598876953 370.7336120605469 288.5713195800781
person 0.4357912838459015 55.46601486206055 26.663867950439453 490.3526306152344 263.2550048828125
person 0.2809123396873474 245.19386291503906 67.85643768310547 494.19989013671875 297.854248046875
tvmonitor 0.26052314043045044 475.1025695800781 246.6998291015625 499.572998046875 287.7543029785156
tvmonitor 0.259420245885849 423.4927062988281 209.93276977539062 497.33331298828125 305.8618469238281
chair 0.1719835102558136 130.9208221435547 103.33648681640625 326.3772888183594 283.8479309082031
tvmonitor 0.14354892075061798 461.2593688964844 236.55870056152344 498.3804626464844 293.9002380371094
tvmonitor 0.12817175686359406 431.14410400390625 227.09461975097656 464.0467529296875 278.45550537109375
motorbike 0.10654088854789734 81.78302001953125 96.0173568725586 367.8243408203125 284.9429626464844
person 0.10606148093938828 17.792993545532227 43.663143157958984 341.1537780761719 329.60894775390625
sheep 0.09050457924604416 267.8939208984375 35.748924255371094 311.4358215332031 54.05579376220703
bicycle 0.08892488479614258 185.61085510253906 113.1015625 473.7158508300781 271.11651611328125
bicycle 0.06146857514977455 71.89777374267578 158.2765350341797 297.5278015136719 276.62078857421875
person 0.058462247252464294 168.7879638671875 75.6814193725586 412.9914245605469 292.5113220214844
motorbike 0.052797894924879074 239.78909301757812 102.58145141601562 370.82275390625 263.432861328125
