person 0.9991508722305298 141.22813415527344 62.986907958984375 317.6101989746094 315.33355712890625
motorbike 0.9512374997138977 16.279682159423828 86.72311401367188 368.1019592285156 366.37298583984375
motorbike 0.5124728083610535 355.2643737792969 74.5301742553711 496.8707275390625 306.25738525390625
person 0.31325268745422363 417.2892761230469 22.782011032104492 494.73626708984375 304.4649658203125
motorbike 0.2814209461212158 371.5137634277344 84.24836730957031 465.31689453125 229.9327392578125
motorbike 0.264331579208374 351.8981018066406 133.5793914794922 460.9253845214844 265.44189453125
bicycle 0.2359209507703781 391.1247863769531 159.6430206298828 500.0 271.53424072265625
bicycle 0.16674365103244781 393.95062255859375 19.789222717285156 500.0 335.5987854003906
bicycle 0.15445071458816528 355.7961120605469 118.58222961425781 500.0 310.717041015625
person 0.09749683737754822 378.37518310546875 53.88206100463867 476.7502136230469 235.055908203125
person 0.09126698970794678 441.7539367675781 26.25103759765625 496.3117370605469 174.32618713378906
cow 0.06255023926496506 373.2120056152344 84.73729705810547 461.1195373535156 210.7294158935547
bird 0.05983079597353935 444.3283996582031 27.447608947753906 497.5399475097656 183.92808532714844
bicycle 0.05675571784377098 434.6295471191406 178.9011688232422 500.0 270.48553466796875
