person 0.9936699271202087 198.0225830078125 69.755126953125 280.35174560546875 277.9288635253906
person 0.9918448328971863 110.54011535644531 24.76410675048828 194.1937255859375 252.44692993164062
boat 0.9902094602584839 123.09248352050781 0.0 497.4664306640625 375.0
boat 0.9587393403053284 328.0381774902344 128.03921508789062 495.38299560546875 230.3354949951172
boat 0.9576379656791687 357.8907470703125 62.97795104980469 415.0599670410156 96.05340576171875
boat 0.8872647285461426 408.3494873046875 6.419119834899902 497.2826232910156 130.62022399902344
boat 0.7693660855293274 379.8125 130.1356658935547 497.1535339355469 194.5968475341797
boat 0.759097695350647 5.833831787109375 229.1895751953125 132.94570922851562 274.3995666503906
boat 0.7363599538803101 410.9789733886719 81.20054626464844 499.06536865234375 127.47992706298828
boat 0.2811794579029083 296.39501953125 74.8061752319336 492.64263916015625 247.28070068359375
boat 0.19209547340869904 359.745849609375 3.583434820175171 419.1424560546875 93.27974700927734
boat 0.17635206878185272 295.0197448730469 65.15023803710938 326.8478088378906 89.52657318115234
boat 0.16480572521686554 81.89067077636719 134.4230499267578 436.66046142578125 371.20709228515625
boat 0.13149964809417725 445.11871337890625 92.94764709472656 500.0 131.2977752685547
boat 0.11311877518892288 417.19659423828125 3.3862459659576416 475.900390625 91.73377990722656
boat 0.0954660177230835 466.794677734375 107.08866882324219 500.0 134.3479766845703
car 0.0884203240275383 356.5124816894531 61.41921615600586 406.58233642578125 92.2735366821289
person 0.08026477694511414 143.55746459960938 61.559852600097656 195.9707794189453 248.2871856689453
boat 0.06108525022864342 325.9779357910156 2.7666842937469482 440.4167175292969 99.98123931884766
person 0.06011930853128433 37.50803756713867 231.41799926757812 90.53965759277344 261.79205322265625
person 0.05097543075680733 123.42012023925781 46.721527099609375 238.32083129882812 275.0102844238281
