horse 0.9021708369255066 78.69751739501953 241.25787353515625 131.58604431152344 302.4606018066406
tvmonitor 0.7189712524414062 101.23765563964844 202.41790771484375 133.43276977539062 245.8303985595703
horse 0.5828219652175903 223.4671173095703 209.61911010742188 300.588623046875 312.0512390136719
horse 0.4669138491153717 214.68612670898438 212.95704650878906 303.6394958496094 493.3748779296875
horse 0.18242326378822327 71.20545196533203 0.0 369.32037353515625 500.0
horse 0.1520957052707672 75.19869232177734 210.8635711669922 331.9337463378906 489.1776123046875
horse 0.10998064279556274 84.72642517089844 233.82847595214844 285.5252990722656 318.5863342285156
horse 0.061624035239219666 81.0206069946289 245.54078674316406 133.0354766845703 363.0182189941406
horse 0.05250362306833267 75.787841796875 232.93214416503906 139.80601501464844 493.5489501953125
bird 0.05142887309193611 77.20003509521484 240.96194458007812 133.22537231445312 303.5354309082031
