aeroplane 0.9772325158119202 45.93388366699219 77.91683197021484 360.3214416503906 225.81491088867188
person 0.9436978697776794 167.84779357910156 174.4385223388672 186.43948364257812 213.84947204589844
car 0.9350029230117798 4.267149925231934 157.5691680908203 160.36529541015625 229.5413360595703
aeroplane 0.6922791600227356 186.7876739501953 80.39520263671875 345.9053039550781 214.5739288330078
aeroplane 0.6853440999984741 134.31515502929688 80.08447265625 490.3329162597656 240.0950164794922
person 0.47362637519836426 297.3179626464844 183.09996032714844 315.181640625 213.63507080078125
aeroplane 0.4387281537055969 81.97489929199219 141.91046142578125 336.76806640625 230.2332763671875
aeroplane 0.39033740758895874 247.44656372070312 75.94210815429688 344.1030578613281 164.21205139160156
aeroplane 0.34894227981567383 191.58096313476562 139.90924072265625 309.5832214355469 224.02650451660156
aeroplane 0.21165893971920013 295.83856201171875 118.51602935791016 498.6897888183594 244.15211486816406
tvmonitor 0.1795751452445984 311.28558349609375 142.25872802734375 337.36065673828125 198.1382293701172
bus 0.160302072763443 6.227720260620117 156.69207763671875 159.15074157714844 229.76763916015625
tvmonitor 0.14760719239711761 423.6331481933594 138.93353271484375 495.10137939453125 231.26617431640625
person 0.11254238337278366 299.24420166015625 191.52830505371094 311.54254150390625 213.50184631347656
tvmonitor 0.10664816945791245 342.0395202636719 127.54157257080078 387.5297546386719 216.06280517578125
aeroplane 0.0889008641242981 315.4504699707031 76.0845718383789 342.0140686035156 136.5667724609375
boat 0.065129853785038 196.03076171875 79.3831558227539 324.45245361328125 99.72309875488281
car 0.06395281106233597 222.57177734375 142.50091552734375 306.0249328613281 211.49920654296875
