person 0.9886200428009033 21.64600372314453 100.46881103515625 188.5019073486328 372.094970703125
person 0.9655796885490417 330.73663330078125 66.00531768798828 496.6725769042969 375.0
person 0.9613379240036011 244.60987854003906 147.17156982421875 471.12725830078125 374.1200256347656
chair 0.6734128594398499 138.45364379882812 54.407501220703125 500.0 371.6515808105469
chair 0.4285193085670471 186.81326293945312 216.16278076171875 477.88494873046875 370.8072509765625
chair 0.3110449016094208 4.340495586395264 202.88580322265625 248.02821350097656 375.0
chair 0.2821255326271057 203.864013671875 64.67108917236328 396.1946716308594 293.0391845703125
chair 0.2090466469526291 181.2474365234375 224.5154571533203 339.494384765625 374.05816650390625
chair 0.20356987416744232 4.374813556671143 62.99234390258789 179.72792053222656 338.734130859375
chair 0.1766626089811325 7.234391212463379 60.840660095214844 146.31051635742188 207.30206298828125
person 0.1619693487882614 222.52345275878906 63.101383209228516 431.0426330566406 267.3591003417969
chair 0.08796416223049164 141.767333984375 133.3303680419922 375.27740478515625 368.72869873046875
person 0.084913469851017 219.10006713867188 144.95875549316406 370.8771057128906 370.51116943359375
sofa 0.07237779349088669 2.9016034603118896 45.63964080810547 500.0 362.48675537109375
person 0.06354552507400513 332.8079528808594 62.878883361816406 429.37811279296875 253.52560424804688
person 0.06271754950284958 110.60806274414062 61.54766845703125 474.1580810546875 352.6833190917969
sofa 0.05948595330119133 163.67652893066406 204.19912719726562 497.4565734863281 370.8937683105469
chair 0.05562611669301987 420.75537109375 213.02581787109375 498.4555969238281 312.5767822265625
