bottle 0.9043837785720825 18.24431610107422 68.10079956054688 484.93548583984375 375.0
bottle 0.42187389731407166 165.837158203125 81.59130859375 379.0897521972656 374.7345275878906
bottle 0.32874342799186707 253.82412719726562 54.09330368041992 477.8287048339844 356.60040283203125
chair 0.2001805603504181 358.1352844238281 3.0597639083862305 498.7052307128906 274.9586181640625
pottedplant 0.1666468232870102 87.06632232666016 20.776077270507812 487.848876953125 353.62994384765625
chair 0.15746045112609863 330.18743896484375 0.9016013145446777 500.0 94.77253723144531
bottle 0.12678658962249756 12.67436408996582 86.39631652832031 223.45152282714844 375.0
bottle 0.09497416019439697 356.062744140625 9.880914688110352 493.9182434082031 367.8455505371094
pottedplant 0.0805460512638092 306.63763427734375 1.9317054748535156 494.8894348144531 268.5262451171875
person 0.06543170660734177 6.084707260131836 62.04827880859375 341.4967041015625 375.0
car 0.05563496798276901 0.0 72.24015808105469 500.0 368.0806884765625
