cat 0.9097878336906433 142.89254760742188 76.96820068359375 362.4703063964844 329.5646667480469
chair 0.7820062637329102 0.0 0.0 87.51139068603516 164.0219268798828
dog 0.3263762295246124 134.99493408203125 73.84231567382812 374.2564697265625 319.387939453125
person 0.32594048976898193 346.8213806152344 2.564946413040161 500.0 80.83299255371094
motorbike 0.2749313712120056 342.40838623046875 0.970151424407959 500.0 80.28876495361328
person 0.24834424257278442 345.78912353515625 7.059803009033203 498.360595703125 374.41424560546875
person 0.21362634003162384 461.6973876953125 0.7747024297714233 498.7066955566406 44.57638168334961
cat 0.19320055842399597 5.115988731384277 70.52828216552734 291.1618957519531 271.28594970703125
bicycle 0.1539735347032547 342.60479736328125 2.522907257080078 500.0 82.9703369140625
person 0.13127413392066956 143.0731964111328 92.51634216308594 365.6929931640625 324.4476013183594
car 0.12164603918790817 346.9003601074219 0.0 500.0 80.97943115234375
diningtable 0.11265823245048523 0.0 202.81690979003906 473.1363525390625 375.0
diningtable 0.08657343685626984 2.580338716506958 23.940217971801758 84.54830932617188 163.0529022216797
cat 0.08080828189849854 309.19683837890625 1.746511459350586 495.32904052734375 370.70306396484375
sofa 0.06833646446466446 0.2695373594760895 21.69339942932129 85.06623077392578 167.45753479003906
boat 0.05865902826189995 351.1781005859375 2.247927188873291 497.7493896484375 88.62056732177734
chair 0.05773613974452019 346.5635986328125 3.7149417400360107 500.0 93.94758605957031
aeroplane 0.05187772586941719 346.644287109375 0.0 500.0 81.49264526367188
