motorbike 0.9928083419799805 76.61312103271484 3.4769582748413086 429.02227783203125 363.8000793457031
motorbike 0.9369249939918518 0.0 5.514650344848633 89.93177795410156 375.0
motorbike 0.8088372349739075 0.5203429460525513 0.0 39.31080627441406 375.0
car 0.7053787112236023 0.6776437759399414 178.06698608398438 33.30454635620117 373.7105407714844
person 0.5546247959136963 375.0361022949219 117.46904754638672 398.1285400390625 147.3596649169922
train 0.3708224892616272 1.0468517541885376 178.51776123046875 32.71342468261719 375.0
person 0.283421128988266 490.8147888183594 122.55064392089844 499.8055114746094 154.77586364746094
motorbike 0.26284438371658325 0.0 2.847933769226074 153.76309204101562 246.9743194580078
motorbike 0.23066450655460358 171.6843719482422 10.00462532043457 404.5775146484375 262.92645263671875
motorbike 0.14676889777183533 0.35220107436180115 8.392732620239258 103.68994140625 185.27146911621094
car 0.11555617302656174 248.66848754882812 0.0 494.15264892578125 200.06777954101562
motorbike 0.1076817736029625 9.819961547851562 26.818641662597656 211.7498016357422 330.6007080078125
car 0.09647182375192642 2.148315191268921 90.48175048828125 104.77035522460938 365.46856689453125
person 0.08628825843334198 3.257547616958618 22.019046783447266 80.26152038574219 372.723876953125
person 0.07518470287322998 490.33184814453125 121.72938537597656 499.66839599609375 195.05966186523438
bicycle 0.050078630447387695 1.7873860597610474 0.0 105.40682983398438 187.57122802734375
