car 0.9801326990127563 168.28981018066406 88.4228286743164 478.0966491699219 307.4150695800781
car 0.9633264541625977 0.08083760738372803 28.463603973388672 158.59884643554688 128.51756286621094
car 0.9522790312767029 436.73565673828125 70.94554901123047 498.82708740234375 128.04685974121094
car 0.9358473420143127 0.0 54.9363899230957 149.1200408935547 314.0835876464844
car 0.9315279126167297 460.6075439453125 46.44578170776367 499.8934326171875 73.28244018554688
car 0.9311177134513855 317.4579772949219 53.20197296142578 424.2047119140625 104.39421844482422
car 0.9125608801841736 134.99090576171875 44.3935661315918 249.17529296875 140.20445251464844
car 0.84961998462677 207.1920166015625 50.75497055053711 358.9783630371094 100.93466186523438
car 0.8368221521377563 262.29296875 51.759300231933594 396.6781921386719 99.6025619506836
car 0.2647061049938202 0.2600717544555664 29.72962188720703 115.93057250976562 86.84854888916016
car 0.22140643000602722 12.012191772460938 24.99209976196289 61.54481887817383 33.776710510253906
car 0.19661979377269745 165.498291015625 51.85397720336914 282.421142578125 96.79402923583984
car 0.14261439442634583 0.0 35.22678756713867 88.73155212402344 61.84846878051758
tvmonitor 0.1189899817109108 335.9032287597656 42.80999755859375 360.767822265625 54.686981201171875
car 0.11426065117120743 173.96539306640625 52.093421936035156 376.2198181152344 126.63446807861328
car 0.10886773467063904 20.50202751159668 25.492210388183594 108.96744537353516 36.47588348388672
car 0.06503564864397049 418.6785888671875 53.517967224121094 431.5680847167969 76.33068084716797
car 0.0514298714697361 74.07601165771484 33.54594039916992 155.15818786621094 116.08415985107422
