pottedplant 0.6661463379859924 454.78851318359375 242.60784912109375 467.3633728027344 256.82550048828125
pottedplant 0.5590897798538208 85.00861358642578 242.72845458984375 121.03633880615234 281.21246337890625
pottedplant 0.48358988761901855 419.6647033691406 247.72952270507812 434.62103271484375 261.89404296875
pottedplant 0.39274224638938904 435.4610595703125 246.44253540039062 451.2128601074219 262.0927734375
pottedplant 0.31971293687820435 467.28936767578125 234.2429656982422 487.0950012207031 254.20265197753906
pottedplant 0.2624952495098114 467.1285705566406 235.96478271484375 477.6123352050781 253.84722900390625
pottedplant 0.22435589134693146 406.3692626953125 254.4950714111328 414.2361145019531 267.2247009277344
pottedplant 0.20854812860488892 81.1164779663086 242.07521057128906 92.91954803466797 257.1030578613281
pottedplant 0.19805960357189178 395.78009033203125 254.72525024414062 406.2997741699219 267.52001953125
pottedplant 0.14998719096183777 402.1688537597656 254.0307159423828 410.2377014160156 266.1519775390625
pottedplant 0.11769099533557892 435.2190856933594 248.60337829589844 442.9266052246094 261.2291259765625
pottedplant 0.10331546515226364 409.78985595703125 253.36572265625 415.1001281738281 266.8186340332031
bottle 0.10109906643629074 90.58305358886719 204.65013122558594 110.3097152709961 241.8683624267578
pottedplant 0.09147045016288757 384.3199462890625 235.7480010986328 392.58245849609375 248.79490661621094
pottedplant 0.09052148461341858 464.2961730957031 244.04429626464844 472.1968078613281 255.7177734375
pottedplant 0.07415907084941864 403.7140808105469 253.97088623046875 408.7884826660156 261.458740234375
pottedplant 0.068810373544693 482.629638671875 238.215576171875 499.07537841796875 256.2876281738281
chair 0.06179012730717659 471.5359191894531 243.69032287597656 483.5323486328125 261.699462890625
pottedplant 0.056116700172424316 241.8511199951172 258.52630615234375 282.31048583984375 282.0848388671875
pottedplant 0.05157056078314781 446.53936767578125 245.8648223876953 452.3605651855469 256.83319091796875
