chair 0.9018869996070862 5.036406993865967 129.99594116210938 83.62057495117188 271.6474304199219
diningtable 0.8434001207351685 58.37217330932617 123.8026123046875 245.27772521972656 197.8326873779297
chair 0.7710692286491394 436.5120544433594 90.19646453857422 486.9622497558594 182.2210693359375
diningtable 0.6290977001190186 35.8656120300293 153.487060546875 277.21832275390625 319.474853515625
chair 0.5833812355995178 481.9039611816406 89.71495056152344 500.0 180.15306091308594
chair 0.5741726160049438 1.318446397781372 212.88427734375 60.96108627319336 333.0
chair 0.515434980392456 168.8514862060547 121.2215576171875 229.82864379882812 183.96595764160156
diningtable 0.42155924439430237 55.76548767089844 136.13526916503906 176.16236877441406 195.44207763671875
chair 0.39748379588127136 101.12907409667969 114.50167083740234 126.19734954833984 146.7770233154297
diningtable 0.34953856468200684 376.76788330078125 90.637939453125 489.79248046875 180.1311492919922
chair 0.285008043050766 108.07007598876953 151.56773376464844 183.47674560546875 194.98507690429688
pottedplant 0.2466563582420349 178.1256866455078 102.89208984375 490.78277587890625 330.7459411621094
diningtable 0.24019655585289001 24.929405212402344 125.0435791015625 303.1134338378906 256.415283203125
chair 0.21473462879657745 460.7686767578125 87.71328735351562 499.7709045410156 180.85305786132812
chair 0.1697523444890976 3.758153200149536 128.9261932373047 79.40265655517578 203.09002685546875
tvmonitor 0.14939431846141815 64.80638122558594 301.87432861328125 206.10980224609375 332.56622314453125
chair 0.14607004821300507 365.64154052734375 64.63983917236328 420.32275390625 127.77017211914062
diningtable 0.14513155817985535 310.80438232421875 83.272216796875 490.62127685546875 161.99737548828125
chair 0.14418630301952362 110.23622131347656 131.12570190429688 213.45401000976562 194.28933715820312
pottedplant 0.1430765986442566 118.54830932617188 101.8376235961914 138.43736267089844 135.96640014648438
chair 0.1382453739643097 364.05364990234375 64.79473114013672 392.2051086425781 81.58132934570312
chair 0.11053518205881119 66.05675506591797 301.1073913574219 208.49148559570312 331.6979064941406
pottedplant 0.10632237046957016 122.7166976928711 82.38050842285156 194.62451171875 138.2370147705078
diningtable 0.09405755996704102 94.20494079589844 121.62840270996094 356.0426025390625 201.03639221191406
pottedplant 0.08098047226667404 424.4378967285156 66.61117553710938 472.7277526855469 109.71743774414062
chair 0.06745092570781708 266.313232421875 103.5860595703125 293.46331787109375 148.42422485351562
chair 0.06733666360378265 102.353759765625 115.24626922607422 145.80308532714844 151.1322784423828
chair 0.06503086537122726 481.18603515625 85.36154174804688 499.95343017578125 130.80247497558594
chair 0.06449572741985321 97.80232238769531 113.90485382080078 131.3109130859375 192.87156677246094
diningtable 0.06421346962451935 139.17153930664062 119.709716796875 295.1071472167969 157.13461303710938
chair 0.0639389306306839 93.43745422363281 127.6676254272461 161.35057067871094 194.419189453125
diningtable 0.06245669350028038 20.765445709228516 251.3485870361328 494.9098205566406 332.9508972167969
chair 0.061106033623218536 109.75274658203125 128.27105712890625 163.15232849121094 163.15838623046875
pottedplant 0.060204099863767624 100.5982666015625 93.37129974365234 125.31957244873047 140.39175415039062
pottedplant 0.0595959797501564 415.9432678222656 178.85243225097656 498.3600769042969 296.11114501953125
chair 0.05938337743282318 96.35537719726562 177.93173217773438 121.06353759765625 192.99107360839844
person 0.05210025608539581 170.41204833984375 114.08015441894531 182.15203857421875 132.84429931640625
chair 0.051595430821180344 481.9532470703125 84.58627319335938 499.703857421875 97.01535034179688
