person 0.9911673665046692 26.894559860229492 12.729266166687012 370.7171630859375 499.1478576660156
person 0.6563568711280823 284.7979431152344 46.2947998046875 328.0622253417969 126.42015838623047
person 0.3612450659275055 254.84439086914062 29.056598663330078 290.01959228515625 63.89537048339844
pottedplant 0.3034469187259674 104.09729766845703 192.35972595214844 274.0599060058594 363.9523620605469
person 0.2171577513217926 336.24761962890625 63.9169807434082 374.2929382324219 126.72284698486328
pottedplant 0.2082103043794632 108.33824157714844 137.29818725585938 263.0220031738281 500.0
diningtable 0.14975972473621368 0.9731966257095337 154.4958038330078 57.86064910888672 210.9510955810547
person 0.11137352883815765 257.9557189941406 31.08686637878418 315.99688720703125 127.37881469726562
chair 0.09976010024547577 346.43572998046875 96.77094268798828 374.70721435546875 127.7474136352539
bottle 0.0867922231554985 133.5115203857422 303.39666748046875 216.81773376464844 482.8570861816406
person 0.07549263536930084 12.087773323059082 126.94075775146484 53.17792510986328 169.82901000976562
person 0.05836629867553711 256.0807800292969 30.563251495361328 312.5506286621094 72.69548034667969
dog 0.05756460130214691 28.577442169189453 154.1539764404297 270.8959655761719 495.9800109863281
