boat 0.9870650768280029 30.609590530395508 117.70555114746094 355.91461181640625 249.4302978515625
boat 0.9534296989440918 1.2750232219696045 208.86964416503906 47.75092697143555 307.5209045410156
boat 0.9460088014602661 408.53631591796875 282.71368408203125 462.7555847167969 304.9521484375
boat 0.945487380027771 273.7056884765625 287.7067565917969 324.4966735839844 309.8368225097656
boat 0.8902056217193604 262.0603332519531 242.69125366210938 316.23016357421875 277.6058654785156
boat 0.8177564740180969 124.28085327148438 285.9996337890625 279.63751220703125 344.5381774902344
boat 0.7670501470565796 261.7940673828125 226.61717224121094 350.333251953125 275.060791015625
boat 0.6560821533203125 112.0679931640625 243.5313262939453 206.8328857421875 303.91986083984375
boat 0.604394257068634 252.83221435546875 229.42991638183594 309.61822509765625 273.0528564453125
boat 0.5731037855148315 109.89302825927734 131.7006072998047 197.68380737304688 302.0570983886719
boat 0.548927366733551 0.7703989148139954 254.71380615234375 50.42512512207031 312.734375
boat 0.5047673583030701 119.4279556274414 254.66831970214844 233.44265747070312 322.2337341308594
boat 0.4460756778717041 111.06678009033203 257.2604064941406 167.68751525878906 306.4499816894531
boat 0.4309353828430176 134.87596130371094 232.8494415283203 204.70310974121094 279.3870849609375
boat 0.3926859498023987 5.238921642303467 207.0028533935547 27.673593521118164 267.12939453125
boat 0.3878806531429291 337.80926513671875 311.5691833496094 349.7359924316406 318.882080078125
boat 0.36484670639038086 112.99347686767578 196.7764129638672 218.77420043945312 314.58502197265625
boat 0.344321072101593 458.9945373535156 272.7421875 498.4914855957031 297.37152099609375
boat 0.3267363905906677 20.156349182128906 316.8514709472656 30.054229736328125 322.3622741699219
boat 0.3222167193889618 137.48455810546875 143.25416564941406 349.5699462890625 240.9853057861328
boat 0.27185577154159546 485.59893798828125 251.13441467285156 499.624755859375 275.0552062988281
boat 0.23340511322021484 229.4022674560547 302.9677429199219 281.25042724609375 344.4300231933594
boat 0.2315555065870285 148.10458374023438 235.67440795898438 208.67843627929688 256.5552062988281
boat 0.21856065094470978 126.77166748046875 229.9461669921875 283.6441345214844 346.34716796875
boat 0.21733717620372772 30.442995071411133 165.3246307373047 222.2713165283203 249.50906372070312
boat 0.2071245014667511 0.5304075479507446 310.361572265625 8.63279914855957 315.9376525878906
boat 0.20371535420417786 120.50128173828125 277.31121826171875 169.8206329345703 305.2890625
boat 0.19064782559871674 300.6635437011719 247.02816772460938 359.1167907714844 276.15228271484375
boat 0.17869985103607178 480.3371276855469 298.46343994140625 490.0687561035156 303.59027099609375
boat 0.1695769876241684 362.4325256347656 284.3643493652344 385.27667236328125 294.1910400390625
boat 0.16797205805778503 73.42970275878906 306.7921447753906 83.4255142211914 313.59765625
boat 0.15910477936267853 468.4198303222656 252.6744384765625 488.35748291015625 264.709228515625
boat 0.15595930814743042 297.9525146484375 219.87416076660156 361.0054931640625 276.1956787109375
boat 0.14166119694709778 304.6091003417969 325.26959228515625 317.30401611328125 331.15911865234375
boat 0.13343533873558044 34.58729553222656 187.86183166503906 116.25045013427734 245.66293334960938
boat 0.12954260408878326 364.93145751953125 275.0382080078125 413.0736389160156 302.1890869140625
boat 0.11652649194002151 51.555484771728516 105.09159851074219 269.7386474609375 311.4518737792969
boat 0.10804238170385361 68.1242446899414 117.73015594482422 220.57656860351562 264.481201171875
person 0.1041555255651474 296.6209411621094 291.8548278808594 304.41510009765625 309.570068359375
boat 0.09163645654916763 17.09589958190918 303.62701416015625 60.232295989990234 312.3018493652344
person 0.08070117980241776 110.32726287841797 120.16184997558594 155.0392303466797 169.40090942382812
boat 0.06268047541379929 331.038818359375 303.99847412109375 341.1420593261719 310.0187683105469
boat 0.06230311468243599 290.68780517578125 226.53648376464844 346.71282958984375 255.64859008789062
aeroplane 0.05729351192712784 8.32889461517334 114.32262420654297 367.0574951171875 247.4600067138672
boat 0.05638859421014786 362.2479248046875 281.4147644042969 396.0434875488281 300.8257751464844
boat 0.05324334651231766 239.05221557617188 148.52972412109375 350.98907470703125 252.48455810546875
