tvmonitor 0.9773181676864624 155.28326416015625 152.0093994140625 220.4407501220703 216.42636108398438
sofa 0.9716832041740417 58.614593505859375 271.6439514160156 465.39349365234375 375.0
chair 0.8532720804214478 332.97052001953125 197.94467163085938 361.3031005859375 252.2244873046875
diningtable 0.657820999622345 387.0049133300781 200.95877075195312 434.41693115234375 253.20556640625
chair 0.5936475396156311 361.443603515625 201.13438415527344 406.45318603515625 255.55418395996094
person 0.582131564617157 13.712668418884277 87.02359771728516 38.278133392333984 175.98416137695312
car 0.45690757036209106 333.3952941894531 189.7563934326172 379.96136474609375 211.38099670410156
chair 0.435509592294693 407.9997863769531 203.55328369140625 452.6413879394531 257.11016845703125
tvmonitor 0.3721751272678375 148.69418334960938 54.781532287597656 166.7616729736328 69.33544158935547
diningtable 0.30008167028427124 335.97552490234375 198.5176239013672 444.9211730957031 256.6417541503906
person 0.2654266357421875 180.08396911621094 169.5587158203125 202.52980041503906 204.58424377441406
pottedplant 0.26426368951797485 464.826171875 193.68650817871094 497.9401550292969 240.81204223632812
car 0.2499445080757141 346.8155517578125 190.46971130371094 379.55712890625 200.9542694091797
sofa 0.2439291924238205 452.5693664550781 243.94998168945312 499.652587890625 373.8951416015625
chair 0.1964588165283203 385.3445739746094 194.1547088623047 413.3832092285156 248.51564025878906
pottedplant 0.19516678154468536 0.0 298.17681884765625 68.70972442626953 375.0
chair 0.1707146167755127 64.0765380859375 304.8538818359375 141.13328552246094 374.4454040527344
person 0.15334206819534302 12.808372497558594 135.34107971191406 146.04742431640625 316.0622863769531
chair 0.07182825356721878 385.7892761230469 192.02256774902344 414.4533996582031 204.96041870117188
chair 0.06522506475448608 451.9570007324219 249.21929931640625 499.7417297363281 373.4832458496094
chair 0.0579560361802578 148.85372924804688 287.59375 467.1755065917969 375.0
car 0.05507247522473335 333.1951599121094 194.6655731201172 371.77838134765625 220.4444580078125
chair 0.05018898844718933 389.9956970214844 207.42840576171875 405.2249450683594 254.47271728515625
