train 0.8117848634719849 141.22776794433594 158.3350372314453 334.0555114746094 238.91531372070312
tvmonitor 0.693808376789093 0.0 6.151785850524902 150.42086791992188 315.3822937011719
train 0.2642720341682434 15.883727073669434 131.6180419921875 443.8699951171875 325.0589904785156
bottle 0.25310662388801575 195.08309936523438 143.84278869628906 217.9290771484375 185.85076904296875
bottle 0.2518462538719177 188.62063598632812 153.6389923095703 226.58290100097656 239.29151916503906
bottle 0.21357768774032593 148.10330200195312 176.94772338867188 180.587890625 232.5039825439453
boat 0.21164973080158234 32.441688537597656 140.61109924316406 461.0998229980469 317.94256591796875
boat 0.18757015466690063 21.031635284423828 10.236682891845703 477.69671630859375 371.3797607421875
bottle 0.18389146029949188 197.2158966064453 143.34735107421875 212.57374572753906 174.33998107910156
chair 0.16116422414779663 338.99517822265625 269.2032775878906 385.3396911621094 356.5959777832031
bottle 0.13792233169078827 166.53981018066406 170.69924926757812 191.96290588378906 233.56976318359375
bottle 0.10623615235090256 160.27569580078125 171.93557739257812 182.6558074951172 223.59629821777344
bottle 0.10421638935804367 146.11795043945312 176.85301208496094 167.82391357421875 208.6370391845703
train 0.08940654993057251 244.2814178466797 155.276123046875 338.2619323730469 240.60545349121094
chair 0.08607033640146255 341.0975341796875 270.6907958984375 387.1942443847656 306.5389404296875
train 0.0859968438744545 7.640932083129883 2.7466964721679688 479.5870361328125 373.93316650390625
bus 0.06266127526760101 22.25596046447754 6.444911956787109 467.5982360839844 375.0
bottle 0.06251648813486099 358.0716552734375 310.7674255371094 369.7346496582031 334.084716796875
boat 0.0570480115711689 65.26103210449219 271.60919189453125 128.06361389160156 315.33819580078125
bottle 0.055992212146520615 145.92437744140625 176.53395080566406 189.14840698242188 209.5828094482422
