car 0.9714670181274414 0.49561187624931335 159.85316467285156 123.04440307617188 221.07135009765625
pottedplant 0.8499256372451782 279.44757080078125 166.3090362548828 307.5509033203125 222.35504150390625
pottedplant 0.5487626791000366 207.65673828125 167.74212646484375 224.3760986328125 195.60694885253906
person 0.5197778344154358 40.02399444580078 119.36148071289062 64.41606140136719 160.67723083496094
boat 0.5108742713928223 177.8956756591797 9.852303504943848 192.74609375 55.30562973022461
bus 0.4984765648841858 1.0068602561950684 133.08834838867188 40.792945861816406 193.3280487060547
boat 0.4625227153301239 42.47659683227539 5.714715003967285 290.5600280761719 109.01493835449219
pottedplant 0.3867217004299164 127.94163513183594 134.6600341796875 145.0493621826172 151.37991333007812
pottedplant 0.31061258912086487 186.25149536132812 183.55975341796875 215.10360717773438 215.90426635742188
tvmonitor 0.2543920576572418 160.26625061035156 118.96524810791016 223.66390991210938 168.57615661621094
bus 0.23724810779094696 0.7951797842979431 136.55484008789062 34.20326614379883 171.16761779785156
person 0.2086413949728012 280.55517578125 167.79563903808594 308.0875244140625 221.9689483642578
boat 0.15984046459197998 386.8124084472656 1.35191011428833 398.5998229980469 41.179771423339844
boat 0.12452822923660278 98.65496826171875 0.0 400.0 125.29589080810547
boat 0.09916026145219803 41.900634765625 58.84465789794922 141.74900817871094 93.62007141113281
dog 0.08196859061717987 279.6697692871094 166.33633422851562 308.86614990234375 219.05824279785156
bird 0.0641668289899826 280.6333312988281 167.58074951171875 306.2166748046875 218.51779174804688
