boat 0.996537446975708 51.736907958984375 70.63848876953125 288.6024475097656 442.4080810546875
person 0.977145791053772 117.47227478027344 403.09600830078125 135.4958953857422 424.1513977050781
boat 0.8519509434700012 52.67708206176758 62.469200134277344 177.25511169433594 243.7558135986328
boat 0.49187371134757996 313.600341796875 351.25982666015625 333.7735595703125 398.2112731933594
boat 0.33244919776916504 59.207759857177734 403.8044738769531 283.5538635253906 455.255615234375
person 0.2962566614151001 155.87872314453125 409.06524658203125 165.11587524414062 420.2103271484375
person 0.2951504588127136 83.18409729003906 408.5658874511719 98.11357879638672 426.8955993652344
person 0.14598038792610168 82.79203796386719 409.2977294921875 90.918701171875 426.6446533203125
boat 0.14043566584587097 313.662353515625 307.59039306640625 333.47625732421875 395.6313781738281
boat 0.13066937029361725 324.5776672363281 324.1591796875 333.9703063964844 400.5963439941406
boat 0.11455092579126358 52.66920471191406 250.15576171875 297.2903137207031 462.7434997558594
aeroplane 0.057936642318964005 19.73444366455078 60.4254150390625 318.9403991699219 426.88201904296875
person 0.05681516230106354 18.88362693786621 0.0 330.86651611328125 358.3985290527344
