person 0.99122554063797 116.24515533447266 173.4764404296875 233.178466796875 466.65863037109375
tvmonitor 0.8758559226989746 257.8558044433594 171.89646911621094 332.33856201171875 378.5083923339844
train 0.8567466139793396 3.493804454803467 0.0 320.607421875 500.0
tvmonitor 0.8421830534934998 277.1793518066406 193.1804656982422 331.2063293457031 319.438720703125
train 0.5143858790397644 8.797637939453125 0.0 178.74481201171875 444.83087158203125
car 0.38349464535713196 168.16696166992188 146.30690002441406 184.48184204101562 164.54443359375
bus 0.26170793175697327 24.465574264526367 0.0 298.04656982421875 471.51239013671875
person 0.2359730452299118 131.30328369140625 173.81631469726562 232.26560974121094 270.1997375488281
chair 0.229745551943779 141.77850341796875 181.2088623046875 230.4259796142578 233.90951538085938
train 0.18445612490177155 250.4349365234375 120.53726959228516 332.5278625488281 483.59796142578125
tvmonitor 0.15543828904628754 0.8519482016563416 14.899819374084473 83.09367370605469 279.0067443847656
bus 0.13443048298358917 0.18684756755828857 0.0 154.5566864013672 475.0208740234375
boat 0.11318466812372208 170.76934814453125 25.981544494628906 222.85720825195312 117.14572143554688
car 0.11232913285493851 151.28172302246094 113.4625015258789 190.30955505371094 171.62451171875
sofa 0.10784604400396347 5.387355804443359 191.89947509765625 76.60801696777344 236.56570434570312
tvmonitor 0.10295230895280838 170.13467407226562 30.643930435180664 222.31150817871094 119.01510620117188
person 0.0935063362121582 145.27305603027344 169.86180114746094 221.576416015625 229.0213623046875
chair 0.0843113586306572 18.97425079345703 453.7264404296875 81.16105651855469 499.4113464355469
tvmonitor 0.05037561058998108 260.3363342285156 170.3074951171875 329.2819519042969 260.0728759765625
