diningtable 0.9757115840911865 0.0 249.97247314453125 324.1732482910156 495.73419189453125
chair 0.951008677482605 169.63616943359375 219.5535888671875 371.9730224609375 500.0
chair 0.7455859184265137 213.2307586669922 221.60316467285156 267.6673889160156 266.0357971191406
chair 0.7404267191886902 9.832427978515625 263.446533203125 196.171875 497.7433166503906
chair 0.6596189737319946 266.6182556152344 235.22364807128906 375.0 448.1736145019531
chair 0.6540666222572327 21.193927764892578 219.29873657226562 64.78532409667969 252.2371826171875
diningtable 0.5313534140586853 15.224390029907227 271.112548828125 313.4539794921875 404.4892578125
person 0.28568291664123535 259.17327880859375 4.220615386962891 371.33856201171875 321.93951416015625
pottedplant 0.2627214193344116 112.00098419189453 204.87489318847656 208.36627197265625 296.8786926269531
chair 0.23506398499011993 277.24749755859375 238.0356903076172 356.46624755859375 369.9510498046875
pottedplant 0.19889774918556213 111.95631408691406 176.36495971679688 149.6503448486328 237.7100372314453
chair 0.17536769807338715 177.7765655517578 240.61956787109375 308.4426574707031 417.5002136230469
chair 0.1626701056957245 210.4022674560547 237.93692016601562 355.81805419921875 390.70928955078125
chair 0.1571233868598938 315.9940185546875 238.58152770996094 356.28662109375 310.0881652832031
chair 0.13013716042041779 4.467283248901367 249.20986938476562 93.80438995361328 480.5722961425781
person 0.10664380341768265 151.90737915039062 2.8211584091186523 369.1038818359375 465.6716613769531
pottedplant 0.1047414243221283 68.36992645263672 1.5281906127929688 290.7310485839844 122.48275756835938
chair 0.08480753004550934 81.2945785522461 235.3821258544922 214.77174377441406 475.7813720703125
bottle 0.07775507867336273 84.80719757080078 207.1138458251953 95.91447448730469 238.08633422851562
chair 0.0771704614162445 109.21994018554688 271.5281982421875 316.695556640625 494.005615234375
chair 0.0654841959476471 33.547061920166016 257.3458557128906 158.32704162597656 407.2998046875
chair 0.06340597569942474 349.8963623046875 236.5294952392578 375.0 306.48516845703125
chair 0.06145620718598366 0.0 460.7787780761719 188.1999053955078 499.0683288574219
chair 0.05631405860185623 298.2998352050781 235.6036376953125 367.8488464355469 338.2679138183594
person 0.05413151904940605 1.2691211700439453 190.17276000976562 197.880126953125 496.0998229980469
