cow 0.9929094910621643 79.79373931884766 179.9658203125 254.10572814941406 416.7037353515625
cow 0.885145902633667 69.10929870605469 169.51449584960938 90.78271484375 186.40701293945312
cow 0.7666203379631042 37.05925369262695 167.60723876953125 62.94914245605469 185.3511199951172
cow 0.7312141060829163 53.217254638671875 169.61802673339844 77.0327377319336 186.18434143066406
cow 0.38316407799720764 43.46537780761719 167.77670288085938 85.73628997802734 185.0952606201172
cow 0.30001822113990784 34.75015640258789 168.65548706054688 51.840240478515625 183.9937744140625
cow 0.24291658401489258 80.12635040283203 251.44241333007812 172.3267364501953 358.8550109863281
cow 0.17607460916042328 78.35580444335938 169.89918518066406 90.4908218383789 184.5084228515625
cow 0.16438926756381989 64.22211456298828 169.6273193359375 79.2203369140625 185.52142333984375
cow 0.12441505491733551 49.11064147949219 168.83013916015625 68.54424285888672 184.75210571289062
sheep 0.11641275137662888 103.48307800292969 265.7707824707031 124.01731872558594 307.7950439453125
cow 0.11544642597436905 100.34565734863281 179.30923461914062 136.41493225097656 189.86648559570312
