person 0.993893027305603 92.11019897460938 85.36723327636719 197.11648559570312 381.8069152832031
sofa 0.9652697443962097 220.31597900390625 214.8235321044922 363.2297668457031 352.9273681640625
sofa 0.589715301990509 271.11474609375 309.7290344238281 371.0923767089844 478.3974304199219
tvmonitor 0.3353210985660553 308.60406494140625 204.68582153320312 371.7998352050781 267.1892395019531
sofa 0.20760765671730042 0.0 374.0429992675781 216.34312438964844 447.6668701171875
chair 0.15316946804523468 276.4618835449219 329.2981872558594 373.0 497.2561950683594
chair 0.13416147232055664 312.75 207.71316528320312 372.9809265136719 275.4161376953125
sofa 0.08534319698810577 267.18756103515625 214.1946563720703 369.7996520996094 307.25408935546875
pottedplant 0.07894968241453171 0.0 100.09929656982422 15.616899490356445 136.0779266357422
chair 0.06993566453456879 226.24996948242188 222.71926879882812 357.1109619140625 348.9487609863281
sofa 0.059896428138017654 308.1614990234375 208.9569549560547 370.57489013671875 283.0997619628906
sofa 0.05715980753302574 242.93890380859375 260.65069580078125 365.0998229980469 429.30072021484375
