person 0.8883844017982483 68.62447357177734 83.33561706542969 405.5439758300781 366.09039306640625
cat 0.8390310406684875 64.523193359375 91.318359375 386.6544494628906 365.5836181640625
bottle 0.6090096235275269 164.3083953857422 89.27254486083984 302.1581726074219 195.58787536621094
dog 0.3980221748352051 77.46253204345703 90.93951416015625 394.54168701171875 367.9701232910156
bottle 0.2591555416584015 175.11387634277344 124.55313110351562 249.55075073242188 205.5653076171875
motorbike 0.19788502156734467 35.23589324951172 3.120417594909668 367.9136047363281 365.5227355957031
bottle 0.18498161435127258 184.53237915039062 125.40046691894531 303.6734619140625 211.3992919921875
chair 0.17262792587280273 21.028644561767578 11.687707901000977 496.7573547363281 354.1379699707031
person 0.1657429188489914 244.9329376220703 13.265905380249023 494.0268249511719 371.1897888183594
sofa 0.12471635639667511 207.66510009765625 0.0 498.608642578125 375.0
person 0.1045922189950943 252.4725341796875 3.4886884689331055 496.4143981933594 168.8651123046875
person 0.07356061786413193 89.64972686767578 9.86691665649414 497.8202209472656 214.4982147216797
car 0.0723557099699974 26.531328201293945 0.0 385.7415771484375 362.5213928222656
person 0.0665188655257225 172.83387756347656 107.87129974365234 309.2734375 228.38172912597656
dog 0.06053049862384796 285.9007568359375 119.11329650878906 385.8175048828125 224.75230407714844
dog 0.05767902359366417 252.73252868652344 33.16276168823242 491.9844970703125 364.9376220703125
chair 0.05328807234764099 44.3203125 2.0928525924682617 343.8638916015625 213.9037322998047
