chair 0.9578607082366943 346.85528564453125 216.04031372070312 447.7947082519531 343.0577697753906
sofa 0.95444256067276 248.73426818847656 291.3074645996094 500.0 373.8815002441406
chair 0.8310438394546509 287.2498779296875 207.5780792236328 339.9192810058594 304.3383483886719
chair 0.6824280023574829 328.48382568359375 197.3725128173828 418.6663818359375 317.3598937988281
pottedplant 0.3671332597732544 206.8334197998047 183.51502990722656 226.3988037109375 226.1446075439453
pottedplant 0.29940393567085266 52.13453674316406 19.87948226928711 141.66441345214844 163.48117065429688
sofa 0.29373109340667725 234.2516632080078 200.45651245117188 296.6946716308594 242.79336547851562
chair 0.20477937161922455 83.08202362060547 292.6649169921875 181.10806274414062 369.19842529296875
sofa 0.18824270367622375 0.2988990843296051 267.57086181640625 68.37256622314453 373.9927062988281
sofa 0.17713823914527893 187.54879760742188 211.318115234375 292.13873291015625 303.64910888671875
diningtable 0.14719603955745697 279.4209289550781 200.16522216796875 429.94622802734375 304.6016845703125
chair 0.14371995627880096 261.6788024902344 290.81793212890625 500.0 374.1689453125
chair 0.143293097615242 113.58152770996094 358.4239196777344 182.39108276367188 375.0
pottedplant 0.12876437604427338 20.89406394958496 4.254941940307617 194.36416625976562 304.11407470703125
chair 0.12837576866149902 336.61767578125 262.62261962890625 485.5327453613281 368.6551513671875
tvmonitor 0.1175881177186966 319.71051025390625 195.22256469726562 411.4722900390625 277.7597961425781
chair 0.09246163815259933 363.7738037109375 168.98272705078125 432.378173828125 222.5771026611328
sofa 0.08495127409696579 0.0 255.46044921875 182.85223388671875 373.9806823730469
bottle 0.07102217525243759 328.5452880859375 154.37908935546875 355.5572509765625 279.4701843261719
sofa 0.07010747492313385 251.20794677734375 222.0604705810547 489.6805419921875 368.9462585449219
bottle 0.06505843997001648 335.6974792480469 170.77975463867188 350.95233154296875 196.5684356689453
chair 0.06421779841184616 235.078857421875 201.5080108642578 290.71881103515625 242.0349884033203
pottedplant 0.0625130906701088 466.66802978515625 231.4981231689453 498.34771728515625 301.5868835449219
chair 0.05295823886990547 314.73065185546875 194.39727783203125 358.2138977050781 296.86236572265625
car 0.05261692777276039 19.063825607299805 1.605212688446045 479.066162109375 108.59671020507812
sofa 0.05244283750653267 53.52447509765625 290.603515625 172.96142578125 370.4004821777344
diningtable 0.051000870764255524 205.0895538330078 283.81317138671875 335.0140380859375 374.1277160644531
