aeroplane 0.9946709275245667 22.656940460205078 97.7936782836914 500.0 288.8431091308594
aeroplane 0.8362746834754944 305.5169677734375 3.5742902755737305 499.70709228515625 213.154541015625
bottle 0.8303565382957458 217.33746337890625 205.00668334960938 270.8073425292969 372.2460021972656
person 0.7409194111824036 481.1702575683594 268.0805358886719 499.2332458496094 347.55780029296875
person 0.6688246726989746 435.66845703125 273.9394836425781 450.1941833496094 315.2936706542969
person 0.6200082898139954 322.9373779296875 275.61602783203125 335.32061767578125 313.1933288574219
person 0.5319606065750122 309.85113525390625 274.4537353515625 325.1097412109375 312.69256591796875
person 0.502013087272644 298.54278564453125 275.50250244140625 306.6473083496094 297.02978515625
person 0.3841121196746826 472.344482421875 337.1287536621094 498.7057800292969 375.0
person 0.37628668546676636 70.22496795654297 272.7312927246094 93.46814727783203 320.89349365234375
person 0.3114719092845917 475.3240661621094 270.93963623046875 493.9692077636719 306.4784851074219
person 0.24060215055942535 383.7419738769531 288.0337219238281 398.06268310546875 318.46514892578125
person 0.2234610617160797 339.36041259765625 277.6577453613281 355.145263671875 319.1021423339844
aeroplane 0.18023234605789185 122.690673828125 7.502074241638184 486.34942626953125 225.1467742919922
aeroplane 0.174435093998909 109.4659652709961 257.6806945800781 221.32151794433594 300.92218017578125
person 0.16074754297733307 436.545654296875 275.1083679199219 442.9587707519531 291.55340576171875
person 0.1368487924337387 479.896484375 271.3554992675781 493.3072814941406 295.57183837890625
person 0.13451547920703888 444.9866027832031 275.54302978515625 450.5574035644531 292.18359375
person 0.13197112083435059 371.23455810546875 285.49017333984375 381.6200256347656 319.72747802734375
cow 0.1311037242412567 404.7723388671875 198.83273315429688 443.69171142578125 210.20228576660156
person 0.1241345927119255 334.83563232421875 277.23980712890625 345.25592041015625 314.669677734375
aeroplane 0.12216853350400925 430.4806213378906 83.6768798828125 498.9752502441406 165.61647033691406
car 0.11066918075084686 270.97088623046875 275.92388916015625 297.7629699707031 294.94927978515625
person 0.10833965241909027 469.7299499511719 273.36517333984375 479.9338684082031 307.9117736816406
person 0.09672817587852478 443.498779296875 275.4261474609375 450.6439514160156 305.1492614746094
person 0.0950043648481369 329.6858825683594 275.63507080078125 339.76806640625 314.048828125
boat 0.09397674351930618 310.8839416503906 7.0946431159973145 498.0912170410156 206.76953125
person 0.08702756464481354 473.85345458984375 288.4556884765625 498.6712646484375 368.6722412109375
person 0.08064190298318863 437.45172119140625 274.7740173339844 447.9476013183594 302.803466796875
person 0.0793137401342392 319.4273986816406 276.8572998046875 328.19921875 312.5606994628906
person 0.07774358987808228 473.67120361328125 272.80511474609375 486.16351318359375 308.3377685546875
chair 0.07688851654529572 264.4544982910156 297.18316650390625 281.9845275878906 313.4047546386719
person 0.07426176220178604 330.4413146972656 277.79345703125 349.6239929199219 319.1317443847656
person 0.06872212141752243 285.4866027832031 280.5350036621094 293.8797912597656 305.42291259765625
person 0.0582694411277771 473.1763916015625 270.5303955078125 493.7581787109375 342.934326171875
person 0.056365929543972015 441.15191650390625 274.79437255859375 449.16607666015625 293.31451416015625
chair 0.05256325751543045 0.0 0.0 110.75121307373047 366.7625427246094
person 0.05088617652654648 347.1153259277344 274.6006774902344 360.1545715332031 319.9244079589844
