bird 0.9888373613357544 236.63058471679688 42.17789077758789 344.30194091796875 130.06871032714844
bird 0.9824106693267822 55.710731506347656 114.9371337890625 123.19903564453125 154.1820068359375
bird 0.9607404470443726 301.0641174316406 184.9202880859375 386.1048583984375 257.6781921386719
bird 0.9597874879837036 451.81842041015625 153.9996795654297 482.1756896972656 232.07350158691406
bird 0.8765471577644348 380.2567138671875 305.1413879394531 429.7196960449219 345.1705017089844
bird 0.5286291837692261 21.995206832885742 124.3363265991211 61.25608825683594 151.38832092285156
aeroplane 0.40083786845207214 20.955900192260742 125.29672241210938 61.19769287109375 151.8578643798828
boat 0.32736945152282715 383.1075744628906 304.5316162109375 430.6409606933594 345.881591796875
aeroplane 0.2380179911851883 0.0 178.3755340576172 29.552793502807617 192.212158203125
bird 0.16107633709907532 0.8027245402336121 178.11863708496094 28.703676223754883 192.46226501464844
bird 0.08067785948514938 27.51019287109375 140.4236602783203 60.8095817565918 151.3623809814453
aeroplane 0.06723322719335556 297.7330322265625 184.71963500976562 389.91436767578125 258.3763427734375
aeroplane 0.06664714962244034 383.4377136230469 305.9708251953125 429.98480224609375 346.46051025390625
