person 0.9935093522071838 317.4877624511719 83.70314025878906 396.8438415527344 233.77212524414062
person 0.982136070728302 67.11124420166016 138.0711212158203 225.5232696533203 332.2724304199219
person 0.9695611596107483 207.9688720703125 181.16429138183594 377.7518005371094 333.0
person 0.9670668840408325 240.78924560546875 102.8400650024414 305.0400695800781 233.98995971679688
person 0.9564117193222046 164.11875915527344 113.29875183105469 225.8258056640625 235.8687744140625
chair 0.8264645934104919 331.7478332519531 113.12871551513672 421.0314636230469 266.76953125
person 0.8096558451652527 129.83580017089844 199.14967346191406 220.08567810058594 327.6071472167969
sofa 0.46592599153518677 0.0 183.12359619140625 225.64341735839844 330.65570068359375
chair 0.37547075748443604 234.635986328125 116.61066436767578 296.8743591308594 236.0418243408203
chair 0.3652389943599701 1.59434974193573 205.13340759277344 100.47023010253906 331.8583068847656
chair 0.28559941053390503 6.581289768218994 203.9491424560547 214.63157653808594 331.9902648925781
chair 0.24747973680496216 238.07470703125 105.79275512695312 301.6998596191406 176.62335205078125
sofa 0.20197926461696625 0.7109248638153076 138.44808959960938 130.1935272216797 258.3059997558594
person 0.1823311597108841 214.2483367919922 81.88277435302734 389.4765625 277.59320068359375
person 0.16355584561824799 139.7095947265625 215.72251892089844 223.99264526367188 267.7279968261719
chair 0.13109904527664185 245.63259887695312 126.30044555664062 415.95782470703125 261.5993347167969
sofa 0.12276680022478104 0.0 135.84483337402344 362.1788024902344 327.06964111328125
chair 0.1038544699549675 233.64013671875 152.38673400878906 314.9120178222656 207.81002807617188
sofa 0.0969221442937851 0.0 202.28948974609375 100.7656478881836 331.6451110839844
person 0.09621160477399826 168.2003936767578 110.49555969238281 208.2091522216797 190.984375
chair 0.08170392364263535 233.7608642578125 121.54611206054688 266.01019287109375 234.40003967285156
person 0.0640948936343193 161.5362091064453 168.58291625976562 227.96803283691406 258.1441955566406
chair 0.0593726672232151 130.0717315673828 204.7119903564453 211.60499572753906 264.1692810058594
