car 0.9686349034309387 258.426025390625 254.1961669921875 397.4248962402344 305.9519958496094
car 0.9626353979110718 12.2252197265625 240.97142028808594 103.843994140625 311.66717529296875
car 0.9219488501548767 164.75787353515625 275.17462158203125 489.98492431640625 373.288330078125
person 0.9056437611579895 317.0857238769531 239.68780517578125 330.0914611816406 256.6630859375
car 0.9046614170074463 394.11370849609375 245.7159881591797 490.3643798828125 289.4169006347656
car 0.7863476872444153 471.04998779296875 269.64984130859375 498.89263916015625 355.72125244140625
person 0.7679498195648193 408.9144592285156 234.648193359375 419.2591552734375 252.13356018066406
car 0.646290123462677 0.7989962100982666 254.34365844726562 18.350860595703125 288.02288818359375
person 0.3766438663005829 486.3489685058594 236.93482971191406 499.6370544433594 286.40191650390625
person 0.31995829939842224 417.0264587402344 240.15928649902344 424.9434509277344 249.2161865234375
person 0.09665074199438095 446.6824951171875 237.5332794189453 455.8086853027344 248.38328552246094
person 0.07328960299491882 68.86962127685547 237.48031616210938 75.88551330566406 246.41241455078125
