cow 0.9837417602539062 177.38943481445312 121.09874725341797 373.01507568359375 297.11761474609375
sheep 0.6639959812164307 101.32425689697266 211.9960174560547 216.6584014892578 291.7898864746094
sheep 0.3374101519584656 177.9872589111328 119.12522888183594 366.2947998046875 294.3426208496094
bottle 0.31163808703422546 18.1981143951416 83.68280029296875 117.78450012207031 303.6948547363281
bottle 0.3114094138145447 7.877786636352539 7.69474983215332 162.80992126464844 312.0061340332031
sheep 0.29905009269714355 104.64200592041016 44.5595588684082 328.6675109863281 171.6188507080078
sheep 0.2797296941280365 62.98732376098633 46.97977828979492 316.3070373535156 279.5519714355469
person 0.22282783687114716 298.85211181640625 3.1063342094421387 437.64190673828125 213.77108764648438
sheep 0.21239380538463593 3.265824794769287 0.0 186.1255340576172 302.4667663574219
bus 0.20379985868930817 373.7296447753906 7.151577472686768 495.62969970703125 214.62152099609375
cow 0.19808273017406464 285.00665283203125 3.070042133331299 493.65423583984375 222.9910125732422
bird 0.15827518701553345 100.6919937133789 211.6439971923828 221.30776977539062 290.6201477050781
bus 0.13297808170318604 404.7715759277344 7.558650970458984 499.8258972167969 133.04383850097656
sheep 0.12167203426361084 294.33642578125 0.35295724868774414 433.9945983886719 215.1967010498047
dog 0.10658001154661179 290.398193359375 1.1209344863891602 433.7902526855469 217.88446044921875
person 0.09642598778009415 96.85858917236328 14.788034439086914 361.773681640625 252.11180114746094
tvmonitor 0.07496833801269531 405.9956359863281 3.8965559005737305 498.33111572265625 128.7311553955078
cow 0.0655878484249115 175.48690795898438 162.1101531982422 311.81280517578125 288.1955261230469
cow 0.0646270215511322 66.04785919189453 47.023014068603516 326.46417236328125 284.5171813964844
sheep 0.05905674025416374 174.80880737304688 164.1867218017578 308.1744689941406 288.7535400390625
cat 0.05820003151893616 293.5998229980469 0.0 431.28643798828125 217.01229858398438
car 0.05248604342341423 0.0 0.0 192.62118530273438 304.008056640625
cow 0.0500381700694561 103.7619857788086 192.5791473388672 221.52969360351562 291.2908935546875
