bottle 0.8518766164779663 227.4535369873047 173.21640014648438 241.804931640625 226.77867126464844
pottedplant 0.812191903591156 338.3901672363281 413.58111572265625 375.0 479.5744934082031
pottedplant 0.7885909080505371 260.7442321777344 444.62786865234375 304.80316162109375 499.34466552734375
pottedplant 0.7502235770225525 303.74420166015625 440.71600341796875 344.31561279296875 495.4555358886719
bottle 0.7209218144416809 212.47230529785156 172.05859375 228.04354858398438 227.8556365966797
bottle 0.6944999098777771 186.80763244628906 172.95684814453125 200.48858642578125 228.1920623779297
bottle 0.6683667898178101 136.05816650390625 179.69161987304688 153.78672790527344 229.24501037597656
bottle 0.6202285289764404 83.50775909423828 246.4534454345703 99.64973449707031 299.4383850097656
bottle 0.6094571352005005 22.40966033935547 249.86196899414062 35.450923919677734 296.0711364746094
bottle 0.5883282423019409 136.70338439941406 243.31130981445312 152.5585174560547 295.4721374511719
pottedplant 0.5745115280151367 317.3691101074219 305.8238830566406 374.136474609375 423.4244689941406
bottle 0.563400149345398 173.5876007080078 177.38157653808594 188.05178833007812 227.13414001464844
bottle 0.44825121760368347 155.12112426757812 163.57278442382812 171.04486083984375 229.2609100341797
pottedplant 0.4459640085697174 315.136474609375 331.6650695800781 359.2459411621094 398.771240234375
bottle 0.4407581090927124 34.63811111450195 249.0 48.98486328125 297.9949035644531
pottedplant 0.40168607234954834 301.516845703125 174.6077880859375 367.8987731933594 264.9501647949219
bottle 0.3997117280960083 151.20001220703125 244.3281707763672 165.66200256347656 294.4219970703125
bottle 0.3738170266151428 64.86018371582031 251.85464477539062 80.40546417236328 297.767333984375
bottle 0.3117624819278717 95.37759399414062 245.54550170898438 107.99240112304688 296.0180969238281
bottle 0.17123878002166748 110.82749938964844 249.1011962890625 128.2777557373047 298.0531005859375
bottle 0.17117831110954285 199.27903747558594 189.81051635742188 210.1371307373047 226.9164581298828
bottle 0.11429792642593384 119.07770538330078 242.0880584716797 133.8182373046875 295.8331298828125
chair 0.08093109726905823 337.1473693847656 423.0964050292969 375.0 498.97467041015625
bottle 0.07116252183914185 164.77731323242188 165.513916015625 176.40277099609375 224.24285888671875
bottle 0.06623569130897522 16.52841567993164 260.4617004394531 25.62555694580078 294.53619384765625
bottle 0.06152292340993881 166.83811950683594 170.06443786621094 178.08929443359375 204.09487915039062
pottedplant 0.05234804004430771 336.6197509765625 299.2830810546875 374.2527160644531 368.59814453125
