person 0.9841522574424744 21.905380249023438 111.40818786621094 178.25535583496094 364.3594970703125
person 0.9828560948371887 269.3019104003906 100.17585754394531 496.8438720703125 365.34271240234375
diningtable 0.9593369364738464 75.94422912597656 156.7332000732422 412.5015869140625 375.0
person 0.9505522847175598 124.93152618408203 98.3613052368164 212.03785705566406 203.610595703125
person 0.9477787613868713 210.524169921875 79.14717864990234 300.23370361328125 172.32354736328125
person 0.887402355670929 310.1541442871094 80.7872314453125 380.10174560546875 157.4894256591797
person 0.8715121150016785 123.45389556884766 104.09825134277344 212.51882934570312 301.470458984375
chair 0.64262855052948 2.799980640411377 173.7087860107422 118.33364868164062 365.6627197265625
person 0.6337165832519531 20.634109497070312 109.78338623046875 136.607421875 279.4763488769531
bottle 0.6315003633499146 324.5213623046875 240.29629516601562 348.97039794921875 296.395751953125
chair 0.33173710107803345 378.5937194824219 258.0367431640625 500.0 370.2149353027344
person 0.2726989984512329 103.00019836425781 95.86784362792969 257.1806640625 365.1265869140625
chair 0.12429257482290268 385.84063720703125 312.443603515625 500.0 374.4786376953125
chair 0.11372482031583786 24.72231674194336 165.64944458007812 211.51483154296875 368.4507141113281
chair 0.1075439527630806 345.73345947265625 190.82420349121094 497.8635559082031 371.22723388671875
person 0.08180221170186996 306.67755126953125 85.88201904296875 388.8750915527344 206.85401916503906
person 0.06025053933262825 286.75653076171875 99.81185913085938 471.1053466796875 256.8261413574219
bottle 0.05225914344191551 320.22607421875 241.9835205078125 352.9949645996094 339.86090087890625
chair 0.05013739690184593 0.1338794231414795 331.3244934082031 77.40420532226562 373.7863464355469
