horse 0.8656750917434692 139.32029724121094 159.072998046875 210.91436767578125 258.4375305175781
horse 0.6855757832527161 202.3625946044922 176.0423583984375 246.13572692871094 257.05023193359375
horse 0.6706199645996094 226.50428771972656 176.1051483154297 269.15252685546875 248.79441833496094
horse 0.6313391923904419 287.3690185546875 169.46954345703125 346.98248291015625 241.5012969970703
horse 0.5767678022384644 341.8877868652344 174.4654083251953 392.6414794921875 253.2057342529297
horse 0.3577815294265747 253.06710815429688 168.90823364257812 311.0050354003906 259.1667785644531
person 0.33636343479156494 347.3846740722656 181.57089233398438 387.87255859375 253.15756225585938
horse 0.3033226728439331 167.37486267089844 172.59185791015625 218.07589721679688 258.5534362792969
horse 0.28336837887763977 137.70506286621094 159.20892333984375 198.17848205566406 206.49778747558594
cow 0.10079691559076309 343.3849792480469 175.73678588867188 393.3506164550781 249.50331115722656
horse 0.08998622745275497 245.7451171875 169.02593994140625 296.3059997558594 234.08200073242188
horse 0.06677217036485672 314.4167785644531 169.85549926757812 373.10247802734375 252.00926208496094
bicycle 0.06261931359767914 345.7049865722656 229.875 447.39776611328125 256.848388671875
sheep 0.06218354031443596 344.1728820800781 176.37161254882812 392.9136962890625 248.22970581054688
