bus 0.9984645843505859 2.707118272781372 59.44650650024414 444.11505126953125 361.74835205078125
person 0.9950174689292908 251.6661376953125 156.7509002685547 328.5341796875 349.4423828125
person 0.9750217199325562 379.068359375 175.43600463867188 439.15924072265625 319.4357604980469
bus 0.88178551197052 394.2361755371094 128.76812744140625 494.7949523925781 268.0213623046875
person 0.8258249759674072 469.9818420410156 197.35934448242188 496.09112548828125 270.2041015625
bus 0.7522850632667542 324.22698974609375 66.6228256225586 496.9569091796875 265.2433776855469
person 0.6185857057571411 490.7028503417969 188.7880401611328 499.45001220703125 233.22027587890625
motorbike 0.5600700974464417 450.0600891113281 210.93470764160156 483.9398193359375 276.4880065917969
bus 0.5364558100700378 424.78558349609375 133.75521850585938 497.3399963378906 207.53042602539062
person 0.4089520573616028 176.31675720214844 147.34535217285156 210.57901000976562 188.91558837890625
person 0.31786471605300903 457.1390380859375 207.60850524902344 470.6637878417969 223.34884643554688
person 0.2865740656852722 482.5479736328125 190.1683349609375 496.310302734375 232.05865478515625
bus 0.250427782535553 227.88323974609375 98.91265869140625 465.9697570800781 320.53021240234375
person 0.16737113893032074 147.03668212890625 141.39439392089844 204.63327026367188 187.28314208984375
bus 0.1551661491394043 66.08551788330078 31.722034454345703 479.68499755859375 195.60186767578125
bus 0.12933136522769928 435.4815979003906 160.1029052734375 500.0 243.78622436523438
person 0.125242218375206 486.8885192871094 189.15916442871094 498.8254089355469 255.79945373535156
person 0.11973641067743301 452.05816650390625 200.3620147705078 476.3909606933594 265.130615234375
person 0.11827732622623444 458.6523742675781 196.82040405273438 488.8397521972656 273.3495178222656
car 0.10931678116321564 447.5349426269531 195.6221923828125 483.7043151855469 275.0306091308594
person 0.08852603286504745 454.841552734375 205.15530395507812 472.6599426269531 229.99729919433594
car 0.07747500389814377 373.013671875 130.86270141601562 467.3091125488281 200.9722442626953
chair 0.074140265583992 421.1357727050781 128.31246948242188 449.3719787597656 173.22918701171875
bus 0.06032327562570572 0.0 31.734323501586914 224.3565673828125 355.97552490234375
