car 0.8614019751548767 0.22707290947437286 357.9285888671875 31.679357528686523 375.0
car 0.7528975009918213 95.80884552001953 361.9657897949219 149.14559936523438 375.0
car 0.7292511463165283 17.460416793823242 360.3902587890625 72.97713470458984 375.0
car 0.449063777923584 394.00823974609375 359.05426025390625 496.28240966796875 374.6134033203125
person 0.43595439195632935 91.44049835205078 354.92205810546875 100.1849594116211 374.2411193847656
person 0.2957206964492798 421.19110107421875 347.1146545410156 436.086669921875 367.9175720214844
car 0.2740827202796936 223.32095336914062 362.8434143066406 290.0509338378906 375.0
car 0.2207036167383194 5.581483840942383 358.3721618652344 52.97800827026367 375.0
car 0.1241755560040474 392.6067810058594 368.8297424316406 498.3082580566406 374.4757385253906
person 0.12192024290561676 54.82134246826172 345.365966796875 73.48656463623047 362.67138671875
pottedplant 0.12154944986104965 318.37982177734375 285.68768310546875 356.5904541015625 375.0
pottedplant 0.05325613543391228 449.2803955078125 336.35791015625 468.031982421875 360.714599609375
