dog 0.8702393770217896 187.64077758789062 117.84332275390625 446.460205078125 278.197509765625
sofa 0.7234638333320618 5.117964267730713 0.0 500.0 374.68475341796875
cat 0.6185360550880432 222.24075317382812 125.49433898925781 439.1835632324219 274.2362060546875
dog 0.23628850281238556 214.6287841796875 4.377021789550781 500.0 177.41635131835938
person 0.20744070410728455 1.6288399696350098 10.85723876953125 479.0574035644531 329.4280090332031
person 0.18347933888435364 214.41024780273438 116.095947265625 440.1201477050781 279.6490173339844
cat 0.17426235973834991 213.93980407714844 5.278501510620117 500.0 171.16880798339844
person 0.11536170542240143 139.93496704101562 6.2270379066467285 486.6463623046875 236.87501525878906
person 0.06154738366603851 476.37579345703125 122.70018005371094 498.74639892578125 374.758544921875
person 0.056286342442035675 1.223637580871582 6.402783393859863 231.36569213867188 191.5819854736328
sofa 0.05297692120075226 156.31106567382812 80.97344970703125 490.56829833984375 314.5688781738281
