person 0.9260144829750061 83.67498016357422 5.474498748779297 342.2672119140625 449.02581787109375
chair 0.4950690269470215 0.0 9.914448738098145 51.189208984375 239.13450622558594
chair 0.42173856496810913 5.42233943939209 133.5738983154297 375.0 500.0
person 0.31368863582611084 5.676770210266113 12.030166625976562 244.90968322753906 440.56048583984375
chair 0.30164846777915955 39.40837478637695 7.250873565673828 372.1174011230469 320.04986572265625
sofa 0.20077575743198395 4.712562561035156 144.39015197753906 375.0 490.376953125
chair 0.17441515624523163 0.0 204.57354736328125 50.410579681396484 341.7715759277344
chair 0.1031496673822403 0.0 10.799358367919922 237.51309204101562 429.7535400390625
person 0.09877612441778183 163.11444091796875 0.0 370.9872741699219 286.4505920410156
chair 0.09739267826080322 170.11538696289062 26.714561462402344 372.9670715332031 483.5487060546875
sofa 0.09423325955867767 17.666088104248047 0.0 375.0 331.9405517578125
bottle 0.08517122268676758 357.22882080078125 183.5477294921875 375.0 265.8816833496094
person 0.07666050642728806 3.352053165435791 84.67041015625 151.28634643554688 500.0
person 0.07201997190713882 295.5291442871094 83.41735076904297 373.4232177734375 499.6206359863281
