bicycle 0.9290490746498108 260.68682861328125 298.23748779296875 354.34344482421875 368.864013671875
boat 0.7554923295974731 0.4878321588039398 147.01011657714844 19.494239807128906 177.62400817871094
person 0.1616162806749344 287.8098449707031 182.63160705566406 300.7614440917969 207.97921752929688
bus 0.14278806746006012 288.3515319824219 153.3114013671875 340.7864074707031 214.17591857910156
bicycle 0.11050771921873093 258.630615234375 301.911865234375 321.8544006347656 353.9397277832031
motorbike 0.10836103558540344 285.33087158203125 184.24929809570312 302.1148376464844 217.92076110839844
pottedplant 0.09305603057146072 3.4769749641418457 119.32737731933594 119.4006118774414 369.92962646484375
pottedplant 0.08180924504995346 319.7776794433594 172.02566528320312 498.836669921875 375.0
boat 0.07179273664951324 0.6252274513244629 153.74017333984375 17.07216453552246 170.81427001953125
bicycle 0.06495417654514313 285.9087829589844 191.35012817382812 302.7331848144531 217.53663635253906
boat 0.051873788237571716 212.38992309570312 224.76116943359375 252.6689453125 248.52113342285156
