sofa 0.9907738566398621 0.0 22.092247009277344 500.0 365.03607177734375
cat 0.9445041418075562 284.7171325683594 81.19989013671875 434.88336181640625 259.9606628417969
dog 0.34661978483200073 287.4708557128906 81.53250885009766 440.4255065917969 262.0383605957031
sofa 0.313068687915802 0.0 193.6301727294922 488.7645568847656 368.0948486328125
boat 0.1146773174405098 14.812419891357422 197.3778533935547 487.8284912109375 373.34814453125
cat 0.09748512506484985 277.92230224609375 76.78550720214844 487.7993469238281 367.1657409667969
person 0.088503398001194 147.55267333984375 63.68561935424805 217.71958923339844 112.10543060302734
car 0.08181583136320114 0.0 203.1810302734375 484.2236328125 373.4275817871094
aeroplane 0.06316890567541122 0.0 198.43959045410156 500.0 375.0
train 0.0587395578622818 2.7186410427093506 216.062744140625 484.0802001953125 375.0
sofa 0.053626369684934616 252.5175323486328 53.76171112060547 500.0 375.0
bird 0.053595755249261856 281.7544250488281 78.9646224975586 439.536376953125 260.6575012207031
dog 0.05285407602787018 277.8529968261719 73.12356567382812 487.775634765625 366.7557067871094
