boat 0.9885315895080566 130.18609619140625 18.505216598510742 451.8189392089844 343.0190734863281
boat 0.9738223552703857 54.11972427368164 8.316204071044922 297.4642639160156 352.1388854980469
boat 0.9231838583946228 204.5867919921875 5.471217632293701 289.1117248535156 332.5458068847656
boat 0.9022303223609924 2.5068392753601074 0.0 117.50769805908203 368.0
boat 0.7565959095954895 249.75735473632812 18.67123031616211 371.2472839355469 324.62255859375
boat 0.6194872856140137 473.07086181640625 304.9465026855469 483.7419128417969 314.888671875
boat 0.6067048907279968 195.64064025878906 303.851318359375 247.1581573486328 320.688720703125
boat 0.5631184577941895 439.0080261230469 297.37908935546875 462.77374267578125 327.89788818359375
boat 0.361436128616333 260.7388610839844 303.2155456542969 290.9505310058594 317.1363525390625
boat 0.34396880865097046 38.52647018432617 295.5566101074219 255.40036010742188 337.52716064453125
boat 0.3378545045852661 61.76668930053711 93.90040588378906 197.3370361328125 331.3577880859375
boat 0.3095812201499939 177.47938537597656 303.7086181640625 436.8410949707031 338.80828857421875
boat 0.2644529640674591 191.30392456054688 172.31015014648438 262.056640625 323.80035400390625
bird 0.17853249609470367 437.8726806640625 296.647705078125 462.7224426269531 327.2845458984375
boat 0.15181300044059753 106.27979278564453 13.958883285522461 241.00021362304688 317.9416809082031
boat 0.13854336738586426 193.26319885253906 234.4152374267578 254.75973510742188 316.4992980957031
boat 0.11261315643787384 60.575862884521484 280.66021728515625 459.4162902832031 341.88128662109375
boat 0.09693066775798798 296.0926818847656 17.793569564819336 429.53363037109375 328.08349609375
boat 0.08806716650724411 190.92218017578125 147.21102905273438 439.21771240234375 339.0103454589844
aeroplane 0.0696558803319931 437.2144775390625 297.84906005859375 464.2223205566406 327.85809326171875
