bus 0.9977479577064514 37.79380416870117 34.78544235229492 314.2762145996094 427.3536071777344
bus 0.9895344376564026 1.9986445903778076 89.96036529541016 75.73726654052734 369.337890625
bus 0.9259469509124756 5.143805503845215 79.6475830078125 156.90463256835938 372.7516174316406
bus 0.8938143849372864 0.4707672595977783 207.6014404296875 52.7806282043457 372.822998046875
bus 0.7763928771018982 314.0207824707031 220.59039306640625 345.3675231933594 314.39788818359375
train 0.7737302184104919 314.2127990722656 230.68898010253906 345.8968200683594 309.970947265625
person 0.2446308135986328 9.881348609924316 261.4874572753906 28.995952606201172 285.6685791015625
bus 0.20418551564216614 295.10400390625 209.21295166015625 344.526611328125 371.21063232421875
car 0.1982356160879135 29.797466278076172 199.89517211914062 306.135498046875 423.71771240234375
bus 0.1827612668275833 0.5794264674186707 98.7347183227539 69.8219985961914 242.84368896484375
chair 0.18134954571723938 320.9226989746094 303.65673828125 346.3884582519531 354.4515686035156
chair 0.12593218684196472 305.57330322265625 303.1528015136719 344.79205322265625 364.4671325683594
bus 0.09056130051612854 44.33220672607422 177.99928283691406 169.9005584716797 308.1824035644531
bus 0.08879587799310684 62.70802307128906 190.19883728027344 266.517822265625 281.1418151855469
bus 0.08650059252977371 3.660374641418457 203.2093505859375 129.2675018310547 371.83984375
person 0.07222702354192734 31.870994567871094 263.20672607421875 48.29766845703125 283.49090576171875
train 0.05966254696249962 1.5468790531158447 98.79052734375 72.09249877929688 270.42266845703125
