sheep 0.9806164503097534 133.1955108642578 190.0597381591797 236.3409423828125 244.90771484375
sheep 0.9505828022956848 370.51019287109375 30.72496795654297 393.3722839355469 54.870277404785156
sheep 0.873899519443512 286.41436767578125 214.15895080566406 340.27166748046875 245.5400848388672
sheep 0.3731279969215393 483.7716369628906 45.081756591796875 499.7011413574219 66.71269989013672
cow 0.3169303834438324 483.3211669921875 45.180259704589844 499.5678405761719 66.64823150634766
cow 0.13273632526397705 286.8196105957031 213.641845703125 341.6749267578125 244.96653747558594
dog 0.10930909961462021 285.26513671875 214.5991973876953 341.4404296875 245.1968231201172
bird 0.061887890100479126 286.3023681640625 214.9280548095703 341.36962890625 245.03660583496094
dog 0.05687028542160988 483.4205627441406 45.21589279174805 500.0 66.15164947509766
cow 0.055479101836681366 134.34646606445312 188.45973205566406 239.2865753173828 245.84603881835938
