dog 0.965255856513977 32.06591796875 38.41947555541992 498.96044921875 318.3614196777344
cat 0.8540880084037781 3.780139446258545 38.05594253540039 391.2247314453125 311.1741027832031
cat 0.2646307051181793 239.61279296875 32.95365524291992 496.32879638671875 326.5259094238281
chair 0.13172981142997742 11.85777473449707 157.7621307373047 185.70008850097656 244.0867919921875
tvmonitor 0.09437227994203568 11.367016792297363 157.26930236816406 184.00209045410156 247.22996520996094
bottle 0.08124344795942307 189.16363525390625 27.80470085144043 241.22659301757812 79.54681396484375
dog 0.06260432302951813 0.8564360737800598 91.31365203857422 312.9339599609375 294.5157775878906
chair 0.058871231973171234 0.41938164830207825 161.752685546875 48.08293533325195 240.9541778564453
person 0.05850428342819214 3.9591031074523926 11.626138687133789 331.17572021484375 332.11419677734375
sofa 0.05540584400296211 0.0 158.3351287841797 255.89883422851562 322.8722229003906
