person 0.9774322509765625 52.807411193847656 13.208638191223145 282.6133117675781 375.92559814453125
tvmonitor 0.7976768016815186 375.78607177734375 117.23136138916016 493.9720458984375 245.5304718017578
chair 0.7381165027618408 42.329898834228516 115.07720184326172 279.1144104003906 345.4461975097656
chair 0.6878467798233032 33.81570816040039 111.3580093383789 157.5915985107422 350.67010498046875
chair 0.48951196670532227 195.21168518066406 118.40324401855469 282.3043518066406 311.8007507324219
chair 0.41092443466186523 391.0954895019531 196.489501953125 473.33355712890625 239.4702911376953
chair 0.3700294494628906 29.2547664642334 113.37642669677734 119.75904083251953 234.3125
pottedplant 0.2777172327041626 241.78038024902344 0.0 316.5671691894531 240.40895080566406
sofa 0.1637440323829651 32.4473762512207 89.2818374633789 281.7243957519531 354.8038635253906
person 0.12333223223686218 57.521766662597656 15.191048622131348 208.43199157714844 250.15652465820312
pottedplant 0.07737940549850464 246.1274871826172 109.64567565917969 309.1227722167969 220.5583038330078
chair 0.05297902598977089 37.17335891723633 119.01786041259766 267.0733947753906 232.57882690429688
