bus 0.9890963435173035 99.2652816772461 79.34971618652344 399.3907165527344 289.3359375
car 0.8579826354980469 0.03869985416531563 178.68006896972656 38.013145446777344 199.92593383789062
car 0.742696225643158 45.41072082519531 178.55384826660156 95.17839050292969 196.61654663085938
car 0.5406290292739868 424.16058349609375 174.3372039794922 438.1781921386719 186.4016876220703
car 0.5049309134483337 91.07019805908203 175.51686096191406 103.07731628417969 192.84727478027344
car 0.4731627106666565 423.04302978515625 173.60533142089844 453.1137390136719 186.07461547851562
car 0.18006877601146698 40.57686996459961 178.8818359375 56.14571762084961 196.46322631835938
car 0.12407545745372772 0.3693045675754547 170.98089599609375 31.612117767333984 191.8610076904297
car 0.08709689229726791 51.52987289428711 176.86497497558594 89.67288208007812 190.95281982421875
person 0.08123988658189774 123.69940185546875 149.35247802734375 139.2386932373047 172.0724334716797
car 0.06804989278316498 43.26677703857422 179.58956909179688 54.10783386230469 191.3011474609375
car 0.06709732115268707 99.23505401611328 90.3113784790039 396.08502197265625 290.94244384765625
