person 0.9927181005477905 253.23184204101562 14.389028549194336 429.915283203125 340.9195861816406
person 0.9909301400184631 45.98236083984375 30.64101219177246 219.30337524414062 351.4070739746094
chair 0.6627699732780457 304.7144775390625 105.16407775878906 476.3978576660156 326.5385437011719
bottle 0.5776910185813904 303.5723876953125 112.17290496826172 324.967041015625 148.23751831054688
car 0.5416311621665955 0.0 8.949165344238281 259.6785888671875 231.07138061523438
person 0.48506852984428406 452.57379150390625 9.213480949401855 498.4654235839844 282.8609313964844
chair 0.35508257150650024 6.413207530975342 117.75312805175781 218.3756103515625 330.1027526855469
boat 0.23705556988716125 23.903553009033203 82.48399353027344 462.97760009765625 332.7508239746094
boat 0.20827987790107727 221.66650390625 170.7134246826172 288.7609558105469 278.21575927734375
boat 0.18838925659656525 0.0 129.2720947265625 254.18234252929688 339.37030029296875
chair 0.1392318308353424 6.467937469482422 139.6588134765625 127.76010131835938 340.6864929199219
person 0.12784023582935333 388.8362121582031 89.7843246459961 476.4432067871094 299.1639404296875
tvmonitor 0.10823040455579758 227.70663452148438 8.799684524536133 319.0781555175781 140.66433715820312
car 0.10463211685419083 61.32875442504883 22.506736755371094 469.8114318847656 322.99078369140625
person 0.09574399143457413 14.850666999816895 26.492599487304688 163.30348205566406 302.7798767089844
boat 0.09466976672410965 0.0 7.753443717956543 392.74273681640625 261.6205749511719
person 0.09384988248348236 400.8050231933594 0.7405328750610352 493.7861022949219 256.86041259765625
tvmonitor 0.08670413494110107 227.56446838378906 119.94584655761719 302.4506530761719 136.3765106201172
chair 0.08359801769256592 19.358497619628906 143.9833984375 52.31560134887695 232.44979858398438
chair 0.08047644793987274 227.85455322265625 119.87519836425781 303.8751525878906 136.012939453125
boat 0.05606621131300926 188.96157836914062 129.93968200683594 344.71490478515625 314.48114013671875
