dog 0.9898855686187744 244.1345672607422 133.23016357421875 402.7643737792969 217.41452026367188
sofa 0.9858714938163757 0.0 50.87596893310547 415.8606872558594 315.02679443359375
dog 0.9833654761314392 15.656376838684082 126.64950561523438 284.7740478515625 268.1417236328125
sofa 0.45957425236701965 1.3486708402633667 73.08457946777344 367.12200927734375 183.21127319335938
person 0.32171523571014404 7.750212669372559 195.89492797851562 168.3102264404297 303.5419921875
person 0.23359209299087524 8.03956413269043 153.98143005371094 268.5934143066406 300.3464050292969
cat 0.21503512561321259 247.04696655273438 129.33688354492188 401.40545654296875 212.78797912597656
dog 0.2066485732793808 86.19575500488281 123.50320434570312 261.4226989746094 234.9056854248047
dog 0.20221616327762604 340.63604736328125 130.00180053710938 416.0074157714844 184.57139587402344
dog 0.1950961947441101 6.109062671661377 159.8623809814453 147.1427459716797 277.8278503417969
cat 0.1535293608903885 5.632797718048096 122.52193450927734 257.5271301269531 267.70977783203125
dog 0.127476304769516 3.303957462310791 158.7376708984375 105.7330322265625 224.3047332763672
cat 0.09758934378623962 8.157047271728516 159.4467010498047 102.4209213256836 220.26544189453125
cat 0.07607372850179672 3.598862886428833 158.160400390625 126.60208892822266 264.6036071777344
person 0.05761352553963661 2.5619163513183594 0.0 465.8173522949219 321.5382995605469
