person 0.9819338917732239 170.55154418945312 21.455825805664062 290.339599609375 370.928466796875
person 0.9750270247459412 293.5704345703125 57.451141357421875 375.4390869140625 302.1453552246094
person 0.9610605239868164 56.901302337646484 104.18986511230469 112.7234878540039 273.2521667480469
person 0.947338879108429 126.42373657226562 100.84777069091797 173.25685119628906 261.85504150390625
train 0.8242362141609192 4.195880889892578 0.0 263.9019775390625 277.2543029785156
person 0.394471675157547 283.1059265136719 91.16676330566406 315.764892578125 245.81689453125
sheep 0.26536208391189575 370.080078125 100.92815399169922 499.3848571777344 266.5622863769531
person 0.20350278913974762 271.1072692871094 103.9632339477539 299.9056701660156 238.98681640625
chair 0.13680213689804077 367.37713623046875 100.41072845458984 500.0 265.1781311035156
person 0.1253756433725357 65.831298828125 104.52721405029297 107.49497985839844 207.37060546875
bus 0.06241617351770401 0.0 2.5750064849853516 199.3944091796875 276.9718017578125
person 0.05780147761106491 62.937110900878906 186.3314971923828 121.61238098144531 274.5810241699219
