person 0.9841347336769104 287.4439697265625 182.0748748779297 374.1123962402344 265.0325927734375
tvmonitor 0.9314380288124084 245.5701446533203 40.81703567504883 429.10894775390625 174.70553588867188
tvmonitor 0.8731675744056702 18.595561981201172 52.24040603637695 197.58395385742188 303.0933837890625
person 0.8222020268440247 1.383380651473999 171.94029235839844 36.44150924682617 373.8226623535156
tvmonitor 0.7831109762191772 15.573562622070312 42.62464141845703 192.54696655273438 185.4685821533203
person 0.721491813659668 0.3697107434272766 173.22567749023438 30.058429718017578 285.5116271972656
person 0.6112924814224243 23.70611572265625 151.86009216308594 44.19955062866211 178.0830841064453
person 0.5877403020858765 263.9344787597656 148.853759765625 280.0968322753906 174.53639221191406
tvmonitor 0.3526245057582855 305.942626953125 235.4678192138672 365.5945739746094 267.20263671875
tvmonitor 0.33961573243141174 423.0693664550781 132.67588806152344 466.5840148925781 188.02586364746094
person 0.30567771196365356 427.7864990234375 139.10789489746094 457.3739929199219 179.06686401367188
tvmonitor 0.216837540268898 241.67626953125 1.158374547958374 412.6131896972656 54.01070785522461
tvmonitor 0.1876772940158844 419.9374084472656 70.02964782714844 481.98297119140625 134.1673583984375
person 0.11970093101263046 487.7129821777344 198.68319702148438 499.2265319824219 233.6597442626953
tvmonitor 0.11813147366046906 0.0 61.01197052001953 19.139127731323242 122.83300018310547
person 0.08206193894147873 489.230224609375 198.9788055419922 499.73126220703125 218.61045837402344
chair 0.057166144251823425 305.8468933105469 234.18603515625 364.682373046875 265.8526916503906
bottle 0.05576793849468231 448.3267822265625 201.78488159179688 470.01239013671875 291.8244323730469
