bus 0.99280846118927 35.688133239746094 85.20024108886719 226.5836639404297 265.246337890625
bus 0.9890220165252686 274.4208068847656 82.67488098144531 417.4613037109375 268.8946533203125
person 0.9731521010398865 447.0587463378906 211.62197875976562 494.49310302734375 327.567626953125
person 0.9532581567764282 173.10963439941406 178.33226013183594 204.1742706298828 267.6339111328125
person 0.951015055179596 294.4977111816406 158.4459686279297 318.1724548339844 186.17726135253906
train 0.8771335482597351 0.0 72.78103637695312 177.44952392578125 265.28173828125
car 0.7637947201728821 258.0897216796875 95.47911071777344 294.49871826171875 110.67686462402344
person 0.7558304667472839 68.01519012451172 152.98056030273438 96.03716278076172 185.90621948242188
bus 0.5890911221504211 424.5595703125 60.11764144897461 486.6513671875 76.60890197753906
train 0.5669543743133545 375.35888671875 63.11296463012695 500.0 285.1481018066406
person 0.533426821231842 349.0352783203125 162.97732543945312 368.4578857421875 188.33981323242188
bus 0.5214346051216125 0.0 68.16614532470703 134.32772827148438 252.90628051757812
train 0.2959563732147217 394.6216125488281 66.35569763183594 495.5240173339844 173.1763458251953
bus 0.2639946937561035 0.0 63.66147232055664 226.4226837158203 186.74105834960938
train 0.242287278175354 371.6715087890625 63.65028762817383 482.4229431152344 127.09260559082031
train 0.24097080528736115 0.0 65.024658203125 225.6476287841797 178.62167358398438
bus 0.22516918182373047 371.5517272949219 60.72945022583008 496.0296936035156 289.07373046875
car 0.15445539355278015 424.6040344238281 58.91657257080078 489.232666015625 75.92424011230469
car 0.11609021574258804 276.3985595703125 98.12151336669922 294.421875 113.34939575195312
person 0.10226176679134369 205.6595458984375 122.24075317382812 215.69366455078125 154.18824768066406
train 0.08229329437017441 273.4895935058594 80.45965576171875 418.6572570800781 267.334716796875
train 0.08204975724220276 1.6306943893432617 97.6206283569336 59.64072036743164 270.6808166503906
car 0.06752704083919525 294.5770568847656 87.34642791748047 366.8697509765625 104.34114074707031
person 0.052128639072179794 176.140380859375 177.0597686767578 204.11814880371094 221.9257354736328
bus 0.051999531686306 383.9013671875 58.556861877441406 491.3786926269531 132.49183654785156
