person 0.9904944896697998 231.84527587890625 162.68748474121094 351.6551208496094 372.84783935546875
person 0.9863839745521545 9.052892684936523 90.13246154785156 129.6214141845703 374.8190002441406
person 0.9847210049629211 288.8415832519531 95.44493865966797 497.89739990234375 375.0
boat 0.6399097442626953 37.87799835205078 46.56409454345703 489.7087097167969 375.0
boat 0.40464451909065247 12.696200370788574 181.11590576171875 290.2934265136719 373.7337646484375
aeroplane 0.3290761113166809 2.209031820297241 34.3131217956543 500.0 358.8222961425781
boat 0.16040422022342682 98.61363220214844 261.47967529296875 500.0 370.5926208496094
aeroplane 0.14429128170013428 0.0 15.565710067749023 487.44989013671875 110.09587097167969
sofa 0.12340302020311356 286.59552001953125 286.17462158203125 500.0 370.229248046875
chair 0.10537666827440262 329.5697326660156 268.0578308105469 500.0 371.23004150390625
aeroplane 0.08279148489236832 221.1457061767578 30.620756149291992 481.28570556640625 171.0045623779297
chair 0.0674145370721817 434.23828125 314.8567810058594 500.0 372.8755187988281
boat 0.06349718570709229 469.9223937988281 156.24832153320312 495.8475646972656 196.9385223388672
person 0.05849809572100639 349.8190002441406 216.79940795898438 386.1748352050781 307.4173278808594
tvmonitor 0.057279784232378006 322.5478210449219 117.23371887207031 361.2350769042969 142.6510467529297
car 0.05016477033495903 14.30492877960205 186.78907775878906 284.6243591308594 369.9341125488281
