train 0.9958763122558594 54.37593460083008 0.0 492.0967712402344 305.574462890625
person 0.9907183051109314 139.67520141601562 149.15811157226562 242.12869262695312 280.9893493652344
person 0.9595381617546082 5.2191290855407715 166.09359741210938 81.46623992919922 260.369140625
person 0.9537673592567444 66.64281463623047 146.3584747314453 143.1552276611328 243.69407653808594
person 0.9024744033813477 182.22567749023438 149.07192993164062 240.67115783691406 257.72186279296875
train 0.40938258171081543 28.1828556060791 0.0 463.5853271484375 92.28097534179688
person 0.280490517616272 138.13331604003906 197.7313995361328 220.58419799804688 279.303955078125
bus 0.11956337839365005 8.022263526916504 0.0 490.99102783203125 321.87725830078125
bus 0.11677928268909454 23.613704681396484 0.48505115509033203 462.8429870605469 96.1082992553711
boat 0.10087185353040695 22.835250854492188 0.0 482.40338134765625 93.41424560546875
train 0.08409381657838821 329.4296569824219 0.0 497.3212585449219 321.39862060546875
boat 0.0616462416946888 14.299402236938477 176.33319091796875 341.22235107421875 316.5469970703125
