dog 0.9939295053482056 151.6204833984375 82.11434173583984 353.7274169921875 282.22381591796875
person 0.9869821667671204 324.185791015625 0.8936342597007751 500.0 193.6824493408203
person 0.9587711691856384 106.26102447509766 1.0207111835479736 246.24737548828125 49.68480682373047
dog 0.5097556710243225 69.37937927246094 76.52725982666016 245.86106872558594 242.88031005859375
person 0.44168800115585327 1.9187959432601929 158.37884521484375 76.7346420288086 248.68035888671875
person 0.4213178753852844 102.61577606201172 1.7652919292449951 163.67713928222656 51.460121154785156
person 0.41131874918937683 143.43902587890625 3.756004571914673 500.0 200.39111328125
chair 0.19731369614601135 308.2705383300781 72.14847564697266 357.74835205078125 135.9691925048828
sofa 0.1862936019897461 1.7230771780014038 37.60448455810547 469.40325927734375 320.89093017578125
person 0.10172837227582932 44.894779205322266 46.329261779785156 427.2259216308594 290.5641174316406
pottedplant 0.09078018367290497 379.7573547363281 176.76284790039062 499.4966735839844 328.3400573730469
dog 0.06666198372840881 222.6900634765625 2.3665688037872314 500.0 224.2217254638672
cat 0.06038828566670418 64.86754608154297 73.81617736816406 188.86683654785156 243.97767639160156
person 0.055446330457925797 8.9055757522583 57.36647415161133 172.8619842529297 246.32827758789062
person 0.05310192331671715 2.378080368041992 83.19757080078125 91.49359893798828 242.74368286132812
person 0.05270916596055031 143.07647705078125 3.166591167449951 340.15606689453125 65.57872772216797
person 0.05020556226372719 189.138671875 1.8769859075546265 301.6866455078125 49.7668571472168
