person 0.9863320589065552 261.32830810546875 95.51139068603516 385.4017333984375 269.02056884765625
person 0.9850631952285767 0.4824339747428894 112.87661743164062 154.19090270996094 339.5174255371094
person 0.9636534452438354 187.98507690429688 102.10999298095703 280.48968505859375 289.3184509277344
person 0.9590728282928467 270.7253112792969 152.28858947753906 363.8041076660156 263.07720947265625
diningtable 0.9240652322769165 15.237146377563477 211.19471740722656 500.0 375.0
bottle 0.7704923748970032 354.1451110839844 241.4532012939453 376.10919189453125 303.3945617675781
bottle 0.7422826886177063 115.564208984375 298.5233459472656 144.4724578857422 375.0
chair 0.6127497553825378 376.0395812988281 158.8267822265625 434.68865966796875 241.7088623046875
chair 0.5279004573822021 85.36688995361328 217.81387329101562 153.23875427246094 292.1436462402344
bottle 0.5161075592041016 68.06059265136719 156.4525146484375 79.83658599853516 174.60934448242188
chair 0.2899914085865021 134.99581909179688 197.2742919921875 209.38754272460938 293.0166931152344
chair 0.19361379742622375 20.370891571044922 211.37466430664062 156.107177734375 327.14459228515625
chair 0.10547977685928345 96.73039245605469 196.84539794921875 189.8843231201172 293.2385559082031
person 0.09265364706516266 299.9274597167969 198.62606811523438 365.0296936035156 261.97930908203125
bottle 0.08813512325286865 76.55394744873047 156.67361450195312 85.29973602294922 173.90286254882812
bottle 0.0880860760807991 82.92195892333984 154.56216430664062 93.32019805908203 174.14016723632812
chair 0.0846257209777832 150.92677307128906 189.40501403808594 276.1712341308594 289.2980041503906
chair 0.05915762856602669 276.6588439941406 153.7083740234375 424.5290222167969 243.52020263671875
sofa 0.0563986599445343 3.0478501319885254 0.0 322.5089111328125 131.93170166015625
chair 0.05573781579732895 7.699590682983398 5.235865116119385 331.9793701171875 133.56631469726562
