person 0.9919790029525757 23.453506469726562 52.991580963134766 243.17315673828125 494.3362121582031
sofa 0.8660828471183777 0.0 307.50506591796875 343.4361572265625 486.394775390625
chair 0.4483180046081543 5.887104034423828 3.816086769104004 250.52789306640625 150.092529296875
chair 0.40439072251319885 71.86371612548828 5.880425930023193 350.0 172.2243194580078
person 0.4018224775791168 18.67369842529297 3.909670352935791 250.20289611816406 272.2645568847656
bottle 0.20152638852596283 264.57037353515625 126.64949798583984 303.5804138183594 158.6581573486328
chair 0.18418362736701965 61.729095458984375 0.9398284554481506 223.6060791015625 108.05931091308594
bottle 0.16026151180267334 261.2342834472656 126.52593994140625 322.1177978515625 172.4727783203125
chair 0.14755244553089142 124.54788208007812 307.8586730957031 340.75469970703125 493.0175476074219
chair 0.1381409913301468 196.1701202392578 0.0 350.0 211.89031982421875
chair 0.13389623165130615 284.0218505859375 310.22100830078125 349.6452941894531 499.18798828125
bottle 0.09908287972211838 270.2972717285156 131.0238800048828 287.0589904785156 150.5570526123047
bottle 0.09153442829847336 236.8751678466797 122.99374389648438 276.0059814453125 168.3767852783203
person 0.09004516154527664 27.527965545654297 274.0469970703125 243.0031280517578 493.4373779296875
person 0.08825095742940903 69.9643783569336 12.814737319946289 293.49493408203125 387.1891174316406
chair 0.08228571712970734 177.39370727539062 313.4151611328125 329.0403137207031 422.20001220703125
sofa 0.07181217521429062 6.939971923828125 424.1393737792969 344.41015625 498.8162841796875
chair 0.06759313493967056 8.331632614135742 304.7325134277344 349.2979736328125 428.99053955078125
chair 0.061042413115501404 240.6092529296875 442.0731201171875 303.9729309082031 498.9117736816406
chair 0.05534622445702553 18.963665008544922 426.52178955078125 335.6031188964844 497.08795166015625
bottle 0.05405498296022415 279.9009704589844 133.58348083496094 323.61083984375 165.71453857421875
