bus 0.9934651255607605 4.68851375579834 61.89085006713867 432.1419372558594 292.3572082519531
person 0.9219902753829956 318.0362854003906 138.49606323242188 370.74176025390625 188.5653533935547
bus 0.5493422746658325 0.5814496874809265 80.4572982788086 30.675785064697266 209.89682006835938
bus 0.45666345953941345 0.30570361018180847 172.29104614257812 15.91074275970459 203.173583984375
bus 0.38142722845077515 2.29817795753479 81.78714752197266 59.6941032409668 206.5898895263672
person 0.31849557161331177 297.0063781738281 110.52320861816406 340.06610107421875 184.40493774414062
bus 0.285438597202301 2.4869394302368164 83.0197525024414 127.14214324951172 206.52880859375
bus 0.24200250208377838 0.019775770604610443 124.1316909790039 15.436498641967773 201.02777099609375
car 0.2378246933221817 1.0055346488952637 178.28175354003906 15.113049507141113 202.9186553955078
bus 0.13033103942871094 8.369545936584473 66.76245880126953 172.8914031982422 249.2827606201172
train 0.08416127413511276 0.2107897698879242 79.10796356201172 30.029598236083984 202.61294555664062
bus 0.07675240188837051 234.7487335205078 67.20460510253906 429.3138122558594 293.0350646972656
