person 0.925932765007019 148.16015625 65.1184310913086 357.6430969238281 355.0
sheep 0.907059907913208 344.6321105957031 43.27937698364258 377.2855529785156 64.88548278808594
sheep 0.896332859992981 152.15199279785156 49.89829635620117 177.54811096191406 75.64372253417969
cow 0.8887976408004761 197.74537658691406 136.42970275878906 500.0 355.0
cow 0.8116360306739807 33.09885025024414 148.46563720703125 292.7737731933594 355.0
sheep 0.7138989567756653 29.781951904296875 61.385292053222656 54.81991958618164 78.5264892578125
cow 0.7030581831932068 89.27838897705078 96.49661254882812 416.5884094238281 355.0
sheep 0.6902464628219604 255.03909301757812 30.1976261138916 290.795654296875 51.03270721435547
sheep 0.4907231628894806 445.89447021484375 6.829032897949219 472.6667785644531 26.093685150146484
sheep 0.4155505895614624 313.6175231933594 5.955389022827148 334.4473876953125 21.10065269470215
sheep 0.21684816479682922 25.350914001464844 155.11512756347656 212.30966186523438 353.3695983886719
cow 0.14463992416858673 82.91229248046875 164.9390106201172 211.31809997558594 355.0
sheep 0.13386675715446472 469.0536193847656 0.9768301248550415 487.31060791015625 14.328657150268555
horse 0.09402722120285034 198.48196411132812 147.90625 484.44915771484375 355.0
sheep 0.09201641380786896 348.9803771972656 165.7910614013672 379.0531005859375 189.43568420410156
sheep 0.06626713275909424 425.48016357421875 19.24364471435547 449.1142578125 29.93913459777832
