chair 0.9916049242019653 60.630897521972656 43.04093551635742 307.4420471191406 450.9198913574219
person 0.7901922464370728 47.921783447265625 19.250808715820312 241.53338623046875 205.15359497070312
person 0.6793741583824158 46.586299896240234 22.722484588623047 119.59001922607422 210.4803009033203
chair 0.3994259238243103 134.11343383789062 51.258827209472656 283.5928955078125 321.267578125
diningtable 0.12038695067167282 267.0547790527344 40.05421447753906 333.31640625 217.63031005859375
chair 0.10515977442264557 261.5607604980469 50.8158073425293 336.899169921875 216.95562744140625
chair 0.1009225845336914 47.07164001464844 24.95660972595215 249.1195068359375 227.8086395263672
person 0.08829523622989655 9.552898406982422 17.90993309020996 139.43856811523438 236.12420654296875
chair 0.07385082542896271 66.8544921875 204.8601531982422 271.03228759765625 452.725830078125
chair 0.07190941274166107 201.55282592773438 47.490718841552734 340.98150634765625 301.5492248535156
chair 0.06277282536029816 305.8990783691406 42.76118469238281 374.4476623535156 205.70169067382812
diningtable 0.05182185396552086 182.89227294921875 45.18694305419922 344.7964172363281 295.71258544921875
